# # theta [arcmin], log_e(xim)
5.000000000000000000e-01 -1.152077468969363316e+01
5.500000000000000444e-01 -1.149690744124043817e+01
6.049999999999999822e-01 -1.147384033793140645e+01
6.660000000000000364e-01 -1.145150116298322907e+01
7.319999999999999840e-01 -1.143047488930818290e+01
8.050000000000000488e-01 -1.141031292153195231e+01
8.860000000000000098e-01 -1.139109640330515738e+01
9.739999999999999769e-01 -1.137335310578221836e+01
1.072000000000000064e+00 -1.135677849334574674e+01
1.179000000000000048e+00 -1.134187805655599490e+01
1.296999999999999931e+00 -1.132857347090986799e+01
1.427000000000000046e+00 -1.131699526062948635e+01
1.568999999999999950e+00 -1.130737089687114860e+01
1.725999999999999979e+00 -1.129975225270935013e+01
1.899000000000000021e+00 -1.129436600456419804e+01
2.088999999999999968e+00 -1.129142165730111813e+01
2.297000000000000153e+00 -1.129100826531792023e+01
2.527000000000000135e+00 -1.129325192719530158e+01
2.779999999999999805e+00 -1.129832631329381165e+01
3.057999999999999829e+00 -1.130639596586509832e+01
3.363999999999999879e+00 -1.131764819701605873e+01
3.700000000000000178e+00 -1.133221520561904860e+01
4.070000000000000284e+00 -1.135020220634907062e+01
4.477000000000000313e+00 -1.137168288015685214e+01
4.924999999999999822e+00 -1.139679267911622063e+01
5.416999999999999815e+00 -1.142558056027381497e+01
5.958999999999999631e+00 -1.145823843582054735e+01
6.554999999999999716e+00 -1.149477911049772061e+01
7.209999999999999964e+00 -1.153511974599149426e+01
7.932000000000000384e+00 -1.157937332774097783e+01
8.724999999999999645e+00 -1.162736137101994949e+01
9.596999999999999531e+00 -1.167909268846558746e+01
1.055700000000000038e+01 -1.173459797379817893e+01
1.161299999999999955e+01 -1.179372395042901722e+01
1.277399999999999913e+01 -1.185620735474008747e+01
1.405100000000000016e+01 -1.192191076167847363e+01
1.545599999999999952e+01 -1.199067550029649887e+01
1.700199999999999889e+01 -1.206227485814455669e+01
1.870200000000000173e+01 -1.213645479604932831e+01
2.057199999999999918e+01 -1.221291721625311055e+01
2.262999999999999901e+01 -1.229130291871821612e+01
2.489300000000000068e+01 -1.237120628452107596e+01
2.738200000000000145e+01 -1.245230623174862217e+01
3.012000000000000099e+01 -1.253422482997568466e+01
3.313199999999999790e+01 -1.261664155590739789e+01
3.644500000000000028e+01 -1.269910124665233653e+01
4.009000000000000341e+01 -1.278120179582490934e+01
4.409899999999999665e+01 -1.286258129004233375e+01
4.850900000000000034e+01 -1.294291803628923532e+01
5.335900000000000176e+01 -1.302188882866641428e+01
5.869500000000000028e+01 -1.309936976827890653e+01
6.456499999999999773e+01 -1.317513249712865431e+01
7.102100000000000080e+01 -1.324902300620159323e+01
7.812399999999999523e+01 -1.332113448932935640e+01
8.593600000000000705e+01 -1.339156919199517226e+01
9.453000000000000114e+01 -1.346047876325614112e+01
1.039830000000000041e+02 -1.352813703310840765e+01
1.143810000000000002e+02 -1.359475385290260796e+01
1.258190000000000026e+02 -1.366068353547971270e+01
1.384010000000000105e+02 -1.372626692431445505e+01
1.522410000000000139e+02 -1.379196396766031540e+01
1.674650000000000034e+02 -1.385831420215591336e+01
1.842110000000000127e+02 -1.392593386796456301e+01
2.026330000000000098e+02 -1.399539289208215287e+01
2.228959999999999866e+02 -1.406733294380520860e+01
2.451850000000000023e+02 -1.414225090343011715e+01
2.697040000000000077e+02 -1.422035226043012202e+01
2.966739999999999782e+02 -1.430153837142133533e+01
3.263419999999999845e+02 -1.438553980322937775e+01
3.589759999999999991e+02 -1.447204542428750607e+01
3.948729999999999905e+02 -1.456090791162685250e+01
