# # theta [arcmin], log_e(xip)
5.000000000000000000e-01 -8.967688354273930074e+00
5.500000000000000444e-01 -9.015690949869044957e+00
6.049999999999999822e-01 -9.065853089885623106e+00
6.660000000000000364e-01 -9.118652198269089126e+00
7.319999999999999840e-01 -9.172826884534520886e+00
8.050000000000000488e-01 -9.229595773027959638e+00
8.860000000000000098e-01 -9.289172562621185847e+00
9.739999999999999769e-01 -9.350311426213703925e+00
1.072000000000000064e+00 -9.414530921529673080e+00
1.179000000000000048e+00 -9.480556138978723624e+00
1.296999999999999931e+00 -9.549004629320355875e+00
1.427000000000000046e+00 -9.619734739523449818e+00
1.568999999999999950e+00 -9.692051952585464036e+00
1.725999999999999979e+00 -9.766729595872346792e+00
1.899000000000000021e+00 -9.843384478466784770e+00
2.088999999999999968e+00 -9.921627898188289052e+00
2.297000000000000153e+00 -1.000103731834203025e+01
2.527000000000000135e+00 -1.008220042845835884e+01
2.779999999999999805e+00 -1.016446667675345417e+01
3.057999999999999829e+00 -1.024752948716688827e+01
3.363999999999999879e+00 -1.033131453401877131e+01
3.700000000000000178e+00 -1.041542612873731599e+01
4.070000000000000284e+00 -1.049987324331537586e+01
4.477000000000000313e+00 -1.058434022129021557e+01
4.924999999999999822e+00 -1.066870060713680068e+01
5.416999999999999815e+00 -1.075263004654763677e+01
5.958999999999999631e+00 -1.083630154471307705e+01
6.554999999999999716e+00 -1.091953729560600372e+01
7.209999999999999964e+00 -1.100224845224631132e+01
7.932000000000000384e+00 -1.108472869006000394e+01
8.724999999999999645e+00 -1.116676530816013901e+01
9.596999999999999531e+00 -1.124861386701870458e+01
1.055700000000000038e+01 -1.133059807485995485e+01
1.161299999999999955e+01 -1.141291996183264246e+01
1.277399999999999913e+01 -1.149575866134836311e+01
1.405100000000000016e+01 -1.157945711774233644e+01
1.545599999999999952e+01 -1.166437075765967890e+01
1.700199999999999889e+01 -1.175084020004821284e+01
1.870200000000000173e+01 -1.183919771873561189e+01
2.057199999999999918e+01 -1.192984219330270790e+01
2.262999999999999901e+01 -1.202313078116674561e+01
2.489300000000000068e+01 -1.211933418911330840e+01
2.738200000000000145e+01 -1.221883838192073846e+01
3.012000000000000099e+01 -1.232199788296284559e+01
3.313199999999999790e+01 -1.242920794687841379e+01
3.644500000000000028e+01 -1.254078399342634498e+01
4.009000000000000341e+01 -1.265705387334541321e+01
4.409899999999999665e+01 -1.277830215299161765e+01
4.850900000000000034e+01 -1.290483596712845049e+01
5.335900000000000176e+01 -1.303691163267571795e+01
5.869500000000000028e+01 -1.317495488252394509e+01
6.456499999999999773e+01 -1.331922411774943882e+01
7.102100000000000080e+01 -1.346989949364406769e+01
7.812399999999999523e+01 -1.362739001450893461e+01
8.593600000000000705e+01 -1.379197373499269119e+01
9.453000000000000114e+01 -1.396395917549187793e+01
1.039830000000000041e+02 -1.414375646381831508e+01
1.143810000000000002e+02 -1.433161140461762351e+01
1.258190000000000026e+02 -1.452783301464630483e+01
1.384010000000000105e+02 -1.473265265214449293e+01
1.522410000000000139e+02 -1.494647518516558371e+01
1.674650000000000034e+02 -1.516985790293586689e+01
1.842110000000000127e+02 -1.540388242586370104e+01
2.026330000000000098e+02 -1.564967452320782471e+01
2.228959999999999866e+02 -1.590929040358539126e+01
2.451850000000000023e+02 -1.618568083513070377e+01
2.697040000000000077e+02 -1.648286555658399877e+01
2.966739999999999782e+02 -1.680673401154126978e+01
3.263419999999999845e+02 -1.716677928093076488e+01
3.589759999999999991e+02 -1.757634283132012598e+01
3.948729999999999905e+02 -1.806151719915106568e+01
