# # theta [arcmin], log_e(xim)
5.000000000000000000e-01 -1.185291018313853328e+01
5.500000000000000444e-01 -1.182953980131303773e+01
6.049999999999999822e-01 -1.180750446665414088e+01
6.660000000000000364e-01 -1.178678865945184384e+01
7.319999999999999840e-01 -1.176796624175766226e+01
8.050000000000000488e-01 -1.175066438740264374e+01
8.860000000000000098e-01 -1.173501632056305688e+01
9.739999999999999769e-01 -1.172150385511020509e+01
1.072000000000000064e+00 -1.170995095671188224e+01
1.179000000000000048e+00 -1.170079116214763992e+01
1.296999999999999931e+00 -1.169401386241780649e+01
1.427000000000000046e+00 -1.168975083351642752e+01
1.568999999999999950e+00 -1.168816305242872566e+01
1.725999999999999979e+00 -1.168938917251365162e+01
1.899000000000000021e+00 -1.169361351666039894e+01
2.088999999999999968e+00 -1.170098605857709551e+01
2.297000000000000153e+00 -1.171151653546328397e+01
2.527000000000000135e+00 -1.172538912489261698e+01
2.779999999999999805e+00 -1.174265666728813784e+01
3.057999999999999829e+00 -1.176339692008144588e+01
3.363999999999999879e+00 -1.178773382704407169e+01
3.700000000000000178e+00 -1.181567840118918156e+01
4.070000000000000284e+00 -1.184726527682609998e+01
4.477000000000000313e+00 -1.188244135929444667e+01
4.924999999999999822e+00 -1.192123466367253393e+01
5.416999999999999815e+00 -1.196353863027880493e+01
5.958999999999999631e+00 -1.200945871306962509e+01
6.554999999999999716e+00 -1.205885543244182401e+01
7.209999999999999964e+00 -1.211149691718748755e+01
7.932000000000000384e+00 -1.216740727886090134e+01
8.724999999999999645e+00 -1.222622821110173952e+01
9.596999999999999531e+00 -1.228784728546625260e+01
1.055700000000000038e+01 -1.235217552924889617e+01
1.161299999999999955e+01 -1.241892236063949895e+01
1.277399999999999913e+01 -1.248769339165852621e+01
1.405100000000000016e+01 -1.255824090271132221e+01
1.545599999999999952e+01 -1.263029466988095351e+01
1.700199999999999889e+01 -1.270351653870532260e+01
1.870200000000000173e+01 -1.277755810006576098e+01
2.057199999999999918e+01 -1.285204620591939673e+01
2.262999999999999901e+01 -1.292657581231333985e+01
2.489300000000000068e+01 -1.300071936049361199e+01
2.738200000000000145e+01 -1.307416719913340764e+01
3.012000000000000099e+01 -1.314659510871679515e+01
3.313199999999999790e+01 -1.321777411226414323e+01
3.644500000000000028e+01 -1.328739959025000950e+01
4.009000000000000341e+01 -1.335526753382077558e+01
4.409899999999999665e+01 -1.342125605452080883e+01
4.850900000000000034e+01 -1.348531871608593846e+01
5.335900000000000176e+01 -1.354746171215777295e+01
5.869500000000000028e+01 -1.360788275575287543e+01
6.456499999999999773e+01 -1.366671131442115517e+01
7.102100000000000080e+01 -1.372413447019832589e+01
7.812399999999999523e+01 -1.378054600480824732e+01
8.593600000000000705e+01 -1.383633182389667304e+01
9.453000000000000114e+01 -1.389189464157241183e+01
1.039830000000000041e+02 -1.394769542898462156e+01
1.143810000000000002e+02 -1.400408772032275984e+01
1.258190000000000026e+02 -1.406150381169647190e+01
1.384010000000000105e+02 -1.412035832148654002e+01
1.522410000000000139e+02 -1.418114177556620525e+01
1.674650000000000034e+02 -1.424438345315470933e+01
1.842110000000000127e+02 -1.431064772499360949e+01
2.026330000000000098e+02 -1.438037728297130080e+01
2.228959999999999866e+02 -1.445398226017453069e+01
2.451850000000000023e+02 -1.453166089405120864e+01
2.697040000000000077e+02 -1.461334070599189161e+01
2.966739999999999782e+02 -1.469882430711159138e+01
3.263419999999999845e+02 -1.478792068482193578e+01
3.589759999999999991e+02 -1.488037032606128562e+01
3.948729999999999905e+02 -1.497610783082227748e+01
