# # theta [arcmin], log_e(xim)
5.000000000000000000e-01 -1.193991650240691804e+01
5.500000000000000444e-01 -1.190715305120916412e+01
6.049999999999999822e-01 -1.187485246254310489e+01
6.660000000000000364e-01 -1.184283551988024108e+01
7.319999999999999840e-01 -1.181189662000350893e+01
8.050000000000000488e-01 -1.178134152466589768e+01
8.860000000000000098e-01 -1.175118252719094158e+01
9.739999999999999769e-01 -1.172214256602774363e+01
1.072000000000000064e+00 -1.169360321355748766e+01
1.179000000000000048e+00 -1.166626349175610144e+01
1.296999999999999931e+00 -1.163989205315443165e+01
1.427000000000000046e+00 -1.161459745826489787e+01
1.568999999999999950e+00 -1.159069416017111287e+01
1.725999999999999979e+00 -1.156802959030643230e+01
1.899000000000000021e+00 -1.154685036174599055e+01
2.088999999999999968e+00 -1.152738662533465863e+01
2.297000000000000153e+00 -1.150976446619509019e+01
2.527000000000000135e+00 -1.149392217666820137e+01
2.779999999999999805e+00 -1.148011370690394628e+01
3.057999999999999829e+00 -1.146851535544078438e+01
3.363999999999999879e+00 -1.145928138584354272e+01
3.700000000000000178e+00 -1.145259641624298119e+01
4.070000000000000284e+00 -1.144852351565816484e+01
4.477000000000000313e+00 -1.144718735113177388e+01
4.924999999999999822e+00 -1.144873919336524004e+01
5.416999999999999815e+00 -1.145332254138030770e+01
5.958999999999999631e+00 -1.146110371024244401e+01
6.554999999999999716e+00 -1.147219915502759591e+01
7.209999999999999964e+00 -1.148662244246918185e+01
7.932000000000000384e+00 -1.150448716775309776e+01
8.724999999999999645e+00 -1.152580798950465102e+01
9.596999999999999531e+00 -1.155066928526686532e+01
1.055700000000000038e+01 -1.157918119299729653e+01
1.161299999999999955e+01 -1.161133596580694238e+01
1.277399999999999913e+01 -1.164703210873425121e+01
1.405100000000000016e+01 -1.168625877733014562e+01
1.545599999999999952e+01 -1.172900626632462284e+01
1.700199999999999889e+01 -1.177522703140328275e+01
1.870200000000000173e+01 -1.182485911061788819e+01
2.057199999999999918e+01 -1.187778697040390163e+01
2.262999999999999901e+01 -1.193383787060756873e+01
2.489300000000000068e+01 -1.199281831173659008e+01
2.738200000000000145e+01 -1.205459490625636043e+01
3.012000000000000099e+01 -1.211898453815106258e+01
3.313199999999999790e+01 -1.218583266290738720e+01
3.644500000000000028e+01 -1.225483042022415070e+01
4.009000000000000341e+01 -1.232566326388026390e+01
4.409899999999999665e+01 -1.239801868947012409e+01
4.850900000000000034e+01 -1.247157400554036677e+01
5.335900000000000176e+01 -1.254592446651869508e+01
5.869500000000000028e+01 -1.262076327822703981e+01
6.456499999999999773e+01 -1.269557164048176645e+01
7.102100000000000080e+01 -1.276982412365501851e+01
7.812399999999999523e+01 -1.284314691230334660e+01
8.593600000000000705e+01 -1.291511427626903341e+01
9.453000000000000114e+01 -1.298527892936359507e+01
1.039830000000000041e+02 -1.305325111304498975e+01
1.143810000000000002e+02 -1.311859996792184546e+01
1.258190000000000026e+02 -1.318126713700386432e+01
1.384010000000000105e+02 -1.324148480831219210e+01
1.522410000000000139e+02 -1.329982277368144139e+01
1.674650000000000034e+02 -1.335700401768551693e+01
1.842110000000000127e+02 -1.341367536336124466e+01
2.026330000000000098e+02 -1.346986976700177507e+01
2.228959999999999866e+02 -1.352478462276656224e+01
2.451850000000000023e+02 -1.357666532577123775e+01
2.697040000000000077e+02 -1.362318999163399091e+01
2.966739999999999782e+02 -1.366249852615068860e+01
3.263419999999999845e+02 -1.369409678807420327e+01
3.589759999999999991e+02 -1.371867245511999478e+01
3.948729999999999905e+02 -1.373798671226938417e+01
