# # theta [arcmin], log_e(xim)
5.000000000000000000e-01 -1.109664241569291931e+01
5.500000000000000444e-01 -1.107092401263613013e+01
6.049999999999999822e-01 -1.104637278340075213e+01
6.660000000000000364e-01 -1.102294275340918084e+01
7.319999999999999840e-01 -1.100126838695813980e+01
8.050000000000000488e-01 -1.098091052874167239e+01
8.860000000000000098e-01 -1.096198779463740181e+01
9.739999999999999769e-01 -1.094504789969893288e+01
1.072000000000000064e+00 -1.092983090189241757e+01
1.179000000000000048e+00 -1.091684330304400241e+01
1.296999999999999931e+00 -1.090604284942431867e+01
1.427000000000000046e+00 -1.089757551505543276e+01
1.568999999999999950e+00 -1.089165029664807882e+01
1.725999999999999979e+00 -1.088837034337616316e+01
1.899000000000000021e+00 -1.088795381144280761e+01
2.088999999999999968e+00 -1.089058869948648223e+01
2.297000000000000153e+00 -1.089632785021399819e+01
2.527000000000000135e+00 -1.090533780676019227e+01
2.779999999999999805e+00 -1.091773130343969633e+01
3.057999999999999829e+00 -1.093362638458983938e+01
3.363999999999999879e+00 -1.095317825709935455e+01
3.700000000000000178e+00 -1.097644554483851387e+01
4.070000000000000284e+00 -1.100349080815037794e+01
4.477000000000000313e+00 -1.103430531479250298e+01
4.924999999999999822e+00 -1.106895207691624350e+01
5.416999999999999815e+00 -1.110736836109380477e+01
5.958999999999999631e+00 -1.114968055062969832e+01
6.554999999999999716e+00 -1.119578168236882831e+01
7.209999999999999964e+00 -1.124546650820748184e+01
7.932000000000000384e+00 -1.129876130802060885e+01
8.724999999999999645e+00 -1.135532958381322111e+01
9.596999999999999531e+00 -1.141505764961504532e+01
1.055700000000000038e+01 -1.147784793835753270e+01
1.161299999999999955e+01 -1.154339941483164722e+01
1.277399999999999913e+01 -1.161129955375357881e+01
1.405100000000000016e+01 -1.168127536156242385e+01
1.545599999999999952e+01 -1.175303004474946356e+01
1.700199999999999889e+01 -1.182620093893426194e+01
1.870200000000000173e+01 -1.190041638105754274e+01
2.057199999999999918e+01 -1.197528605678161640e+01
2.262999999999999901e+01 -1.205039421901669350e+01
2.489300000000000068e+01 -1.212531843718712565e+01
2.738200000000000145e+01 -1.219976875685399520e+01
3.012000000000000099e+01 -1.227345595591300054e+01
3.313199999999999790e+01 -1.234620704725970697e+01
3.644500000000000028e+01 -1.241778799817997481e+01
4.009000000000000341e+01 -1.248808256841410369e+01
4.409899999999999665e+01 -1.255706576166719834e+01
4.850900000000000034e+01 -1.262479808450242480e+01
5.335900000000000176e+01 -1.269138713000157637e+01
5.869500000000000028e+01 -1.275713363036392067e+01
6.456499999999999773e+01 -1.282225582199541769e+01
7.102100000000000080e+01 -1.288701105732979180e+01
7.812399999999999523e+01 -1.295185380827173383e+01
8.593600000000000705e+01 -1.301720818282343295e+01
9.453000000000000114e+01 -1.308349320645301717e+01
1.039830000000000041e+02 -1.315116725467345127e+01
1.143810000000000002e+02 -1.322055961787813771e+01
1.258190000000000026e+02 -1.329207635743528471e+01
1.384010000000000105e+02 -1.336608662035102313e+01
1.522410000000000139e+02 -1.344301777822111355e+01
1.674650000000000034e+02 -1.352330523087040071e+01
1.842110000000000127e+02 -1.360736856952246931e+01
2.026330000000000098e+02 -1.369542085138663623e+01
2.228959999999999866e+02 -1.378761332954703889e+01
2.451850000000000023e+02 -1.388396810847535612e+01
2.697040000000000077e+02 -1.398442436174263293e+01
2.966739999999999782e+02 -1.408892739773321345e+01
3.263419999999999845e+02 -1.419745569197342761e+01
3.589759999999999991e+02 -1.430991934511943775e+01
3.948729999999999905e+02 -1.442636961522273253e+01
