# # theta [arcmin], log_e(xim)
5.000000000000000000e-01 -1.129029884724316624e+01
5.500000000000000444e-01 -1.126651470671767186e+01
6.049999999999999822e-01 -1.124401574572928553e+01
6.660000000000000364e-01 -1.122278217380360310e+01
7.319999999999999840e-01 -1.120340093532587744e+01
8.050000000000000488e-01 -1.118548820683644252e+01
8.860000000000000098e-01 -1.116917690794967122e+01
9.739999999999999769e-01 -1.115496574670759244e+01
1.072000000000000064e+00 -1.114266620704121102e+01
1.179000000000000048e+00 -1.113273167020075149e+01
1.296999999999999931e+00 -1.112515125542769567e+01
1.427000000000000046e+00 -1.112006816902615469e+01
1.568999999999999950e+00 -1.111765885183873515e+01
1.725999999999999979e+00 -1.111806640264928880e+01
1.899000000000000021e+00 -1.112149167027504149e+01
2.088999999999999968e+00 -1.112810261655088695e+01
2.297000000000000153e+00 -1.113792781180346303e+01
2.527000000000000135e+00 -1.115116218858013397e+01
2.779999999999999805e+00 -1.116788291576125225e+01
3.057999999999999829e+00 -1.118818463008197206e+01
3.363999999999999879e+00 -1.121221142863891451e+01
3.700000000000000178e+00 -1.123999110743872798e+01
4.070000000000000284e+00 -1.127157506874746318e+01
4.477000000000000313e+00 -1.130692481715549391e+01
4.924999999999999822e+00 -1.134607970969843116e+01
5.416999999999999815e+00 -1.138894036858185288e+01
5.958999999999999631e+00 -1.143561818748452730e+01
6.554999999999999716e+00 -1.148597296881697893e+01
7.209999999999999964e+00 -1.153976442932645696e+01
7.932000000000000384e+00 -1.159700873305797408e+01
8.724999999999999645e+00 -1.165732495918495637e+01
9.596999999999999531e+00 -1.172057898369479290e+01
1.055700000000000038e+01 -1.178665506083212833e+01
1.161299999999999955e+01 -1.185522874915370473e+01
1.277399999999999913e+01 -1.192586664942534114e+01
1.405100000000000016e+01 -1.199828527920469945e+01
1.545599999999999952e+01 -1.207217866864726830e+01
1.700199999999999889e+01 -1.214717695274467424e+01
1.870200000000000173e+01 -1.222290532349523318e+01
2.057199999999999918e+01 -1.229897947569429562e+01
2.262999999999999901e+01 -1.237499603990094243e+01
2.489300000000000068e+01 -1.245054862368742299e+01
2.738200000000000145e+01 -1.252536978221521302e+01
3.012000000000000099e+01 -1.259919968164985882e+01
3.313199999999999790e+01 -1.267189654204160654e+01
3.644500000000000028e+01 -1.274326380544314752e+01
4.009000000000000341e+01 -1.281322526588350108e+01
4.409899999999999665e+01 -1.288179531839778669e+01
4.850900000000000034e+01 -1.294906953137504679e+01
5.335900000000000176e+01 -1.301519559583580232e+01
5.869500000000000028e+01 -1.308050575932731796e+01
6.456499999999999773e+01 -1.314525029624136110e+01
7.102100000000000080e+01 -1.320971208401046937e+01
7.812399999999999523e+01 -1.327436719671998411e+01
8.593600000000000705e+01 -1.333965471139615566e+01
9.453000000000000114e+01 -1.340600562096443404e+01
1.039830000000000041e+02 -1.347388590358832516e+01
1.143810000000000002e+02 -1.354363017723623841e+01
1.258190000000000026e+02 -1.361563890892743345e+01
1.384010000000000105e+02 -1.369026653592812792e+01
1.522410000000000139e+02 -1.376791062564935864e+01
1.674650000000000034e+02 -1.384896579545984530e+01
1.842110000000000127e+02 -1.393382415934576279e+01
2.026330000000000098e+02 -1.402271001951413254e+01
2.228959999999999866e+02 -1.411583001349603173e+01
2.451850000000000023e+02 -1.421325663459845678e+01
2.697040000000000077e+02 -1.431494184445143603e+01
2.966739999999999782e+02 -1.442082856268990732e+01
3.263419999999999845e+02 -1.453083075296956928e+01
3.589759999999999991e+02 -1.464476891306929573e+01
3.948729999999999905e+02 -1.476266857026429768e+01
