# # theta [arcmin], log_e(xip)
5.000000000000000000e-01 -9.527954917809205782e+00
5.500000000000000444e-01 -9.572854042438299516e+00
6.049999999999999822e-01 -9.619721337054459198e+00
6.660000000000000364e-01 -9.668993779386388709e+00
7.319999999999999840e-01 -9.719486074267413400e+00
8.050000000000000488e-01 -9.772325264023903557e+00
8.860000000000000098e-01 -9.827700162822429419e+00
9.739999999999999769e-01 -9.884443448139837329e+00
1.072000000000000064e+00 -9.943955443091926583e+00
1.179000000000000048e+00 -1.000504464372493985e+01
1.296999999999999931e+00 -1.006827446372586898e+01
1.427000000000000046e+00 -1.013350643486524305e+01
1.568999999999999950e+00 -1.020009493735206618e+01
1.725999999999999979e+00 -1.026874637563424209e+01
1.899000000000000021e+00 -1.033910397738788944e+01
2.088999999999999968e+00 -1.041080699680616561e+01
2.297000000000000153e+00 -1.048346677499070978e+01
2.527000000000000135e+00 -1.055762134912630934e+01
2.779999999999999805e+00 -1.063267401636847431e+01
3.057999999999999829e+00 -1.070834335541407789e+01
3.363999999999999879e+00 -1.078455738678768405e+01
3.700000000000000178e+00 -1.086094721410558606e+01
4.070000000000000284e+00 -1.093751169629794617e+01
4.477000000000000313e+00 -1.101394694178830491e+01
4.924999999999999822e+00 -1.109011499453609240e+01
5.416999999999999815e+00 -1.116569134570498534e+01
5.958999999999999631e+00 -1.124079215036019797e+01
6.554999999999999716e+00 -1.131520557339625377e+01
7.209999999999999964e+00 -1.138879991895732502e+01
7.932000000000000384e+00 -1.146177618095167361e+01
8.724999999999999645e+00 -1.153388366167963675e+01
9.596999999999999531e+00 -1.160528387553497254e+01
1.055700000000000038e+01 -1.167619597094851080e+01
1.161299999999999955e+01 -1.174673330319358833e+01
1.277399999999999913e+01 -1.181700565464497998e+01
1.405100000000000016e+01 -1.188726145103655796e+01
1.545599999999999952e+01 -1.195776954675421067e+01
1.700199999999999889e+01 -1.202879579188095249e+01
1.870200000000000173e+01 -1.210060513559643880e+01
2.057199999999999918e+01 -1.217352569090695447e+01
2.262999999999999901e+01 -1.224786010596269037e+01
2.489300000000000068e+01 -1.232384655622819025e+01
2.738200000000000145e+01 -1.240182041185054373e+01
3.012000000000000099e+01 -1.248209548509767863e+01
3.313199999999999790e+01 -1.256501587436881806e+01
3.644500000000000028e+01 -1.265086742472731984e+01
4.009000000000000341e+01 -1.273994754124406548e+01
4.409899999999999665e+01 -1.283251976775818370e+01
4.850900000000000034e+01 -1.292887070057018128e+01
5.335900000000000176e+01 -1.302924605470011521e+01
5.869500000000000028e+01 -1.313400437162373002e+01
6.456499999999999773e+01 -1.324338703320279720e+01
7.102100000000000080e+01 -1.335758520328885268e+01
7.812399999999999523e+01 -1.347692341647465319e+01
8.593600000000000705e+01 -1.360162169951545152e+01
9.453000000000000114e+01 -1.373192337015800568e+01
1.039830000000000041e+02 -1.386808309128178607e+01
1.143810000000000002e+02 -1.401023661341917048e+01
1.258190000000000026e+02 -1.415849126882855735e+01
1.384010000000000105e+02 -1.431284608364788724e+01
1.522410000000000139e+02 -1.447331684985784683e+01
1.674650000000000034e+02 -1.463998060032076332e+01
1.842110000000000127e+02 -1.481319167605621523e+01
2.026330000000000098e+02 -1.499352748291677351e+01
2.228959999999999866e+02 -1.518211837695698030e+01
2.451850000000000023e+02 -1.538058523348495221e+01
2.697040000000000077e+02 -1.559077344708794755e+01
2.966739999999999782e+02 -1.581467877241146169e+01
3.263419999999999845e+02 -1.605471530024126636e+01
3.589759999999999991e+02 -1.631304929770908174e+01
3.948729999999999905e+02 -1.659213091633825243e+01
