# # theta [arcmin], log_e(xip)
5.000000000000000000e-01 -8.690699318539557794e+00
5.500000000000000444e-01 -8.733876405718330460e+00
6.049999999999999822e-01 -8.779069125136597762e+00
6.660000000000000364e-01 -8.826719453735590193e+00
7.319999999999999840e-01 -8.875704105431346136e+00
8.050000000000000488e-01 -8.927138570968660147e+00
8.860000000000000098e-01 -8.981236220387897262e+00
9.739999999999999769e-01 -9.036886349138267605e+00
1.072000000000000064e+00 -9.095490522797240018e+00
1.179000000000000048e+00 -9.155909953512098909e+00
1.296999999999999931e+00 -9.218733495905640396e+00
1.427000000000000046e+00 -9.283858825622399280e+00
1.568999999999999950e+00 -9.350673242299690102e+00
1.725999999999999979e+00 -9.419918599750500832e+00
1.899000000000000021e+00 -9.491270225387392401e+00
2.088999999999999968e+00 -9.564391617965377179e+00
2.297000000000000153e+00 -9.638910967823948184e+00
2.527000000000000135e+00 -9.715404127234005927e+00
2.779999999999999805e+00 -9.793279266328799082e+00
3.057999999999999829e+00 -9.872257138507647412e+00
3.363999999999999879e+00 -9.952271156727077184e+00
3.700000000000000178e+00 -1.003293472552341470e+01
4.070000000000000284e+00 -1.011424463388429196e+01
4.477000000000000313e+00 -1.019587373866841062e+01
4.924999999999999822e+00 -1.027766389933452196e+01
5.416999999999999815e+00 -1.035925129197845429e+01
5.958999999999999631e+00 -1.044074682027511081e+01
6.554999999999999716e+00 -1.052190692450922072e+01
7.209999999999999964e+00 -1.060257876389718490e+01
7.932000000000000384e+00 -1.068297331827905694e+01
8.724999999999999645e+00 -1.076281211126961601e+01
9.596999999999999531e+00 -1.084227443598823015e+01
1.055700000000000038e+01 -1.092161114069260108e+01
1.161299999999999955e+01 -1.100095969142209285e+01
1.277399999999999913e+01 -1.108045692034812291e+01
1.405100000000000016e+01 -1.116039499752174002e+01
1.545599999999999952e+01 -1.124109308795448925e+01
1.700199999999999889e+01 -1.132286724680455237e+01
1.870200000000000173e+01 -1.140603172530127729e+01
2.057199999999999918e+01 -1.149097123246890284e+01
2.262999999999999901e+01 -1.157803449548399577e+01
2.489300000000000068e+01 -1.166749408212112371e+01
2.738200000000000145e+01 -1.175973088839533887e+01
3.012000000000000099e+01 -1.185509695150683385e+01
3.313199999999999790e+01 -1.195398282905152065e+01
3.644500000000000028e+01 -1.205670360812691300e+01
4.009000000000000341e+01 -1.216358247518922830e+01
4.409899999999999665e+01 -1.227490431572503660e+01
4.850900000000000034e+01 -1.239097817791540912e+01
5.335900000000000176e+01 -1.251205936381281170e+01
5.869500000000000028e+01 -1.263855330967392021e+01
6.456499999999999773e+01 -1.277071087483562906e+01
7.102100000000000080e+01 -1.290871718355122688e+01
7.812399999999999523e+01 -1.305294319722674068e+01
8.593600000000000705e+01 -1.320364013787455981e+01
9.453000000000000114e+01 -1.336108006294384154e+01
1.039830000000000041e+02 -1.352559099057230085e+01
1.143810000000000002e+02 -1.369733293350162739e+01
1.258190000000000026e+02 -1.387648126466117304e+01
1.384010000000000105e+02 -1.406311497684880685e+01
1.522410000000000139e+02 -1.425746145055493841e+01
1.674650000000000034e+02 -1.445996967480495599e+01
1.842110000000000127e+02 -1.467164948566499483e+01
2.026330000000000098e+02 -1.489368336334850618e+01
2.228959999999999866e+02 -1.512781941157178878e+01
2.451850000000000023e+02 -1.537620068807942175e+01
2.697040000000000077e+02 -1.564143175064078584e+01
2.966739999999999782e+02 -1.592688290486172598e+01
3.263419999999999845e+02 -1.623747114139803571e+01
3.589759999999999991e+02 -1.657922580618085817e+01
3.948729999999999905e+02 -1.696197177217782937e+01
