# # theta [arcmin], log_e(xim)
5.000000000000000000e-01 -1.179505232953499849e+01
5.500000000000000444e-01 -1.176666779536447827e+01
6.049999999999999822e-01 -1.173898752097914233e+01
6.660000000000000364e-01 -1.171189580685321907e+01
7.319999999999999840e-01 -1.168608587352083816e+01
8.050000000000000488e-01 -1.166099737468073805e+01
8.860000000000000098e-01 -1.163668792933265195e+01
9.739999999999999769e-01 -1.161378412918464775e+01
1.072000000000000064e+00 -1.159184487045063783e+01
1.179000000000000048e+00 -1.157147035717430761e+01
1.296999999999999931e+00 -1.155252227283826194e+01
1.427000000000000046e+00 -1.153512802780928048e+01
1.568999999999999950e+00 -1.151955831375727080e+01
1.725999999999999979e+00 -1.150578501874196746e+01
1.899000000000000021e+00 -1.149404973770142213e+01
2.088999999999999968e+00 -1.148457418760999538e+01
2.297000000000000153e+00 -1.147746469617226062e+01
2.527000000000000135e+00 -1.147277825806793672e+01
2.779999999999999805e+00 -1.147072074685300969e+01
3.057999999999999829e+00 -1.147146495434477664e+01
3.363999999999999879e+00 -1.147518469254303497e+01
3.700000000000000178e+00 -1.148203066237084791e+01
4.070000000000000284e+00 -1.149209297600680735e+01
4.477000000000000313e+00 -1.150546139060970319e+01
4.924999999999999822e+00 -1.152227624758836377e+01
5.416999999999999815e+00 -1.154261702902423181e+01
5.958999999999999631e+00 -1.156666543423772708e+01
6.554999999999999716e+00 -1.159446898162770268e+01
7.209999999999999964e+00 -1.162597591698770394e+01
7.932000000000000384e+00 -1.166129868318302520e+01
8.724999999999999645e+00 -1.170032453052215438e+01
9.596999999999999531e+00 -1.174308909950961599e+01
1.055700000000000038e+01 -1.178965163971343877e+01
1.161299999999999955e+01 -1.183991026993878748e+01
1.277399999999999913e+01 -1.189365835151637008e+01
1.405100000000000016e+01 -1.195080364688021035e+01
1.545599999999999952e+01 -1.201124017758254681e+01
1.700199999999999889e+01 -1.207480406112622084e+01
1.870200000000000173e+01 -1.214130565049475052e+01
2.057199999999999918e+01 -1.221050625948741164e+01
2.262999999999999901e+01 -1.228210264821713871e+01
2.489300000000000068e+01 -1.235574875121255367e+01
2.738200000000000145e+01 -1.243116885203526856e+01
3.012000000000000099e+01 -1.250802350127618467e+01
3.313199999999999790e+01 -1.258601270712943432e+01
3.644500000000000028e+01 -1.266468255047287350e+01
4.009000000000000341e+01 -1.274359994036032440e+01
4.409899999999999665e+01 -1.282234767779373108e+01
4.850900000000000034e+01 -1.290052107234392409e+01
5.335900000000000176e+01 -1.297767576002191703e+01
5.869500000000000028e+01 -1.305352645140957613e+01
6.456499999999999773e+01 -1.312764329165211130e+01
7.102100000000000080e+01 -1.319964839101387177e+01
7.812399999999999523e+01 -1.326938593940123212e+01
8.593600000000000705e+01 -1.333670948991285599e+01
9.453000000000000114e+01 -1.340153443815435530e+01
1.039830000000000041e+02 -1.346390343375879084e+01
1.143810000000000002e+02 -1.352380484123699134e+01
1.258190000000000026e+02 -1.358143893611837427e+01
1.384010000000000105e+02 -1.363714933294197351e+01
1.522410000000000139e+02 -1.369155638080912318e+01
1.674650000000000034e+02 -1.374546877011581358e+01
1.842110000000000127e+02 -1.379981635871263812e+01
2.026330000000000098e+02 -1.385538529294321108e+01
2.228959999999999866e+02 -1.391269855977325598e+01
2.451850000000000023e+02 -1.397171242336839114e+01
2.697040000000000077e+02 -1.403181095217899710e+01
2.966739999999999782e+02 -1.409213835467888565e+01
3.263419999999999845e+02 -1.415207465880487447e+01
3.589759999999999991e+02 -1.421135023948009213e+01
3.948729999999999905e+02 -1.427029680118199373e+01
