# # theta [arcmin], log_e(xim)
5.000000000000000000e-01 -1.155404104424893852e+01
5.500000000000000444e-01 -1.152830837761016980e+01
6.049999999999999822e-01 -1.150321971848082292e+01
6.660000000000000364e-01 -1.147867090894124864e+01
7.319999999999999840e-01 -1.145528694417784621e+01
8.050000000000000488e-01 -1.143255450348556224e+01
8.860000000000000098e-01 -1.141052863669851369e+01
9.739999999999999769e-01 -1.138978171255467231e+01
1.072000000000000064e+00 -1.136991662556181382e+01
1.179000000000000048e+00 -1.135148541725616056e+01
1.296999999999999931e+00 -1.133436262999557798e+01
1.427000000000000046e+00 -1.131866545593689644e+01
1.568999999999999950e+00 -1.130464461848537638e+01
1.725999999999999979e+00 -1.129228584587947104e+01
1.899000000000000021e+00 -1.128181850592294211e+01
2.088999999999999968e+00 -1.127345669810279105e+01
2.297000000000000153e+00 -1.126730287115643137e+01
2.527000000000000135e+00 -1.126342122965600723e+01
2.779999999999999805e+00 -1.126201422907155880e+01
3.057999999999999829e+00 -1.126325527660008419e+01
3.363999999999999879e+00 -1.126732320901519913e+01
3.700000000000000178e+00 -1.127437717821899632e+01
4.070000000000000284e+00 -1.128451500818565023e+01
4.477000000000000313e+00 -1.129783747272353978e+01
4.924999999999999822e+00 -1.131449764651366152e+01
5.416999999999999815e+00 -1.133459101279123082e+01
5.958999999999999631e+00 -1.135831517649349465e+01
6.554999999999999716e+00 -1.138573614081432339e+01
7.209999999999999964e+00 -1.141682287193548540e+01
7.932000000000000384e+00 -1.145170713707918786e+01
8.724999999999999645e+00 -1.149029839878697246e+01
9.596999999999999531e+00 -1.153265430498875688e+01
1.055700000000000038e+01 -1.157885674220913153e+01
1.161299999999999955e+01 -1.162882700924213175e+01
1.277399999999999913e+01 -1.168238299924220946e+01
1.405100000000000016e+01 -1.173945687359777956e+01
1.545599999999999952e+01 -1.179996840837516459e+01
1.700199999999999889e+01 -1.186378179847459791e+01
1.870200000000000173e+01 -1.193073642039137461e+01
2.057199999999999918e+01 -1.200062555703449974e+01
2.262999999999999901e+01 -1.207317893117923191e+01
2.489300000000000068e+01 -1.214808528647137820e+01
2.738200000000000145e+01 -1.222510522139207723e+01
3.012000000000000099e+01 -1.230393864867019893e+01
3.313199999999999790e+01 -1.238432361840366447e+01
3.644500000000000028e+01 -1.246584257818853736e+01
4.009000000000000341e+01 -1.254809630281239663e+01
4.409899999999999665e+01 -1.263069733173498044e+01
4.850900000000000034e+01 -1.271326521018819911e+01
5.335900000000000176e+01 -1.279536696637457105e+01
5.869500000000000028e+01 -1.287672631267365198e+01
6.456499999999999773e+01 -1.295690444894198379e+01
7.102100000000000080e+01 -1.303550105318917929e+01
7.812399999999999523e+01 -1.311232691164701691e+01
8.593600000000000705e+01 -1.318718087078437051e+01
9.453000000000000114e+01 -1.325990451259826663e+01
1.039830000000000041e+02 -1.333046931254806289e+01
1.143810000000000002e+02 -1.339878904160041095e+01
1.258190000000000026e+02 -1.346496636875586717e+01
1.384010000000000105e+02 -1.352915186078740462e+01
1.522410000000000139e+02 -1.359172641187471697e+01
1.674650000000000034e+02 -1.365326246513943964e+01
1.842110000000000127e+02 -1.371452469717088363e+01
2.026330000000000098e+02 -1.377628215253288602e+01
2.228959999999999866e+02 -1.383932170665811690e+01
2.451850000000000023e+02 -1.390410475058227924e+01
2.697040000000000077e+02 -1.397059986149430166e+01
2.966739999999999782e+02 -1.403837677273981654e+01
3.263419999999999845e+02 -1.410689199797953286e+01
3.589759999999999991e+02 -1.417569450841438439e+01
3.948729999999999905e+02 -1.424466326510816039e+01
