# # theta [arcmin], log_e(xim)
5.000000000000000000e-01 -1.107276718526679460e+01
5.500000000000000444e-01 -1.104916880748496943e+01
6.049999999999999822e-01 -1.102654910340671712e+01
6.660000000000000364e-01 -1.100486165149370166e+01
7.319999999999999840e-01 -1.098469125380665545e+01
8.050000000000000488e-01 -1.096562520275745456e+01
8.860000000000000098e-01 -1.094777360085072182e+01
9.739999999999999769e-01 -1.093165722111082161e+01
1.072000000000000064e+00 -1.091703395545603072e+01
1.179000000000000048e+00 -1.090439489478018942e+01
1.296999999999999931e+00 -1.089370688803611742e+01
1.427000000000000046e+00 -1.088512032828580089e+01
1.568999999999999950e+00 -1.087885653996755053e+01
1.725999999999999979e+00 -1.087502781544448993e+01
1.899000000000000021e+00 -1.087387128379058865e+01
2.088999999999999968e+00 -1.087559865265616565e+01
2.297000000000000153e+00 -1.088029184989370002e+01
2.527000000000000135e+00 -1.088813849892401109e+01
2.779999999999999805e+00 -1.089928805078892893e+01
3.057999999999999829e+00 -1.091389667467797153e+01
3.363999999999999879e+00 -1.093215334456232668e+01
3.700000000000000178e+00 -1.095415860870391889e+01
4.070000000000000284e+00 -1.098001159263741400e+01
4.477000000000000313e+00 -1.100974216954545959e+01
4.924999999999999822e+00 -1.104344947490156414e+01
5.416999999999999815e+00 -1.108110603624264101e+01
5.958999999999999631e+00 -1.112286777724669129e+01
6.554999999999999716e+00 -1.116865584992782168e+01
7.209999999999999964e+00 -1.121828763995244138e+01
7.932000000000000384e+00 -1.127180919491582323e+01
8.724999999999999645e+00 -1.132889536856167112e+01
9.596999999999999531e+00 -1.138944402941140055e+01
1.055700000000000038e+01 -1.145336588069321593e+01
1.161299999999999955e+01 -1.152036335764109687e+01
1.277399999999999913e+01 -1.159002197528189093e+01
1.405100000000000016e+01 -1.166206779089937839e+01
1.545599999999999952e+01 -1.173620190011310349e+01
1.700199999999999889e+01 -1.181205764037131445e+01
1.870200000000000173e+01 -1.188925763820451387e+01
2.057199999999999918e+01 -1.196740840566231157e+01
2.262999999999999901e+01 -1.204608940818416052e+01
2.489300000000000068e+01 -1.212487226975147792e+01
2.738200000000000145e+01 -1.220346365191578286e+01
3.012000000000000099e+01 -1.228156911966831188e+01
3.313199999999999790e+01 -1.235901126020526242e+01
3.644500000000000028e+01 -1.243554895650577485e+01
4.009000000000000341e+01 -1.251105850198920422e+01
4.409899999999999665e+01 -1.258550633033803656e+01
4.850900000000000034e+01 -1.265893758476883058e+01
5.335900000000000176e+01 -1.273144151143712222e+01
5.869500000000000028e+01 -1.280330401153772968e+01
6.456499999999999773e+01 -1.287472235448973201e+01
7.102100000000000080e+01 -1.294592953590629136e+01
7.812399999999999523e+01 -1.301736617773776494e+01
8.593600000000000705e+01 -1.308943404818377587e+01
9.453000000000000114e+01 -1.316252933716245366e+01
1.039830000000000041e+02 -1.323709208228153855e+01
1.143810000000000002e+02 -1.331343550904659701e+01
1.258190000000000026e+02 -1.339195016158701712e+01
1.384010000000000105e+02 -1.347296821037153158e+01
1.522410000000000139e+02 -1.355687014149721747e+01
1.674650000000000034e+02 -1.364402499911082067e+01
1.842110000000000127e+02 -1.373479269364490385e+01
2.026330000000000098e+02 -1.382938019828654674e+01
2.228959999999999866e+02 -1.392800546296270525e+01
2.451850000000000023e+02 -1.403077163278498674e+01
2.697040000000000077e+02 -1.413764385037305082e+01
2.966739999999999782e+02 -1.424856559182397575e+01
3.263419999999999845e+02 -1.436346379361580894e+01
3.589759999999999991e+02 -1.448213616535604586e+01
3.948729999999999905e+02 -1.460457652349110091e+01
