# # theta [arcmin], log_e(xip)
5.000000000000000000e-01 -9.310970427258363102e+00
5.500000000000000444e-01 -9.357875300889981318e+00
6.049999999999999822e-01 -9.406815580813498556e+00
6.660000000000000364e-01 -9.458237787756621273e+00
7.319999999999999840e-01 -9.510895751015530308e+00
8.050000000000000488e-01 -9.565953594026836981e+00
8.860000000000000098e-01 -9.623595040085175967e+00
9.739999999999999769e-01 -9.682591966002519257e+00
1.072000000000000064e+00 -9.744385664480477161e+00
1.179000000000000048e+00 -9.807723475758621134e+00
1.296999999999999931e+00 -9.873174859784178636e+00
1.427000000000000046e+00 -9.940578806597651251e+00
1.568999999999999950e+00 -1.000925237213600205e+01
1.725999999999999979e+00 -1.007990902908531083e+01
1.899000000000000021e+00 -1.015216431964860888e+01
2.088999999999999968e+00 -1.022563574979811740e+01
2.297000000000000153e+00 -1.029991512249728380e+01
2.527000000000000135e+00 -1.037554256442922274e+01
2.779999999999999805e+00 -1.045190428464953847e+01
3.057999999999999829e+00 -1.052871555781465140e+01
3.363999999999999879e+00 -1.060591122702834177e+01
3.700000000000000178e+00 -1.068313467725340793e+01
4.070000000000000284e+00 -1.076040668258973731e+01
4.477000000000000313e+00 -1.083745357609029192e+01
4.924999999999999822e+00 -1.091417962733198976e+01
5.416999999999999815e+00 -1.099031041045328294e+01
5.958999999999999631e+00 -1.106602670943958877e+01
6.554999999999999716e+00 -1.114118882007014300e+01
7.209999999999999964e+00 -1.121573994368039351e+01
7.932000000000000384e+00 -1.128996833103065711e+01
8.724999999999999645e+00 -1.136370233416788089e+01
9.596999999999999531e+00 -1.143719202888479103e+01
1.055700000000000038e+01 -1.151074384643145088e+01
1.161299999999999955e+01 -1.158454886469341183e+01
1.277399999999999913e+01 -1.165878765608556833e+01
1.405100000000000016e+01 -1.173377714462983867e+01
1.545599999999999952e+01 -1.180984702365175920e+01
1.700199999999999889e+01 -1.188731350650792606e+01
1.870200000000000173e+01 -1.196647984792813979e+01
2.057199999999999918e+01 -1.204771135705613005e+01
2.262999999999999901e+01 -1.213134093936752933e+01
2.489300000000000068e+01 -1.221762006104437859e+01
2.738200000000000145e+01 -1.230690144494254845e+01
3.012000000000000099e+01 -1.239951225950437852e+01
3.313199999999999790e+01 -1.249580882621851607e+01
3.644500000000000028e+01 -1.259608161748754362e+01
4.009000000000000341e+01 -1.270063228069739658e+01
4.409899999999999665e+01 -1.280971958223409146e+01
4.850900000000000034e+01 -1.292362686945926242e+01
5.335900000000000176e+01 -1.304259193728974076e+01
5.869500000000000028e+01 -1.316698685926353107e+01
6.456499999999999773e+01 -1.329704122194161897e+01
7.102100000000000080e+01 -1.343292179619041526e+01
7.812399999999999523e+01 -1.357496411917271217e+01
8.593600000000000705e+01 -1.372338179714721562e+01
9.453000000000000114e+01 -1.387842394701130289e+01
1.039830000000000041e+02 -1.404038009794031971e+01
1.143810000000000002e+02 -1.420939468525385507e+01
1.258190000000000026e+02 -1.438561036163731188e+01
1.384010000000000105e+02 -1.456909226590974527e+01
1.522410000000000139e+02 -1.476001096755786435e+01
1.674650000000000034e+02 -1.495871286876062989e+01
1.842110000000000127e+02 -1.516604596012455275e+01
2.026330000000000098e+02 -1.538307311086189699e+01
2.228959999999999866e+02 -1.561149975991299499e+01
2.451850000000000023e+02 -1.585350079917838428e+01
2.697040000000000077e+02 -1.611167331835695293e+01
2.966739999999999782e+02 -1.638933288404214750e+01
3.263419999999999845e+02 -1.669101868890049900e+01
3.589759999999999991e+02 -1.702218610975115709e+01
3.948729999999999905e+02 -1.739154715905431559e+01
