# # theta [arcmin], log_e(xip)
5.000000000000000000e-01 -8.910920458309322001e+00
5.500000000000000444e-01 -8.951523932063583544e+00
6.049999999999999822e-01 -8.994039377650839384e+00
6.660000000000000364e-01 -9.038897777079766271e+00
7.319999999999999840e-01 -9.085057530304000650e+00
8.050000000000000488e-01 -9.133586759759353413e+00
8.860000000000000098e-01 -9.184712587039712162e+00
9.739999999999999769e-01 -9.237408531445076676e+00
1.072000000000000064e+00 -9.293030480926034897e+00
1.179000000000000048e+00 -9.350529075400885404e+00
1.296999999999999931e+00 -9.410497643707302018e+00
1.427000000000000046e+00 -9.472878551566031646e+00
1.568999999999999950e+00 -9.537123004799878956e+00
1.725999999999999979e+00 -9.603985956666505786e+00
1.899000000000000021e+00 -9.673200774919559208e+00
2.088999999999999968e+00 -9.744484265674211443e+00
2.297000000000000153e+00 -9.817514647905648317e+00
2.527000000000000135e+00 -9.892899405329082185e+00
2.779999999999999805e+00 -9.970097123484249479e+00
3.057999999999999829e+00 -1.004886136202300229e+01
3.363999999999999879e+00 -1.012914851988478304e+01
3.700000000000000178e+00 -1.021057917754808564e+01
4.070000000000000284e+00 -1.029314919581961973e+01
4.477000000000000313e+00 -1.037651013423645807e+01
4.924999999999999822e+00 -1.046046253048172758e+01
5.416999999999999815e+00 -1.054457297405313554e+01
5.958999999999999631e+00 -1.062887366768585373e+01
6.554999999999999716e+00 -1.071300721405265755e+01
7.209999999999999964e+00 -1.079669379342291258e+01
7.932000000000000384e+00 -1.088001088932538529e+01
8.724999999999999645e+00 -1.096251477135999508e+01
9.596999999999999531e+00 -1.104423019124843108e+01
1.055700000000000038e+01 -1.112525100953729051e+01
1.161299999999999955e+01 -1.120555841920204898e+01
1.277399999999999913e+01 -1.128514627485149546e+01
1.405100000000000016e+01 -1.136417620371787862e+01
1.545599999999999952e+01 -1.144285570686719922e+01
1.700199999999999889e+01 -1.152140662857830833e+01
1.870200000000000173e+01 -1.160007808829828946e+01
2.057199999999999918e+01 -1.167920167952553534e+01
2.262999999999999901e+01 -1.175908460461640104e+01
2.489300000000000068e+01 -1.183998460413120490e+01
2.738200000000000145e+01 -1.192227420462230825e+01
3.012000000000000099e+01 -1.200630597675885980e+01
3.313199999999999790e+01 -1.209247953090197036e+01
3.644500000000000028e+01 -1.218112484599056700e+01
4.009000000000000341e+01 -1.227257661690025436e+01
4.409899999999999665e+01 -1.236714532723099857e+01
4.850900000000000034e+01 -1.246516052321947399e+01
5.335900000000000176e+01 -1.256689962582589004e+01
5.869500000000000028e+01 -1.267276879053723704e+01
6.456499999999999773e+01 -1.278303914017734932e+01
7.102100000000000080e+01 -1.289792266776386853e+01
7.812399999999999523e+01 -1.301778401676865826e+01
8.593600000000000705e+01 -1.314287786801508595e+01
9.453000000000000114e+01 -1.327346537585356856e+01
1.039830000000000041e+02 -1.340983213927509610e+01
1.143810000000000002e+02 -1.355213065558546504e+01
1.258190000000000026e+02 -1.370049936030390825e+01
1.384010000000000105e+02 -1.385494726244200159e+01
1.522410000000000139e+02 -1.401551465343135661e+01
1.674650000000000034e+02 -1.418229110623904887e+01
1.842110000000000127e+02 -1.435563489446468388e+01
2.026330000000000098e+02 -1.453610458052464516e+01
2.228959999999999866e+02 -1.472481177351741444e+01
2.451850000000000023e+02 -1.492333989340405154e+01
2.697040000000000077e+02 -1.513350386017769544e+01
2.966739999999999782e+02 -1.535728842005638306e+01
3.263419999999999845e+02 -1.559708170485940038e+01
3.589759999999999991e+02 -1.585502471316632622e+01
3.948729999999999905e+02 -1.613352619176869851e+01
