# # theta [arcmin], log_e(xip)
5.000000000000000000e-01 -8.890327856393655637e+00
5.500000000000000444e-01 -8.925326104954875106e+00
6.049999999999999822e-01 -8.961977517529126303e+00
6.660000000000000364e-01 -9.000665517712954866e+00
7.319999999999999840e-01 -9.040504774693028267e+00
8.050000000000000488e-01 -9.082432763221950367e+00
8.860000000000000098e-01 -9.126665805953248167e+00
9.739999999999999769e-01 -9.172338670746890799e+00
1.072000000000000064e+00 -9.220652964438164290e+00
1.179000000000000048e+00 -9.270727628216054228e+00
1.296999999999999931e+00 -9.323112843998478283e+00
1.427000000000000046e+00 -9.377799720565864305e+00
1.568999999999999950e+00 -9.434350548701740280e+00
1.725999999999999979e+00 -9.493478251596021877e+00
1.899000000000000021e+00 -9.555004591450879659e+00
2.088999999999999968e+00 -9.618735468310676495e+00
2.297000000000000153e+00 -9.684443914391577479e+00
2.527000000000000135e+00 -9.752746278131985136e+00
2.779999999999999805e+00 -9.823226960908716165e+00
3.057999999999999829e+00 -9.895732302378094758e+00
3.363999999999999879e+00 -9.970292319670399195e+00
3.700000000000000178e+00 -1.004661778122392235e+01
4.070000000000000284e+00 -1.012476933801239021e+01
4.477000000000000313e+00 -1.020447319299530342e+01
4.924999999999999822e+00 -1.028557935698373704e+01
5.416999999999999815e+00 -1.036768821162911358e+01
5.958999999999999631e+00 -1.045082744850630974e+01
6.554999999999999716e+00 -1.053461287610278951e+01
7.209999999999999964e+00 -1.061871184908166477e+01
7.932000000000000384e+00 -1.070311098206399691e+01
8.724999999999999645e+00 -1.078723752485903908e+01
9.596999999999999531e+00 -1.087095474351807844e+01
1.055700000000000038e+01 -1.095416375594209768e+01
1.161299999999999955e+01 -1.103662482855487070e+01
1.277399999999999913e+01 -1.111810211336152854e+01
1.405100000000000016e+01 -1.119851042384656381e+01
1.545599999999999952e+01 -1.127780512260948242e+01
1.700199999999999889e+01 -1.135597299952681460e+01
1.870200000000000173e+01 -1.143303538432821931e+01
2.057199999999999918e+01 -1.150911971602838335e+01
2.262999999999999901e+01 -1.158435197392348748e+01
2.489300000000000068e+01 -1.165884122832100012e+01
2.738200000000000145e+01 -1.173283500135263679e+01
3.012000000000000099e+01 -1.180659368537453169e+01
3.313199999999999790e+01 -1.188045092051756413e+01
3.644500000000000028e+01 -1.195469699690104903e+01
4.009000000000000341e+01 -1.202963888785756374e+01
4.409899999999999665e+01 -1.210558896231186132e+01
4.850900000000000034e+01 -1.218289220007869211e+01
5.335900000000000176e+01 -1.226185600519058916e+01
5.869500000000000028e+01 -1.234290410596497090e+01
6.456499999999999773e+01 -1.242634582031944568e+01
7.102100000000000080e+01 -1.251244754533397163e+01
7.812399999999999523e+01 -1.260158732377527357e+01
8.593600000000000705e+01 -1.269405484507600868e+01
9.453000000000000114e+01 -1.279012760192564535e+01
1.039830000000000041e+02 -1.289008804798164043e+01
1.143810000000000002e+02 -1.299409242164839640e+01
1.258190000000000026e+02 -1.310226422544848113e+01
1.384010000000000105e+02 -1.321460148087107811e+01
1.522410000000000139e+02 -1.333110488778350167e+01
1.674650000000000034e+02 -1.345182832253862770e+01
1.842110000000000127e+02 -1.357705523247032353e+01
2.026330000000000098e+02 -1.370735864189217601e+01
2.228959999999999866e+02 -1.384382845145165497e+01
2.451850000000000023e+02 -1.398799331487688313e+01
2.697040000000000077e+02 -1.414156956098733886e+01
2.966739999999999782e+02 -1.430617495860653499e+01
3.263419999999999845e+02 -1.448328165223814246e+01
3.589759999999999991e+02 -1.467402306811907486e+01
3.948729999999999905e+02 -1.487925631070380739e+01
