# # theta [arcmin], log_e(xim)
5.000000000000000000e-01 -1.138792939479563060e+01
5.500000000000000444e-01 -1.136312193460591757e+01
6.049999999999999822e-01 -1.133923353654104105e+01
6.660000000000000364e-01 -1.131620145653250020e+01
7.319999999999999840e-01 -1.129463366438704242e+01
8.050000000000000488e-01 -1.127408102031425940e+01
8.860000000000000098e-01 -1.125463796074713585e+01
9.739999999999999769e-01 -1.123684644836948188e+01
1.072000000000000064e+00 -1.122041183332127012e+01
1.179000000000000048e+00 -1.120584746556069788e+01
1.296999999999999931e+00 -1.119308941696478321e+01
1.427000000000000046e+00 -1.118227514285240787e+01
1.568999999999999950e+00 -1.117363149888902640e+01
1.725999999999999979e+00 -1.116722805427644616e+01
1.899000000000000021e+00 -1.116329447150282306e+01
2.088999999999999968e+00 -1.116203622599024925e+01
2.297000000000000153e+00 -1.116353488772721114e+01
2.527000000000000135e+00 -1.116793178208036430e+01
2.779999999999999805e+00 -1.117538665448405055e+01
3.057999999999999829e+00 -1.118604984319563833e+01
3.363999999999999879e+00 -1.120010136873329465e+01
3.700000000000000178e+00 -1.121765103752637316e+01
4.070000000000000284e+00 -1.123879150513376146e+01
4.477000000000000313e+00 -1.126357006544482076e+01
4.924999999999999822e+00 -1.129209899601920597e+01
5.416999999999999815e+00 -1.132438826536904308e+01
5.958999999999999631e+00 -1.136060789283013861e+01
6.554999999999999716e+00 -1.140073135161807016e+01
7.209999999999999964e+00 -1.144463057034579734e+01
7.932000000000000384e+00 -1.149239075277242961e+01
8.724999999999999645e+00 -1.154377825505304678e+01
9.596999999999999531e+00 -1.159875899044483383e+01
1.055700000000000038e+01 -1.165732056888142765e+01
1.161299999999999955e+01 -1.171925774589334424e+01
1.277399999999999913e+01 -1.178425346393716389e+01
1.405100000000000016e+01 -1.185212092620399282e+01
1.545599999999999952e+01 -1.192264877637122211e+01
1.700199999999999889e+01 -1.199555518893444805e+01
1.870200000000000173e+01 -1.207053282115564485e+01
2.057199999999999918e+01 -1.214723521979768073e+01
2.262999999999999901e+01 -1.222526158117360318e+01
2.489300000000000068e+01 -1.230417247278523618e+01
2.738200000000000145e+01 -1.238362543101020030e+01
3.012000000000000099e+01 -1.246323611759437355e+01
3.313199999999999790e+01 -1.254269513343854570e+01
3.644500000000000028e+01 -1.262158384707659664e+01
4.009000000000000341e+01 -1.269956175224713490e+01
4.409899999999999665e+01 -1.277635213921013602e+01
4.850900000000000034e+01 -1.285174099753600530e+01
5.335900000000000176e+01 -1.292554203575283722e+01
5.869500000000000028e+01 -1.299777775412388792e+01
6.456499999999999773e+01 -1.306838905518587879e+01
7.102100000000000080e+01 -1.313739123209182402e+01
7.812399999999999523e+01 -1.320504034335822219e+01
8.593600000000000705e+01 -1.327159683328398110e+01
9.453000000000000114e+01 -1.333735524416321994e+01
1.039830000000000041e+02 -1.340270446097066070e+01
1.143810000000000002e+02 -1.346794649231762264e+01
1.258190000000000026e+02 -1.353349676992641371e+01
1.384010000000000105e+02 -1.359975180729203359e+01
1.522410000000000139e+02 -1.366721038761210671e+01
1.674650000000000034e+02 -1.373641937977444094e+01
1.842110000000000127e+02 -1.380797204409598855e+01
2.026330000000000098e+02 -1.388235220927118085e+01
2.228959999999999866e+02 -1.396002721108265909e+01
2.451850000000000023e+02 -1.404126163091010859e+01
2.697040000000000077e+02 -1.412605915465443651e+01
2.966739999999999782e+02 -1.421429567696213248e+01
3.263419999999999845e+02 -1.430583673844321879e+01
3.589759999999999991e+02 -1.440047100039819661e+01
3.948729999999999905e+02 -1.449816715759280505e+01
