# # theta [arcmin], log_e(xip)
5.000000000000000000e-01 -8.973886596024360784e+00
5.500000000000000444e-01 -9.019545647404697775e+00
6.049999999999999822e-01 -9.067282129242915545e+00
6.660000000000000364e-01 -9.117555195493169506e+00
7.319999999999999840e-01 -9.169166759280845014e+00
8.050000000000000488e-01 -9.223280839836577982e+00
8.860000000000000098e-01 -9.280108972834806735e+00
9.739999999999999769e-01 -9.338467650308810875e+00
1.072000000000000064e+00 -9.399812473086024411e+00
1.179000000000000048e+00 -9.462932559100481811e+00
1.296999999999999931e+00 -9.528425433561681146e+00
1.427000000000000046e+00 -9.596164189331618743e+00
1.568999999999999950e+00 -9.665492118466735505e+00
1.725999999999999979e+00 -9.737158869374562542e+00
1.899000000000000021e+00 -9.810805915233855146e+00
2.088999999999999968e+00 -9.886067172303281581e+00
2.297000000000000153e+00 -9.962542681650843335e+00
2.527000000000000135e+00 -1.004080484550313734e+01
2.779999999999999805e+00 -1.012023162426977052e+01
3.057999999999999829e+00 -1.020052767527384496e+01
3.363999999999999879e+00 -1.028161846693276615e+01
3.700000000000000178e+00 -1.036311258621147857e+01
4.070000000000000284e+00 -1.044500952530471594e+01
4.477000000000000313e+00 -1.052698740914319586e+01
4.924999999999999822e+00 -1.060890328494833312e+01
5.416999999999999815e+00 -1.069041500380836496e+01
5.958999999999999631e+00 -1.077166168036488259e+01
6.554999999999999716e+00 -1.085243371626414444e+01
7.209999999999999964e+00 -1.093261221213000844e+01
7.932000000000000384e+00 -1.101244415966032975e+01
8.724999999999999645e+00 -1.109169003138523379e+01
9.596999999999999531e+00 -1.117056488443781959e+01
1.055700000000000038e+01 -1.124934962706203478e+01
1.161299999999999955e+01 -1.132821426564763989e+01
1.277399999999999913e+01 -1.140731668013374467e+01
1.405100000000000016e+01 -1.148696828642686363e+01
1.545599999999999952e+01 -1.156750319986374542e+01
1.700199999999999889e+01 -1.164924565696902370e+01
1.870200000000000173e+01 -1.173251471530244139e+01
2.057199999999999918e+01 -1.181769618688998946e+01
2.262999999999999901e+01 -1.190513906345337247e+01
2.489300000000000068e+01 -1.199511277473894033e+01
2.738200000000000145e+01 -1.208799507547552743e+01
3.012000000000000099e+01 -1.218413445703167852e+01
3.313199999999999790e+01 -1.228391635610438115e+01
3.644500000000000028e+01 -1.238765087865762915e+01
4.009000000000000341e+01 -1.249565839549338442e+01
4.409899999999999665e+01 -1.260821906657712965e+01
4.850900000000000034e+01 -1.272563465394693871e+01
5.335900000000000176e+01 -1.284815605804172378e+01
5.869500000000000028e+01 -1.297618424323194652e+01
6.456499999999999773e+01 -1.310996554906863309e+01
7.102100000000000080e+01 -1.324967813341848100e+01
7.812399999999999523e+01 -1.339569228446526061e+01
8.593600000000000705e+01 -1.354825290107893920e+01
9.453000000000000114e+01 -1.370763241419342471e+01
1.039830000000000041e+02 -1.387416721125168984e+01
1.143810000000000002e+02 -1.404804153359326868e+01
1.258190000000000026e+02 -1.422945859458723028e+01
1.384010000000000105e+02 -1.441853042112299832e+01
1.522410000000000139e+02 -1.461548443961790511e+01
1.674650000000000034e+02 -1.482069452732640258e+01
1.842110000000000127e+02 -1.503500723651997717e+01
2.026330000000000098e+02 -1.525941581174780559e+01
2.228959999999999866e+02 -1.549560433102843859e+01
2.451850000000000023e+02 -1.574581993437897864e+01
2.697040000000000077e+02 -1.601285404236966059e+01
2.966739999999999782e+02 -1.630053521471482370e+01
3.263419999999999845e+02 -1.661428622475248673e+01
3.589759999999999991e+02 -1.696042218887148323e+01
3.948729999999999905e+02 -1.734977715335778825e+01
