# # theta [arcmin], log_e(xim)
5.000000000000000000e-01 -1.152224202969558142e+01
5.500000000000000444e-01 -1.149974175327011494e+01
6.049999999999999822e-01 -1.147792614939121769e+01
6.660000000000000364e-01 -1.145671716901602899e+01
7.319999999999999840e-01 -1.143666003608658421e+01
8.050000000000000488e-01 -1.141731805661541266e+01
8.860000000000000098e-01 -1.139875784595225383e+01
9.739999999999999769e-01 -1.138148062267860894e+01
1.072000000000000064e+00 -1.136517809981660676e+01
1.179000000000000048e+00 -1.135033478804636253e+01
1.296999999999999931e+00 -1.133686094265262767e+01
1.427000000000000046e+00 -1.132487286203878618e+01
1.568999999999999950e+00 -1.131458867276085556e+01
1.725999999999999979e+00 -1.130604301157714531e+01
1.899000000000000021e+00 -1.129945090808798902e+01
2.088999999999999968e+00 -1.129501638965286858e+01
2.297000000000000153e+00 -1.129282734628198170e+01
2.527000000000000135e+00 -1.129298864974269101e+01
2.779999999999999805e+00 -1.129568007365424975e+01
3.057999999999999829e+00 -1.130107018715540868e+01
3.363999999999999879e+00 -1.130934482568619792e+01
3.700000000000000178e+00 -1.132065192715945123e+01
4.070000000000000284e+00 -1.133509899596255543e+01
4.477000000000000313e+00 -1.135278135312097625e+01
4.924999999999999822e+00 -1.137385419583753965e+01
5.416999999999999815e+00 -1.139839839087513873e+01
5.958999999999999631e+00 -1.142662575782418521e+01
6.554999999999999716e+00 -1.145859070054544659e+01
7.209999999999999964e+00 -1.149425386920600012e+01
7.932000000000000384e+00 -1.153375857503144175e+01
8.724999999999999645e+00 -1.157699103130189222e+01
9.596999999999999531e+00 -1.162400675755715973e+01
1.055700000000000038e+01 -1.167488537427832185e+01
1.161299999999999955e+01 -1.172953540687095852e+01
1.277399999999999913e+01 -1.178775949480232121e+01
1.405100000000000016e+01 -1.184948060502783562e+01
1.545599999999999952e+01 -1.191460584420877566e+01
1.700199999999999889e+01 -1.198298173560149671e+01
1.870200000000000173e+01 -1.205442818937372351e+01
2.057199999999999918e+01 -1.212872075485975110e+01
2.262999999999999901e+01 -1.220557237068850220e+01
2.489300000000000068e+01 -1.228464907870975331e+01
2.738200000000000145e+01 -1.236569506807495777e+01
3.012000000000000099e+01 -1.244839162587052606e+01
3.313199999999999790e+01 -1.253246311439187366e+01
3.644500000000000028e+01 -1.261748138205483727e+01
4.009000000000000341e+01 -1.270304598999772772e+01
4.409899999999999665e+01 -1.278877314691889211e+01
4.850900000000000034e+01 -1.287429192410929701e+01
5.335900000000000176e+01 -1.295919108639367856e+01
5.869500000000000028e+01 -1.304323200795026949e+01
6.456499999999999773e+01 -1.312602958975535650e+01
7.102100000000000080e+01 -1.320724556817509132e+01
7.812399999999999523e+01 -1.328677527390474467e+01
8.593600000000000705e+01 -1.336450309379281087e+01
9.453000000000000114e+01 -1.344035690193416244e+01
1.039830000000000041e+02 -1.351439314525624269e+01
1.143810000000000002e+02 -1.358661955493895768e+01
1.258190000000000026e+02 -1.365722557899856149e+01
1.384010000000000105e+02 -1.372640229763861797e+01
1.522410000000000139e+02 -1.379447241971637617e+01
1.674650000000000034e+02 -1.386184752368715856e+01
1.842110000000000127e+02 -1.392907003790231002e+01
2.026330000000000098e+02 -1.399670814664710505e+01
2.228959999999999866e+02 -1.406551387469911063e+01
2.451850000000000023e+02 -1.413624543892786178e+01
2.697040000000000077e+02 -1.420946333795063943e+01
2.966739999999999782e+02 -1.428533372349456521e+01
3.263419999999999845e+02 -1.436360615880698255e+01
3.589759999999999991e+02 -1.444384163091733697e+01
3.948729999999999905e+02 -1.452573106176151185e+01
