# # theta [arcmin], log_e(xip)
5.000000000000000000e-01 -9.261946873302642658e+00
5.500000000000000444e-01 -9.306510581500068824e+00
6.049999999999999822e-01 -9.353065440075482684e+00
6.660000000000000364e-01 -9.402051149874827374e+00
7.319999999999999840e-01 -9.452294869964381618e+00
8.050000000000000488e-01 -9.504923267094644856e+00
8.860000000000000098e-01 -9.560132201845869204e+00
9.739999999999999769e-01 -9.616764990267046898e+00
1.072000000000000064e+00 -9.676225932119850270e+00
1.179000000000000048e+00 -9.737333149388108566e+00
1.296999999999999931e+00 -9.800657535891994954e+00
1.427000000000000046e+00 -9.866069231947653506e+00
1.568999999999999950e+00 -9.932927691818399296e+00
1.725999999999999979e+00 -1.000195057733691328e+01
1.899000000000000021e+00 -1.007278706537822721e+01
2.088999999999999968e+00 -1.014508050217399493e+01
2.297000000000000153e+00 -1.021844517716320411e+01
2.527000000000000135e+00 -1.029342888045412963e+01
2.779999999999999805e+00 -1.036943446141013858e+01
3.057999999999999829e+00 -1.044617887070778650e+01
3.363999999999999879e+00 -1.052359172781832264e+01
3.700000000000000178e+00 -1.060129879293295119e+01
4.070000000000000284e+00 -1.067929833899144754e+01
4.477000000000000313e+00 -1.075728153376818241e+01
4.924999999999999822e+00 -1.083510717381168931e+01
5.416999999999999815e+00 -1.091244142072750023e+01
5.958999999999999631e+00 -1.098940417332877395e+01
6.554999999999999716e+00 -1.106577921151759725e+01
7.209999999999999964e+00 -1.114143570436403863e+01
7.932000000000000384e+00 -1.121658201081532269e+01
8.724999999999999645e+00 -1.129096821703570441e+01
9.596999999999999531e+00 -1.136476670086896945e+01
1.055700000000000038e+01 -1.143821510286120180e+01
1.161299999999999955e+01 -1.151143857094523781e+01
1.277399999999999913e+01 -1.158456390431637217e+01
1.405100000000000016e+01 -1.165785783097834205e+01
1.545599999999999952e+01 -1.173161034594438945e+01
1.700199999999999889e+01 -1.180610756823325858e+01
1.870200000000000173e+01 -1.188163380641121236e+01
2.057199999999999918e+01 -1.195853857603200154e+01
2.262999999999999901e+01 -1.203714252172940746e+01
2.489300000000000068e+01 -1.211769754882910632e+01
2.738200000000000145e+01 -1.220055549304400699e+01
3.012000000000000099e+01 -1.228604507234013532e+01
3.313199999999999790e+01 -1.237452680074396127e+01
3.644500000000000028e+01 -1.246629728063797948e+01
4.009000000000000341e+01 -1.256166446197761211e+01
4.409899999999999665e+01 -1.266089891579609805e+01
4.850900000000000034e+01 -1.276429565383359943e+01
5.335900000000000176e+01 -1.287210361620038590e+01
5.869500000000000028e+01 -1.298469667198416033e+01
6.456499999999999773e+01 -1.310231764240631946e+01
7.102100000000000080e+01 -1.322515497334154588e+01
7.812399999999999523e+01 -1.335354540083887542e+01
8.593600000000000705e+01 -1.348771370100629952e+01
9.453000000000000114e+01 -1.362790962828268349e+01
1.039830000000000041e+02 -1.377440028500024205e+01
1.143810000000000002e+02 -1.392732071681639638e+01
1.258190000000000026e+02 -1.408678163054422683e+01
1.384010000000000105e+02 -1.425279270220586447e+01
1.522410000000000139e+02 -1.442541664345677965e+01
1.674650000000000034e+02 -1.460483521432100673e+01
1.842110000000000127e+02 -1.479161021317734104e+01
2.026330000000000098e+02 -1.498654129299278637e+01
2.228959999999999866e+02 -1.519097299674896817e+01
2.451850000000000023e+02 -1.540664991482766233e+01
2.697040000000000077e+02 -1.563551519263263145e+01
2.966739999999999782e+02 -1.587985542997802035e+01
3.263419999999999845e+02 -1.614253989189548477e+01
3.589759999999999991e+02 -1.642629231609349816e+01
3.948729999999999905e+02 -1.673496832228753917e+01
