# # theta [arcmin], log_e(xim)
5.000000000000000000e-01 -1.147077059911775088e+01
5.500000000000000444e-01 -1.144204118332773135e+01
6.049999999999999822e-01 -1.141397645918533321e+01
6.660000000000000364e-01 -1.138645229811941206e+01
7.319999999999999840e-01 -1.136016918543878162e+01
8.050000000000000488e-01 -1.133455503694858812e+01
8.860000000000000098e-01 -1.130966140790638619e+01
9.739999999999999769e-01 -1.128612221851702735e+01
1.072000000000000064e+00 -1.126347967038718778e+01
1.179000000000000048e+00 -1.124234275692438878e+01
1.296999999999999931e+00 -1.122256448400023920e+01
1.427000000000000046e+00 -1.120427012715704684e+01
1.568999999999999950e+00 -1.118773881454467301e+01
1.725999999999999979e+00 -1.117292873240249662e+01
1.899000000000000021e+00 -1.116008576619105064e+01
2.088999999999999968e+00 -1.114943718461226574e+01
2.297000000000000153e+00 -1.114109711601217434e+01
2.527000000000000135e+00 -1.113511388196403296e+01
2.779999999999999805e+00 -1.113170591939420540e+01
3.057999999999999829e+00 -1.113105520554910655e+01
3.363999999999999879e+00 -1.113334242657616713e+01
3.700000000000000178e+00 -1.113873364132200194e+01
4.070000000000000284e+00 -1.114732586451731500e+01
4.477000000000000313e+00 -1.115922604351102621e+01
4.924999999999999822e+00 -1.117458925234644163e+01
5.416999999999999815e+00 -1.119351364750847999e+01
5.958999999999999631e+00 -1.121619544889221132e+01
6.554999999999999716e+00 -1.124270292700181173e+01
7.209999999999999964e+00 -1.127300346241720064e+01
7.932000000000000384e+00 -1.130722435238975088e+01
8.724999999999999645e+00 -1.134527348216071019e+01
9.596999999999999531e+00 -1.138720159689899702e+01
1.055700000000000038e+01 -1.143307969976551064e+01
1.161299999999999955e+01 -1.148281826943445694e+01
1.277399999999999913e+01 -1.153621906663291163e+01
1.405100000000000016e+01 -1.159319160593645748e+01
1.545599999999999952e+01 -1.165362926075008687e+01
1.700199999999999889e+01 -1.171736319123639269e+01
1.870200000000000173e+01 -1.178419325847913335e+01
2.057199999999999918e+01 -1.185386514577654538e+01
2.262999999999999901e+01 -1.192605451620915069e+01
2.489300000000000068e+01 -1.200039090815469400e+01
2.738200000000000145e+01 -1.207657081067967475e+01
3.012000000000000099e+01 -1.215422620415662891e+01
3.313199999999999790e+01 -1.223302892327837377e+01
3.644500000000000028e+01 -1.231249950731076837e+01
4.009000000000000341e+01 -1.239218465702957062e+01
4.409899999999999665e+01 -1.247165747043964323e+01
4.850900000000000034e+01 -1.255051471708195088e+01
5.335900000000000176e+01 -1.262832588908404752e+01
5.869500000000000028e+01 -1.270483993082998886e+01
6.456499999999999773e+01 -1.277967514304607910e+01
7.102100000000000080e+01 -1.285252175358101923e+01
7.812399999999999523e+01 -1.292330598261215258e+01
8.593600000000000705e+01 -1.299197523210987804e+01
9.453000000000000114e+01 -1.305853823566134153e+01
1.039830000000000041e+02 -1.312313617593620840e+01
1.143810000000000002e+02 -1.318586190618813703e+01
1.258190000000000026e+02 -1.324703074327610430e+01
1.384010000000000105e+02 -1.330706656803798715e+01
1.522410000000000139e+02 -1.336662778699951915e+01
1.674650000000000034e+02 -1.342651093162164955e+01
1.842110000000000127e+02 -1.348757321154800159e+01
2.026330000000000098e+02 -1.355042691743071437e+01
2.228959999999999866e+02 -1.361538346477252226e+01
2.451850000000000023e+02 -1.368227508411939475e+01
2.697040000000000077e+02 -1.375057524056075486e+01
2.966739999999999782e+02 -1.381979190988588790e+01
3.263419999999999845e+02 -1.388964806901580396e+01
3.589759999999999991e+02 -1.396013386766076891e+01
3.948729999999999905e+02 -1.403171077014430779e+01
