# # theta [arcmin], log_e(xim)
5.000000000000000000e-01 -1.160717252009191469e+01
5.500000000000000444e-01 -1.158292409205982842e+01
6.049999999999999822e-01 -1.155998604573174582e+01
6.660000000000000364e-01 -1.153833496946620762e+01
7.319999999999999840e-01 -1.151856724995186099e+01
8.050000000000000488e-01 -1.150028864694747810e+01
8.860000000000000098e-01 -1.148362980414346524e+01
9.739999999999999769e-01 -1.146909232849167282e+01
1.072000000000000064e+00 -1.145647802603527232e+01
1.179000000000000048e+00 -1.144623925177519830e+01
1.296999999999999931e+00 -1.143835895510385114e+01
1.427000000000000046e+00 -1.143297076116891908e+01
1.568999999999999950e+00 -1.143024838415284172e+01
1.725999999999999979e+00 -1.143032111802103046e+01
1.899000000000000021e+00 -1.143338165095420855e+01
2.088999999999999968e+00 -1.143958764645155490e+01
2.297000000000000153e+00 -1.144895866973677023e+01
2.527000000000000135e+00 -1.146167452147946442e+01
2.779999999999999805e+00 -1.147780062847926885e+01
3.057999999999999829e+00 -1.149742324766697088e+01
3.363999999999999879e+00 -1.152067360442782373e+01
3.700000000000000178e+00 -1.154757270839801286e+01
4.070000000000000284e+00 -1.157816108235627439e+01
4.477000000000000313e+00 -1.161239492259068662e+01
4.924999999999999822e+00 -1.165030952674567466e+01
5.416999999999999815e+00 -1.169180730438078442e+01
5.958999999999999631e+00 -1.173699744714301652e+01
6.554999999999999716e+00 -1.178574651151566144e+01
7.209999999999999964e+00 -1.183782672429939709e+01
7.932000000000000384e+00 -1.189326069025092991e+01
8.724999999999999645e+00 -1.195169139143736636e+01
9.596999999999999531e+00 -1.201300272655978496e+01
1.055700000000000038e+01 -1.207709947583710175e+01
1.161299999999999955e+01 -1.214368355777032704e+01
1.277399999999999913e+01 -1.221235010763117756e+01
1.405100000000000016e+01 -1.228283965749118067e+01
1.545599999999999952e+01 -1.235486898545350698e+01
1.700199999999999889e+01 -1.242808833312186145e+01
1.870200000000000173e+01 -1.250213721985487325e+01
2.057199999999999918e+01 -1.257663384449079835e+01
2.262999999999999901e+01 -1.265116671011158545e+01
2.489300000000000068e+01 -1.272530853665613471e+01
2.738200000000000145e+01 -1.279875676340142654e+01
3.012000000000000099e+01 -1.287120007165296798e+01
3.313199999999999790e+01 -1.294243092224228064e+01
3.644500000000000028e+01 -1.301217488520408239e+01
4.009000000000000341e+01 -1.308026603648413122e+01
4.409899999999999665e+01 -1.314662584502031528e+01
4.850900000000000034e+01 -1.321125634165134954e+01
5.335900000000000176e+01 -1.327421295679511104e+01
5.869500000000000028e+01 -1.333574535330232003e+01
6.456499999999999773e+01 -1.339602946758287594e+01
7.102100000000000080e+01 -1.345529389332927828e+01
7.812399999999999523e+01 -1.351396774099556275e+01
8.593600000000000705e+01 -1.357246634494372906e+01
9.453000000000000114e+01 -1.363121012710044333e+01
1.039830000000000041e+02 -1.369066981991832144e+01
1.143810000000000002e+02 -1.375119956270875399e+01
1.258190000000000026e+02 -1.381322916232745079e+01
1.384010000000000105e+02 -1.387716747491403524e+01
1.522410000000000139e+02 -1.394348791711260915e+01
1.674650000000000034e+02 -1.401269352042208816e+01
1.842110000000000127e+02 -1.408530176401128031e+01
2.026330000000000098e+02 -1.416166715701139367e+01
2.228959999999999866e+02 -1.424207837010226285e+01
2.451850000000000023e+02 -1.432662472335439574e+01
2.697040000000000077e+02 -1.441520783341295520e+01
2.966739999999999782e+02 -1.450769719998909757e+01
3.263419999999999845e+02 -1.460396979833031139e+01
3.589759999999999991e+02 -1.470384279653465676e+01
3.948729999999999905e+02 -1.480735546108027023e+01
