# # theta [arcmin], log_e(xip)
5.000000000000000000e-01 -9.572348224915582904e+00
5.500000000000000444e-01 -9.611221900752058289e+00
6.049999999999999822e-01 -9.651842689965755895e+00
6.660000000000000364e-01 -9.694616084608803419e+00
7.319999999999999840e-01 -9.738543446158516304e+00
8.050000000000000488e-01 -9.784638596286113099e+00
8.860000000000000098e-01 -9.833109427622558130e+00
9.739999999999999769e-01 -9.882979683785094949e+00
1.072000000000000064e+00 -9.935529661633378140e+00
1.179000000000000048e+00 -9.989765525804752855e+00
1.296999999999999931e+00 -1.004624676223263080e+01
1.427000000000000046e+00 -1.010491927083604757e+01
1.568999999999999950e+00 -1.016527110564910075e+01
1.725999999999999979e+00 -1.022801647531774094e+01
1.899000000000000021e+00 -1.029291239628526178e+01
2.088999999999999968e+00 -1.035970252376999312e+01
2.297000000000000153e+00 -1.042809943827419161e+01
2.527000000000000135e+00 -1.049868766929179387e+01
2.779999999999999805e+00 -1.057097790258641545e+01
3.057999999999999829e+00 -1.064476083780180460e+01
3.363999999999999879e+00 -1.072001621082525169e+01
3.700000000000000178e+00 -1.079640996294059363e+01
4.070000000000000284e+00 -1.087395890099845452e+01
4.477000000000000313e+00 -1.095235527547804111e+01
4.924999999999999822e+00 -1.103142628844229733e+01
5.416999999999999815e+00 -1.111076915824613565e+01
5.958999999999999631e+00 -1.119040872632955619e+01
6.554999999999999716e+00 -1.126998791384803589e+01
7.209999999999999964e+00 -1.134921179945384218e+01
7.932000000000000384e+00 -1.142810097748126807e+01
8.724999999999999645e+00 -1.150616536601453177e+01
9.596999999999999531e+00 -1.158333719971060205e+01
1.055700000000000038e+01 -1.165959049895160504e+01
1.161299999999999955e+01 -1.173477622729634540e+01
1.277399999999999913e+01 -1.180874818274426019e+01
1.405100000000000016e+01 -1.188150325324802203e+01
1.545599999999999952e+01 -1.195307301577701686e+01
1.700199999999999889e+01 -1.202350611874381769e+01
1.870200000000000173e+01 -1.209287664759717984e+01
2.057199999999999918e+01 -1.216134462546978057e+01
2.262999999999999901e+01 -1.222905963352551595e+01
2.489300000000000068e+01 -1.229614550407574391e+01
2.738200000000000145e+01 -1.236284178386302912e+01
3.012000000000000099e+01 -1.242939046202767805e+01
3.313199999999999790e+01 -1.249608837216929835e+01
3.644500000000000028e+01 -1.256319111638385699e+01
4.009000000000000341e+01 -1.263096983959344044e+01
4.409899999999999665e+01 -1.269969411314307095e+01
4.850900000000000034e+01 -1.276966071253001189e+01
5.335900000000000176e+01 -1.284113848272512470e+01
5.869500000000000028e+01 -1.291449631980006352e+01
6.456499999999999773e+01 -1.299001099203579379e+01
7.102100000000000080e+01 -1.306792680330057799e+01
7.812399999999999523e+01 -1.314859031647179322e+01
8.593600000000000705e+01 -1.323227255589453222e+01
9.453000000000000114e+01 -1.331924786073346390e+01
1.039830000000000041e+02 -1.340979148210864835e+01
1.143810000000000002e+02 -1.350409682229098607e+01
1.258190000000000026e+02 -1.360234865799371384e+01
1.384010000000000105e+02 -1.370463487881833764e+01
1.522410000000000139e+02 -1.381098282364089691e+01
1.674650000000000034e+02 -1.392135029954361336e+01
1.842110000000000127e+02 -1.403573375267390055e+01
2.026330000000000098e+02 -1.415422841410268262e+01
2.228959999999999866e+02 -1.427730477682045063e+01
2.451850000000000023e+02 -1.440600801374223749e+01
2.697040000000000077e+02 -1.454197380645654825e+01
2.966739999999999782e+02 -1.468713079032269953e+01
3.263419999999999845e+02 -1.484334281307134695e+01
3.589759999999999991e+02 -1.501208612278640331e+01
3.948729999999999905e+02 -1.519456757197629315e+01
