# # theta [arcmin], log_e(xip)
5.000000000000000000e-01 -9.244480262397113179e+00
5.500000000000000444e-01 -9.293134653425795477e+00
6.049999999999999822e-01 -9.343880678926151262e+00
6.660000000000000364e-01 -9.397179115915136549e+00
7.319999999999999840e-01 -9.451736619850018783e+00
8.050000000000000488e-01 -9.508757189520220976e+00
8.860000000000000098e-01 -9.568428313726299095e+00
9.739999999999999769e-01 -9.629475845192875028e+00
1.072000000000000064e+00 -9.693389038944433267e+00
1.179000000000000048e+00 -9.758869593630347339e+00
1.296999999999999931e+00 -9.826503548700681989e+00
1.427000000000000046e+00 -9.896121746811360254e+00
1.568999999999999950e+00 -9.967016663299810730e+00
1.725999999999999979e+00 -1.003992304368994049e+01
1.899000000000000021e+00 -1.011444268532546609e+01
2.088999999999999968e+00 -1.019018131352861012e+01
2.297000000000000153e+00 -1.026671879927726039e+01
2.527000000000000135e+00 -1.034461331035021736e+01
2.779999999999999805e+00 -1.042323519271851850e+01
3.057999999999999829e+00 -1.050229593402019113e+01
3.363999999999999879e+00 -1.058173390392817836e+01
3.700000000000000178e+00 -1.066119202774319952e+01
4.070000000000000284e+00 -1.074069819375002766e+01
4.477000000000000313e+00 -1.081997980471413534e+01
4.924999999999999822e+00 -1.089894866433899168e+01
5.416999999999999815e+00 -1.097733132905528564e+01
5.958999999999999631e+00 -1.105532278564318638e+01
6.554999999999999716e+00 -1.113278773754174544e+01
7.209999999999999964e+00 -1.120967323892758749e+01
7.932000000000000384e+00 -1.128627925513278996e+01
8.724999999999999645e+00 -1.136243088912475230e+01
9.596999999999999531e+00 -1.143838308718429708e+01
1.055700000000000038e+01 -1.151445072759208443e+01
1.161299999999999955e+01 -1.159082754874812515e+01
1.277399999999999913e+01 -1.166769041675721574e+01
1.405100000000000016e+01 -1.174535979219179715e+01
1.545599999999999952e+01 -1.182416784797502274e+01
1.700199999999999889e+01 -1.190443219607521108e+01
1.870200000000000173e+01 -1.198645851530146800e+01
2.057199999999999918e+01 -1.207061648146723343e+01
2.262999999999999901e+01 -1.215724267262931058e+01
2.489300000000000068e+01 -1.224659093617312067e+01
2.738200000000000145e+01 -1.233902226456063289e+01
3.012000000000000099e+01 -1.243487241311857083e+01
3.313199999999999790e+01 -1.253450977029844537e+01
3.644500000000000028e+01 -1.263823466599620993e+01
4.009000000000000341e+01 -1.274636175274735628e+01
4.409899999999999665e+01 -1.285916138700413391e+01
4.850900000000000034e+01 -1.297692972354916563e+01
5.335900000000000176e+01 -1.309991914418411696e+01
5.869500000000000028e+01 -1.322852588123538276e+01
6.456499999999999773e+01 -1.336299966337202783e+01
7.102100000000000080e+01 -1.350352497300198351e+01
7.812399999999999523e+01 -1.365047589557779517e+01
8.593600000000000705e+01 -1.380410188506838232e+01
9.453000000000000114e+01 -1.396469467494167205e+01
1.039830000000000041e+02 -1.413260661114474104e+01
1.143810000000000002e+02 -1.430805039052302163e+01
1.258190000000000026e+02 -1.449126153375333992e+01
1.384010000000000105e+02 -1.468239488701161832e+01
1.522410000000000139e+02 -1.488170541571929917e+01
1.674650000000000034e+02 -1.508955753245563791e+01
1.842110000000000127e+02 -1.530673397227975130e+01
2.026330000000000098e+02 -1.553410562863562028e+01
2.228959999999999866e+02 -1.577324078976990940e+01
2.451850000000000023e+02 -1.602632354092964917e+01
2.697040000000000077e+02 -1.629615769238199618e+01
2.966739999999999782e+02 -1.658659529176188485e+01
3.263419999999999845e+02 -1.690327544840490148e+01
3.589759999999999991e+02 -1.725282819217891372e+01
3.948729999999999905e+02 -1.764657819539696604e+01
