# # theta [arcmin], log_e(xim)
5.000000000000000000e-01 -1.137978452356186132e+01
5.500000000000000444e-01 -1.135711131233849436e+01
6.049999999999999822e-01 -1.133598837845311280e+01
6.660000000000000364e-01 -1.131642162060491330e+01
7.319999999999999840e-01 -1.129896636187218206e+01
8.050000000000000488e-01 -1.128328705101302631e+01
8.860000000000000098e-01 -1.126953467932984054e+01
9.739999999999999769e-01 -1.125815922328010465e+01
1.072000000000000064e+00 -1.124904389066127308e+01
1.179000000000000048e+00 -1.124258082091589195e+01
1.296999999999999931e+00 -1.123878846421747291e+01
1.427000000000000046e+00 -1.123779609911591137e+01
1.568999999999999950e+00 -1.123973311333006464e+01
1.725999999999999979e+00 -1.124477872054226069e+01
1.899000000000000021e+00 -1.125309826227782395e+01
2.088999999999999968e+00 -1.126482006901916399e+01
2.297000000000000153e+00 -1.127992742898010725e+01
2.527000000000000135e+00 -1.129863539027378927e+01
2.779999999999999805e+00 -1.132095560312632720e+01
3.057999999999999829e+00 -1.134694079808431333e+01
3.363999999999999879e+00 -1.137670194936284496e+01
3.700000000000000178e+00 -1.141021184926338883e+01
4.070000000000000284e+00 -1.144749078300475098e+01
4.477000000000000313e+00 -1.148844555792690691e+01
4.924999999999999822e+00 -1.153307215344866954e+01
5.416999999999999815e+00 -1.158120698238663415e+01
5.958999999999999631e+00 -1.163292437887244546e+01
6.554999999999999716e+00 -1.168801936432174315e+01
7.209999999999999964e+00 -1.174619081933812303e+01
7.932000000000000384e+00 -1.180741250545257515e+01
8.724999999999999645e+00 -1.187122730301236295e+01
9.596999999999999531e+00 -1.193744480749040093e+01
1.055700000000000038e+01 -1.200589283416827335e+01
1.161299999999999955e+01 -1.207618801928251884e+01
1.277399999999999913e+01 -1.214784487032761717e+01
1.405100000000000016e+01 -1.222054060351144145e+01
1.545599999999999952e+01 -1.229393711357124985e+01
1.700199999999999889e+01 -1.236764590466808933e+01
1.870200000000000173e+01 -1.244129510400959227e+01
2.057199999999999918e+01 -1.251452575003069079e+01
2.262999999999999901e+01 -1.258698876111693288e+01
2.489300000000000068e+01 -1.265835958624396262e+01
2.738200000000000145e+01 -1.272847805699336021e+01
3.012000000000000099e+01 -1.279721934904494596e+01
3.313199999999999790e+01 -1.286459426990230170e+01
3.644500000000000028e+01 -1.293057923244671237e+01
4.009000000000000341e+01 -1.299527576390283379e+01
4.409899999999999665e+01 -1.305887462583206826e+01
4.850900000000000034e+01 -1.312163864008987169e+01
5.335900000000000176e+01 -1.318387395406288043e+01
5.869500000000000028e+01 -1.324604062484805311e+01
6.456499999999999773e+01 -1.330849839621047437e+01
7.102100000000000080e+01 -1.337160645241936940e+01
7.812399999999999523e+01 -1.343588510337981035e+01
8.593600000000000705e+01 -1.350179603919301741e+01
9.453000000000000114e+01 -1.356977298480556726e+01
1.039830000000000041e+02 -1.364026313059258833e+01
1.143810000000000002e+02 -1.371356245797976570e+01
1.258190000000000026e+02 -1.379002021486502372e+01
1.384010000000000105e+02 -1.386993675476966992e+01
1.522410000000000139e+02 -1.395363465234502698e+01
1.674650000000000034e+02 -1.404141830113914935e+01
1.842110000000000127e+02 -1.413357252833107403e+01
2.026330000000000098e+02 -1.423018347816090667e+01
2.228959999999999866e+02 -1.433131874075371570e+01
2.451850000000000023e+02 -1.443693427848975652e+01
2.697040000000000077e+02 -1.454691926384526646e+01
2.966739999999999782e+02 -1.466114689943882077e+01
3.263419999999999845e+02 -1.477954064380234023e+01
3.589759999999999991e+02 -1.490198925725914947e+01
3.948729999999999905e+02 -1.502846793630334332e+01
