# # theta [arcmin], log_e(xip)
5.000000000000000000e-01 -8.681763046153530894e+00
5.500000000000000444e-01 -8.727161419739426051e+00
6.049999999999999822e-01 -8.774667481321243301e+00
6.660000000000000364e-01 -8.824746053487196207e+00
7.319999999999999840e-01 -8.876211593394767618e+00
8.050000000000000488e-01 -8.930232158924084729e+00
8.860000000000000098e-01 -8.987030434504918119e+00
9.739999999999999769e-01 -9.045432049353106407e+00
1.072000000000000064e+00 -9.106903304960249912e+00
1.179000000000000048e+00 -9.170242159322841147e+00
1.296999999999999931e+00 -9.236056413090913964e+00
1.427000000000000046e+00 -9.304229601808263084e+00
1.568999999999999950e+00 -9.374108669844989805e+00
1.725999999999999979e+00 -9.446457340317357065e+00
1.899000000000000021e+00 -9.520922391470481472e+00
2.088999999999999968e+00 -9.597139675196554975e+00
2.297000000000000153e+00 -9.674708391145717457e+00
2.527000000000000135e+00 -9.754213946321712569e+00
2.779999999999999805e+00 -9.835028290059812051e+00
3.057999999999999829e+00 -9.916852871830302618e+00
3.363999999999999879e+00 -9.999614165531347965e+00
3.700000000000000178e+00 -1.008291426344256614e+01
4.070000000000000284e+00 -1.016675542513450736e+01
4.477000000000000313e+00 -1.025081347791542363e+01
4.924999999999999822e+00 -1.033494792882215840e+01
5.416999999999999815e+00 -1.041881596532463305e+01
5.958999999999999631e+00 -1.050257187633034306e+01
6.554999999999999716e+00 -1.058601611074793425e+01
7.209999999999999964e+00 -1.066904199842569589e+01
7.932000000000000384e+00 -1.075192619670311878e+01
8.724999999999999645e+00 -1.083443974020607037e+01
9.596999999999999531e+00 -1.091682677420034331e+01
1.055700000000000038e+01 -1.099940148504394344e+01
1.161299999999999955e+01 -1.108235872224155294e+01
1.277399999999999913e+01 -1.116587862280603005e+01
1.405100000000000016e+01 -1.125029815817832635e+01
1.545599999999999952e+01 -1.133597581104467622e+01
1.700199999999999889e+01 -1.142325479370672170e+01
1.870200000000000173e+01 -1.151246956890663320e+01
2.057199999999999918e+01 -1.160402383690288808e+01
2.262999999999999901e+01 -1.169827552304822227e+01
2.489300000000000068e+01 -1.179549648778385240e+01
2.738200000000000145e+01 -1.189607331599786200e+01
3.012000000000000099e+01 -1.200035915906562600e+01
3.313199999999999790e+01 -1.210874976529421509e+01
3.644500000000000028e+01 -1.222155812911604045e+01
4.009000000000000341e+01 -1.233910884649661099e+01
4.409899999999999665e+01 -1.246168257198221774e+01
4.850900000000000034e+01 -1.258958655382513392e+01
5.335900000000000176e+01 -1.272307195399698188e+01
5.869500000000000028e+01 -1.286256586576876870e+01
6.456499999999999773e+01 -1.300832155358390985e+01
7.102100000000000080e+01 -1.316051498225760774e+01
7.812399999999999523e+01 -1.331955230791757927e+01
8.593600000000000705e+01 -1.348571268831599212e+01
9.453000000000000114e+01 -1.365930028626748971e+01
1.039830000000000041e+02 -1.384072908882541775e+01
1.143810000000000002e+02 -1.403023688372397260e+01
1.258190000000000026e+02 -1.422812264499103740e+01
1.384010000000000105e+02 -1.443460908241537410e+01
1.522410000000000139e+02 -1.465011716080353921e+01
1.674650000000000034e+02 -1.487529269050580005e+01
1.842110000000000127e+02 -1.511143967260771070e+01
2.026330000000000098e+02 -1.536000518743792398e+01
2.228959999999999866e+02 -1.562334514230200000e+01
2.451850000000000023e+02 -1.590464532755107285e+01
2.697040000000000077e+02 -1.620827017086844180e+01
2.966739999999999782e+02 -1.654067187273731321e+01
3.263419999999999845e+02 -1.691208070088732640e+01
3.589759999999999991e+02 -1.733786794583482660e+01
3.948729999999999905e+02 -1.784950856055505852e+01
