# # theta [arcmin], log_e(xip)
5.000000000000000000e-01 -9.153187180372091447e+00
5.500000000000000444e-01 -9.204555138755539545e+00
6.049999999999999822e-01 -9.258087120692898964e+00
6.660000000000000364e-01 -9.314253713074212015e+00
7.319999999999999840e-01 -9.371677646961547481e+00
8.050000000000000488e-01 -9.431610304610591911e+00
8.860000000000000098e-01 -9.494228052247521532e+00
9.739999999999999769e-01 -9.558173803250998191e+00
1.072000000000000064e+00 -9.624985740018249913e+00
1.179000000000000048e+00 -9.693283030588476734e+00
1.296999999999999931e+00 -9.763653960553950739e+00
1.427000000000000046e+00 -9.835896196045993634e+00
1.568999999999999950e+00 -9.909252337022246948e+00
1.725999999999999979e+00 -9.984459892183599194e+00
1.899000000000000021e+00 -1.006108543380753417e+01
2.088999999999999968e+00 -1.013870697456370173e+01
2.297000000000000153e+00 -1.021688436644071984e+01
2.527000000000000135e+00 -1.029617968354448188e+01
2.779999999999999805e+00 -1.037595308979198450e+01
3.057999999999999829e+00 -1.045592541353747151e+01
3.363999999999999879e+00 -1.053606018312144776e+01
3.700000000000000178e+00 -1.061603776024302803e+01
4.070000000000000284e+00 -1.069593851673118756e+01
4.477000000000000313e+00 -1.077555280830986639e+01
4.924999999999999822e+00 -1.085487399708834388e+01
5.416999999999999815e+00 -1.093372107824333384e+01
5.958999999999999631e+00 -1.101239323689741845e+01
6.554999999999999716e+00 -1.109086745037628852e+01
7.209999999999999964e+00 -1.116920030876125480e+01
7.932000000000000384e+00 -1.124780883788405639e+01
8.724999999999999645e+00 -1.132662184711570141e+01
9.596999999999999531e+00 -1.140599667969030939e+01
1.055700000000000038e+01 -1.148634585339502578e+01
1.161299999999999955e+01 -1.156794453354789987e+01
1.277399999999999913e+01 -1.165103325620804497e+01
1.405100000000000016e+01 -1.173599414408743158e+01
1.545599999999999952e+01 -1.182320876514974906e+01
1.700199999999999889e+01 -1.191302966844022038e+01
1.870200000000000173e+01 -1.200578298628946783e+01
2.057199999999999918e+01 -1.210185876700951901e+01
2.262999999999999901e+01 -1.220160942055350617e+01
2.489300000000000068e+01 -1.230527924653386762e+01
2.738200000000000145e+01 -1.241323433979576052e+01
3.012000000000000099e+01 -1.252581052581542664e+01
3.313199999999999790e+01 -1.264338080479110360e+01
3.644500000000000028e+01 -1.276623978543216076e+01
4.009000000000000341e+01 -1.289470164844441058e+01
4.409899999999999665e+01 -1.302902559604501320e+01
4.850900000000000034e+01 -1.316950215586203043e+01
5.335900000000000176e+01 -1.331637479515703326e+01
5.869500000000000028e+01 -1.347007928788632292e+01
6.456499999999999773e+01 -1.363086669980075172e+01
7.102100000000000080e+01 -1.379890617686436016e+01
7.812399999999999523e+01 -1.397462329512729617e+01
8.593600000000000705e+01 -1.415831767765365434e+01
9.453000000000000114e+01 -1.435034185948107499e+01
1.039830000000000041e+02 -1.455121310947375868e+01
1.143810000000000002e+02 -1.476125842224852569e+01
1.258190000000000026e+02 -1.498092023709537735e+01
1.384010000000000105e+02 -1.521065637791840253e+01
1.522410000000000139e+02 -1.545126061872906043e+01
1.674650000000000034e+02 -1.570392587199781254e+01
1.842110000000000127e+02 -1.597092815403899024e+01
2.026330000000000098e+02 -1.625484834067943041e+01
2.228959999999999866e+02 -1.655994744786315209e+01
2.451850000000000023e+02 -1.689246134684944067e+01
2.697040000000000077e+02 -1.726206237766802332e+01
2.966739999999999782e+02 -1.768554888505103406e+01
3.263419999999999845e+02 -1.819660642593590438e+01
3.589759999999999991e+02 -1.887462930826965746e+01
3.948729999999999905e+02 -2.005872802947853728e+01
