# # theta [arcmin], log_e(xip)
5.000000000000000000e-01 -8.839245201081149972e+00
5.500000000000000444e-01 -8.885947223261650763e+00
6.049999999999999822e-01 -8.934794901026547720e+00
6.660000000000000364e-01 -8.986258860683996375e+00
7.319999999999999840e-01 -9.039117680348491390e+00
8.050000000000000488e-01 -9.094565573701514083e+00
8.860000000000000098e-01 -9.152821745242910367e+00
9.739999999999999769e-01 -9.212674995089162877e+00
1.072000000000000064e+00 -9.275620608116330601e+00
1.179000000000000048e+00 -9.340417167171107593e+00
1.296999999999999931e+00 -9.407678150005537532e+00
1.427000000000000046e+00 -9.477272945295005968e+00
1.568999999999999950e+00 -9.548524332761669342e+00
1.725999999999999979e+00 -9.622200082040810898e+00
1.899000000000000021e+00 -9.697928099274994551e+00
2.088999999999999968e+00 -9.775327082528789902e+00
2.297000000000000153e+00 -9.853980312193945323e+00
2.527000000000000135e+00 -9.934471021133020940e+00
2.779999999999999805e+00 -1.001615380130267319e+01
3.057999999999999829e+00 -1.009872074692715316e+01
3.363999999999999879e+00 -1.018209386788203652e+01
3.700000000000000178e+00 -1.026587334379420291e+01
4.070000000000000284e+00 -1.035006344686085633e+01
4.477000000000000313e+00 -1.043434344950766324e+01
4.924999999999999822e+00 -1.051858354564468279e+01
5.416999999999999815e+00 -1.060245523942600521e+01
5.958999999999999631e+00 -1.068613108599151040e+01
6.554999999999999716e+00 -1.076943313937429991e+01
7.209999999999999964e+00 -1.085227719955101655e+01
7.932000000000000384e+00 -1.093496357213744474e+01
8.724999999999999645e+00 -1.101728942098409902e+01
9.596999999999999531e+00 -1.109952128816541617e+01
1.055700000000000038e+01 -1.118199570237805496e+01
1.161299999999999955e+01 -1.126492775313960593e+01
1.277399999999999913e+01 -1.134851248032790494e+01
1.405100000000000016e+01 -1.143310278150024217e+01
1.545599999999999952e+01 -1.151906829356847695e+01
1.700199999999999889e+01 -1.160675900554308804e+01
1.870200000000000173e+01 -1.169651518554405811e+01
2.057199999999999918e+01 -1.178874273670595052e+01
2.262999999999999901e+01 -1.188380351141837998e+01
2.489300000000000068e+01 -1.198196811610337242e+01
2.738200000000000145e+01 -1.208362318127385038e+01
3.012000000000000099e+01 -1.218912074436200221e+01
3.313199999999999790e+01 -1.229885504287024922e+01
3.644500000000000028e+01 -1.241313666815715244e+01
4.009000000000000341e+01 -1.253228822198421000e+01
4.409899999999999665e+01 -1.265658742219206268e+01
4.850900000000000034e+01 -1.278633552522154204e+01
5.335900000000000176e+01 -1.292178041306316771e+01
5.869500000000000028e+01 -1.306334616442462071e+01
6.456499999999999773e+01 -1.321128038714104491e+01
7.102100000000000080e+01 -1.336575045319559685e+01
7.812399999999999523e+01 -1.352715920952763895e+01
8.593600000000000705e+01 -1.369577742498427675e+01
9.453000000000000114e+01 -1.387190113725286977e+01
1.039830000000000041e+02 -1.405594320813560749e+01
1.143810000000000002e+02 -1.424813547719565143e+01
1.258190000000000026e+02 -1.444878087856495164e+01
1.384010000000000105e+02 -1.465811412049550633e+01
1.522410000000000139e+02 -1.487658402784003897e+01
1.674650000000000034e+02 -1.510486588476573644e+01
1.842110000000000127e+02 -1.534431040152595571e+01
2.026330000000000098e+02 -1.559640130630722865e+01
2.228959999999999866e+02 -1.586366275681710825e+01
2.451850000000000023e+02 -1.614959302601852542e+01
2.697040000000000077e+02 -1.645896684883791750e+01
2.966739999999999782e+02 -1.679905520330215296e+01
3.263419999999999845e+02 -1.718170640315590703e+01
3.589759999999999991e+02 -1.762505594930484421e+01
3.948729999999999905e+02 -1.816816636922857242e+01
