# # theta [arcmin], log_e(xim)
5.000000000000000000e-01 -1.134551029166126135e+01
5.500000000000000444e-01 -1.131899324027421017e+01
6.049999999999999822e-01 -1.129359557643237721e+01
6.660000000000000364e-01 -1.126925954543549047e+01
7.319999999999999840e-01 -1.124663890277936851e+01
8.050000000000000488e-01 -1.122526989286957821e+01
8.860000000000000098e-01 -1.120526136954992857e+01
9.739999999999999769e-01 -1.118717839502422784e+01
1.072000000000000064e+00 -1.117072963937942021e+01
1.179000000000000048e+00 -1.115643773855560283e+01
1.296999999999999931e+00 -1.114424537207073129e+01
1.427000000000000046e+00 -1.113429315802304664e+01
1.568999999999999950e+00 -1.112680017127265053e+01
1.725999999999999979e+00 -1.112184532620532096e+01
1.899000000000000021e+00 -1.111964832936903491e+01
2.088999999999999968e+00 -1.112040038574524736e+01
2.297000000000000153e+00 -1.112415832859277742e+01
2.527000000000000135e+00 -1.113106885731441587e+01
2.779999999999999805e+00 -1.114125501769905036e+01
3.057999999999999829e+00 -1.115483991640217631e+01
3.363999999999999879e+00 -1.117197825599004801e+01
3.700000000000000178e+00 -1.119273941699751695e+01
4.070000000000000284e+00 -1.121718891706991350e+01
4.477000000000000313e+00 -1.124533105543341982e+01
4.924999999999999822e+00 -1.127723930210330927e+01
5.416999999999999815e+00 -1.131287368827151418e+01
5.958999999999999631e+00 -1.135237076330550288e+01
6.554999999999999716e+00 -1.139565189240146204e+01
7.209999999999999964e+00 -1.144253876531323044e+01
7.932000000000000384e+00 -1.149307676030425363e+01
8.724999999999999645e+00 -1.154696975096990030e+01
9.596999999999999531e+00 -1.160413425697579193e+01
1.055700000000000038e+01 -1.166450433806265430e+01
1.161299999999999955e+01 -1.172781492521309943e+01
1.277399999999999913e+01 -1.179368819802632018e+01
1.405100000000000016e+01 -1.186187929358471393e+01
1.545599999999999952e+01 -1.193211705161147762e+01
1.700199999999999889e+01 -1.200405974214131000e+01
1.870200000000000173e+01 -1.207734650465747883e+01
2.057199999999999918e+01 -1.215158654358160817e+01
2.262999999999999901e+01 -1.222634739625908473e+01
2.489300000000000068e+01 -1.230117682655370537e+01
2.738200000000000145e+01 -1.237573799111497053e+01
3.012000000000000099e+01 -1.244967837659747367e+01
3.313199999999999790e+01 -1.252274586270485202e+01
3.644500000000000028e+01 -1.259461456205871954e+01
4.009000000000000341e+01 -1.266506417116932148e+01
4.409899999999999665e+01 -1.273396474327621597e+01
4.850900000000000034e+01 -1.280126949818232696e+01
5.335900000000000176e+01 -1.286698538326850638e+01
5.869500000000000028e+01 -1.293131996679850459e+01
6.456499999999999773e+01 -1.299441045304117104e+01
7.102100000000000080e+01 -1.305645392142750794e+01
7.812399999999999523e+01 -1.311785853944058111e+01
8.593600000000000705e+01 -1.317902262173246264e+01
9.453000000000000114e+01 -1.324035387207884717e+01
1.039830000000000041e+02 -1.330231694011064114e+01
1.143810000000000002e+02 -1.336526011973671046e+01
1.258190000000000026e+02 -1.342962726153385233e+01
1.384010000000000105e+02 -1.349584955589067370e+01
1.522410000000000139e+02 -1.356444604979968815e+01
1.674650000000000034e+02 -1.363596368036814255e+01
1.842110000000000127e+02 -1.371093254838448772e+01
2.026330000000000098e+02 -1.378964984737827493e+01
2.228959999999999866e+02 -1.387227616660934437e+01
2.451850000000000023e+02 -1.395876552886655908e+01
2.697040000000000077e+02 -1.404897114736052899e+01
2.966739999999999782e+02 -1.414276859599734237e+01
3.263419999999999845e+02 -1.424009763107176774e+01
3.589759999999999991e+02 -1.434091054027362766e+01
3.948729999999999905e+02 -1.444532544458625800e+01
