# # theta [arcmin], log_e(xim)
5.000000000000000000e-01 -1.145202793921898987e+01
5.500000000000000444e-01 -1.143038004554019871e+01
6.049999999999999822e-01 -1.141027682312045854e+01
6.660000000000000364e-01 -1.139173313645180308e+01
7.319999999999999840e-01 -1.137527880169957406e+01
8.050000000000000488e-01 -1.136059672959051525e+01
8.860000000000000098e-01 -1.134784077984034667e+01
9.739999999999999769e-01 -1.133743636299375979e+01
1.072000000000000064e+00 -1.132928893979295104e+01
1.179000000000000048e+00 -1.132376898622988648e+01
1.296999999999999931e+00 -1.132090113271488896e+01
1.427000000000000046e+00 -1.132081035528869606e+01
1.568999999999999950e+00 -1.132361588140864761e+01
1.725999999999999979e+00 -1.132950118306782095e+01
1.899000000000000021e+00 -1.133862515923424397e+01
2.088999999999999968e+00 -1.135110938241150613e+01
2.297000000000000153e+00 -1.136692908411313496e+01
2.527000000000000135e+00 -1.138630250571378255e+01
2.779999999999999805e+00 -1.140923143713219368e+01
3.057999999999999829e+00 -1.143576166661295623e+01
3.363999999999999879e+00 -1.146600084937875685e+01
3.700000000000000178e+00 -1.149991743740234185e+01
4.070000000000000284e+00 -1.153752896403132766e+01
4.477000000000000313e+00 -1.157873989306434126e+01
4.924999999999999822e+00 -1.162354567750333878e+01
5.416999999999999815e+00 -1.167178650447695887e+01
5.958999999999999631e+00 -1.172354279795903409e+01
6.554999999999999716e+00 -1.177861997856675025e+01
7.209999999999999964e+00 -1.183673210990263414e+01
7.932000000000000384e+00 -1.189787320127293668e+01
8.724999999999999645e+00 -1.196161075344893199e+01
9.596999999999999531e+00 -1.202778404351018793e+01
1.055700000000000038e+01 -1.209625493792700368e+01
1.161299999999999955e+01 -1.216667713996166889e+01
1.277399999999999913e+01 -1.223860348189305292e+01
1.405100000000000016e+01 -1.231174809966480588e+01
1.545599999999999952e+01 -1.238580715162743218e+01
1.700199999999999889e+01 -1.246041872175816856e+01
1.870200000000000173e+01 -1.253522720180228589e+01
2.057199999999999918e+01 -1.260987573555587637e+01
2.262999999999999901e+01 -1.268400232307220321e+01
2.489300000000000068e+01 -1.275724641776585955e+01
2.738200000000000145e+01 -1.282939716563994104e+01
3.012000000000000099e+01 -1.290025756435426274e+01
3.313199999999999790e+01 -1.296975045074222344e+01
3.644500000000000028e+01 -1.303775112601642228e+01
4.009000000000000341e+01 -1.310425237617951133e+01
4.409899999999999665e+01 -1.316933444712977774e+01
4.850900000000000034e+01 -1.323315249015724326e+01
5.335900000000000176e+01 -1.329591292105121170e+01
5.869500000000000028e+01 -1.335799331013119229e+01
6.456499999999999773e+01 -1.341968442251960347e+01
7.102100000000000080e+01 -1.348129873128865697e+01
7.812399999999999523e+01 -1.354333001580198648e+01
8.593600000000000705e+01 -1.360622741992184892e+01
9.453000000000000114e+01 -1.367042887747692248e+01
1.039830000000000041e+02 -1.373639997689348213e+01
1.143810000000000002e+02 -1.380446973280729850e+01
1.258190000000000026e+02 -1.387502757465179926e+01
1.384010000000000105e+02 -1.394841688883774466e+01
1.522410000000000139e+02 -1.402501331932653450e+01
1.674650000000000034e+02 -1.410518447949766063e+01
1.842110000000000127e+02 -1.418929721866289562e+01
2.026330000000000098e+02 -1.427756538282770293e+01
2.228959999999999866e+02 -1.437020987656596560e+01
2.451850000000000023e+02 -1.446733135922735514e+01
2.697040000000000077e+02 -1.456890829281263677e+01
2.966739999999999782e+02 -1.467488754481634317e+01
3.263419999999999845e+02 -1.478518914470810408e+01
3.589759999999999991e+02 -1.489961302508268837e+01
3.948729999999999905e+02 -1.501814658950254611e+01
