# # theta [arcmin], log_e(xim)
5.000000000000000000e-01 -1.172363575560282101e+01
5.500000000000000444e-01 -1.170073408821703431e+01
6.049999999999999822e-01 -1.167898146606636800e+01
6.660000000000000364e-01 -1.165834900398054685e+01
7.319999999999999840e-01 -1.163939953347845169e+01
8.050000000000000488e-01 -1.162174941584603971e+01
8.860000000000000098e-01 -1.160551751224608807e+01
9.739999999999999769e-01 -1.159118997124806150e+01
1.072000000000000064e+00 -1.157856453815976927e+01
1.179000000000000048e+00 -1.156808844747874154e+01
1.296999999999999931e+00 -1.155973776141023279e+01
1.427000000000000046e+00 -1.155364506889924492e+01
1.568999999999999950e+00 -1.154999150110815798e+01
1.725999999999999979e+00 -1.154889705424786506e+01
1.899000000000000021e+00 -1.155056129072131554e+01
2.088999999999999968e+00 -1.155515449056127153e+01
2.297000000000000153e+00 -1.156271315650469056e+01
2.527000000000000135e+00 -1.157341162137344170e+01
2.779999999999999805e+00 -1.158734129989344552e+01
3.057999999999999829e+00 -1.160460926803407311e+01
3.363999999999999879e+00 -1.162536251590133141e+01
3.700000000000000178e+00 -1.164965075265176608e+01
4.070000000000000284e+00 -1.167753304476846132e+01
4.477000000000000313e+00 -1.170899631153262455e+01
4.924999999999999822e+00 -1.174410295209616173e+01
5.416999999999999815e+00 -1.178279342185314960e+01
5.958999999999999631e+00 -1.182520259810405605e+01
6.554999999999999716e+00 -1.187123817789214897e+01
7.209999999999999964e+00 -1.192071552368271981e+01
7.932000000000000384e+00 -1.197369141327703801e+01
8.724999999999999645e+00 -1.202986540982500152e+01
9.596999999999999531e+00 -1.208917035316988020e+01
1.055700000000000038e+01 -1.215156419529992426e+01
1.161299999999999955e+01 -1.221680988391387679e+01
1.277399999999999913e+01 -1.228456557140281546e+01
1.405100000000000016e+01 -1.235463367659213851e+01
1.545599999999999952e+01 -1.242679463120256500e+01
1.700199999999999889e+01 -1.250076107192418817e+01
1.870200000000000173e+01 -1.257622775429090467e+01
2.057199999999999918e+01 -1.265285830991985705e+01
2.262999999999999901e+01 -1.273027061523659853e+01
2.489300000000000068e+01 -1.280804545971110997e+01
2.738200000000000145e+01 -1.288586539477681825e+01
3.012000000000000099e+01 -1.296337612694983399e+01
3.313199999999999790e+01 -1.304029825465307013e+01
3.644500000000000028e+01 -1.311624761685041562e+01
4.009000000000000341e+01 -1.319091848757988927e+01
4.409899999999999665e+01 -1.326406462401494757e+01
4.850900000000000034e+01 -1.333549966879279225e+01
5.335900000000000176e+01 -1.340506785864333139e+01
5.869500000000000028e+01 -1.347281274054886957e+01
6.456499999999999773e+01 -1.353869885447095101e+01
7.102100000000000080e+01 -1.360276002747598056e+01
7.812399999999999523e+01 -1.366526119266339201e+01
8.593600000000000705e+01 -1.372647273560269632e+01
9.453000000000000114e+01 -1.378669572171720148e+01
1.039830000000000041e+02 -1.384632446752358348e+01
1.143810000000000002e+02 -1.390566778705284534e+01
1.258190000000000026e+02 -1.396514415518763919e+01
1.384010000000000105e+02 -1.402515155544254988e+01
1.522410000000000139e+02 -1.408617413666325824e+01
1.674650000000000034e+02 -1.414874872981512510e+01
1.842110000000000127e+02 -1.421346995453100703e+01
2.026330000000000098e+02 -1.428086485213805190e+01
2.228959999999999866e+02 -1.435150767563265717e+01
2.451850000000000023e+02 -1.442581569112231854e+01
2.697040000000000077e+02 -1.450391460498782870e+01
2.966739999999999782e+02 -1.458569559861084741e+01
3.263419999999999845e+02 -1.467094939973174128e+01
3.589759999999999991e+02 -1.475938808027402160e+01
3.948729999999999905e+02 -1.485087991440779298e+01
