# # theta [arcmin], log_e(xip)
5.000000000000000000e-01 -8.655360455966226496e+00
5.500000000000000444e-01 -8.695959874268455181e+00
6.049999999999999822e-01 -8.738487204181836887e+00
6.660000000000000364e-01 -8.783376689881846389e+00
7.319999999999999840e-01 -8.829585393278474470e+00
8.050000000000000488e-01 -8.878186732801845338e+00
8.860000000000000098e-01 -8.929407272695740971e+00
9.739999999999999769e-01 -8.982222015550449967e+00
1.072000000000000064e+00 -9.037990029586788765e+00
1.179000000000000048e+00 -9.095662597099883229e+00
1.296999999999999931e+00 -9.155834194429731454e+00
1.427000000000000046e+00 -9.218449159511591162e+00
1.568999999999999950e+00 -9.282957302439100999e+00
1.725999999999999979e+00 -9.350117054459976984e+00
1.899000000000000021e+00 -9.419661519389155302e+00
2.088999999999999968e+00 -9.491306513529014666e+00
2.297000000000000153e+00 -9.564728504091933203e+00
2.527000000000000135e+00 -9.640538689748769485e+00
2.779999999999999805e+00 -9.718192255028547777e+00
3.057999999999999829e+00 -9.797442291370026979e+00
3.363999999999999879e+00 -9.878245042386648578e+00
3.700000000000000178e+00 -9.960220668592707938e+00
4.070000000000000284e+00 -1.004336728184789607e+01
4.477000000000000313e+00 -1.012733835389269821e+01
4.924999999999999822e+00 -1.021193875119372585e+01
5.416999999999999815e+00 -1.029673994042994956e+01
5.958999999999999631e+00 -1.038178564593930453e+01
6.554999999999999716e+00 -1.046672955725570731e+01
7.209999999999999964e+00 -1.055130579014307557e+01
7.932000000000000384e+00 -1.063561384343766392e+01
8.724999999999999645e+00 -1.071922686393598845e+01
9.596999999999999531e+00 -1.080219478422298529e+01
1.055700000000000038e+01 -1.088463899077727426e+01
1.161299999999999955e+01 -1.096656861816458139e+01
1.277399999999999913e+01 -1.104800221904520008e+01
1.405100000000000016e+01 -1.112912944491293210e+01
1.545599999999999952e+01 -1.121018139604178998e+01
1.700199999999999889e+01 -1.129140643247246700e+01
1.870200000000000173e+01 -1.137307135292978089e+01
2.057199999999999918e+01 -1.145552674667237625e+01
2.262999999999999901e+01 -1.153909645732563760e+01
2.489300000000000068e+01 -1.162404609382909548e+01
2.738200000000000145e+01 -1.171075878957888605e+01
3.012000000000000099e+01 -1.179959458396596617e+01
3.313199999999999790e+01 -1.189096151285638037e+01
3.644500000000000028e+01 -1.198519325549569992e+01
4.009000000000000341e+01 -1.208262815508425803e+01
4.409899999999999665e+01 -1.218357834990794863e+01
4.850900000000000034e+01 -1.228837614019115954e+01
5.335900000000000176e+01 -1.239729949701784761e+01
5.869500000000000028e+01 -1.251076660302432231e+01
6.456499999999999773e+01 -1.262905040892299624e+01
7.102100000000000080e+01 -1.275236138440521749e+01
7.812399999999999523e+01 -1.288108014935754220e+01
8.593600000000000705e+01 -1.301547278291436882e+01
9.453000000000000114e+01 -1.315581365161066074e+01
1.039830000000000041e+02 -1.330241271763867239e+01
1.143810000000000002e+02 -1.345543201285311063e+01
1.258190000000000026e+02 -1.361503069889204731e+01
1.384010000000000105e+02 -1.378124054084698891e+01
1.522410000000000139e+02 -1.395415603382018688e+01
1.674650000000000034e+02 -1.413396652658531139e+01
1.842110000000000127e+02 -1.432120785411015440e+01
2.026330000000000098e+02 -1.451660160766865637e+01
2.228959999999999866e+02 -1.472140477141302917e+01
2.451850000000000023e+02 -1.493724736931861230e+01
2.697040000000000077e+02 -1.516598536794598040e+01
2.966739999999999782e+02 -1.540984165511159887e+01
3.263419999999999845e+02 -1.567158073428149123e+01
3.589759999999999991e+02 -1.595375817601711965e+01
3.948729999999999905e+02 -1.626004315994516958e+01
