# # theta [arcmin], log_e(xim)
5.000000000000000000e-01 -1.113846197946849692e+01
5.500000000000000444e-01 -1.111315520845791482e+01
6.049999999999999822e-01 -1.108876880409699339e+01
6.660000000000000364e-01 -1.106523582635539071e+01
7.319999999999999840e-01 -1.104317811856213360e+01
8.050000000000000488e-01 -1.102213562367897381e+01
8.860000000000000098e-01 -1.100220284650910152e+01
9.739999999999999769e-01 -1.098393384657861560e+01
1.072000000000000064e+00 -1.096702328012256622e+01
1.179000000000000048e+00 -1.095199625423799183e+01
1.296999999999999931e+00 -1.093878425504691165e+01
1.427000000000000046e+00 -1.092752943313334590e+01
1.568999999999999950e+00 -1.091846390460920624e+01
1.725999999999999979e+00 -1.091165511490945050e+01
1.899000000000000021e+00 -1.090733653818249138e+01
2.088999999999999968e+00 -1.090571914369941986e+01
2.297000000000000153e+00 -1.090688693885848437e+01
2.527000000000000135e+00 -1.091098280398389520e+01
2.779999999999999805e+00 -1.091816980667799442e+01
3.057999999999999829e+00 -1.092860256977596300e+01
3.363999999999999879e+00 -1.094246300120131288e+01
3.700000000000000178e+00 -1.095986367909049974e+01
4.070000000000000284e+00 -1.098089819299435099e+01
4.477000000000000313e+00 -1.100561461077648495e+01
4.924999999999999822e+00 -1.103412563597101048e+01
5.416999999999999815e+00 -1.106644062189374011e+01
5.958999999999999631e+00 -1.110272691064874273e+01
6.554999999999999716e+00 -1.114295421005998143e+01
7.209999999999999964e+00 -1.118698997396685968e+01
7.932000000000000384e+00 -1.123491198306414418e+01
8.724999999999999645e+00 -1.128647698096743035e+01
9.596999999999999531e+00 -1.134164126295926955e+01
1.055700000000000038e+01 -1.140038012211010887e+01
1.161299999999999955e+01 -1.146247477547449556e+01
1.277399999999999913e+01 -1.152758996507903611e+01
1.405100000000000016e+01 -1.159552422823901452e+01
1.545599999999999952e+01 -1.166604878937450351e+01
1.700199999999999889e+01 -1.173886504653644103e+01
1.870200000000000173e+01 -1.181365035976829425e+01
2.057199999999999918e+01 -1.189004629447996209e+01
2.262999999999999901e+01 -1.196764410708704851e+01
2.489300000000000068e+01 -1.204600266225483729e+01
2.738200000000000145e+01 -1.212478449835387018e+01
3.012000000000000099e+01 -1.220361925754917998e+01
3.313199999999999790e+01 -1.228222177635469947e+01
3.644500000000000028e+01 -1.236020752548225055e+01
4.009000000000000341e+01 -1.243728087915075697e+01
4.409899999999999665e+01 -1.251321865064163852e+01
4.850900000000000034e+01 -1.258786790779805287e+01
5.335900000000000176e+01 -1.266110979339283737e+01
5.869500000000000028e+01 -1.273303408756112454e+01
6.456499999999999773e+01 -1.280365040716388592e+01
7.102100000000000080e+01 -1.287303486419248522e+01
7.812399999999999523e+01 -1.294149829742464064e+01
8.593600000000000705e+01 -1.300934590123215173e+01
9.453000000000000114e+01 -1.307690781446187778e+01
1.039830000000000041e+02 -1.314459211532832050e+01
1.143810000000000002e+02 -1.321270994633220930e+01
1.258190000000000026e+02 -1.328167920701404192e+01
1.384010000000000105e+02 -1.335189101369260456e+01
1.522410000000000139e+02 -1.342382596651487958e+01
1.674650000000000034e+02 -1.349800127269434924e+01
1.842110000000000127e+02 -1.357495861580091479e+01
2.026330000000000098e+02 -1.365509468834748930e+01
2.228959999999999866e+02 -1.373876620697042483e+01
2.451850000000000023e+02 -1.382614379094202839e+01
2.697040000000000077e+02 -1.391722196195828865e+01
2.966739999999999782e+02 -1.401195168843814720e+01
3.263419999999999845e+02 -1.411026236218144270e+01
3.589759999999999991e+02 -1.421200903671675952e+01
3.948729999999999905e+02 -1.431726032552786698e+01
