# # theta [arcmin], log_e(xip)
5.000000000000000000e-01 -8.887817114442491118e+00
5.500000000000000444e-01 -8.929410293015697775e+00
6.049999999999999822e-01 -8.972946047012154480e+00
6.660000000000000364e-01 -9.018852620065985093e+00
7.319999999999999840e-01 -9.066047838679768489e+00
8.050000000000000488e-01 -9.115609450818849879e+00
8.860000000000000098e-01 -9.167745549843852260e+00
9.739999999999999769e-01 -9.221389489274137929e+00
1.072000000000000064e+00 -9.277896454710042207e+00
1.179000000000000048e+00 -9.336172451952011286e+00
1.296999999999999931e+00 -9.396790318857480173e+00
1.427000000000000046e+00 -9.459658893404995439e+00
1.568999999999999950e+00 -9.524192991959672838e+00
1.725999999999999979e+00 -9.591116574817920792e+00
1.899000000000000021e+00 -9.660124519645087560e+00
2.088999999999999968e+00 -9.730898873573297081e+00
2.297000000000000153e+00 -9.803087620252714629e+00
2.527000000000000135e+00 -9.877256611584671830e+00
2.779999999999999805e+00 -9.952839154282145273e+00
3.057999999999999829e+00 -1.002956859663252231e+01
3.363999999999999879e+00 -1.010738206112637627e+01
3.700000000000000178e+00 -1.018590059739298503e+01
4.070000000000000284e+00 -1.026511502574169299e+01
4.477000000000000313e+00 -1.034469663267240946e+01
4.924999999999999822e+00 -1.042447328248992733e+01
5.416999999999999815e+00 -1.050406576151781479e+01
5.958999999999999631e+00 -1.058355149314941634e+01
6.554999999999999716e+00 -1.066265445734021533e+01
7.209999999999999964e+00 -1.074118478017111400e+01
7.932000000000000384e+00 -1.081930139813861835e+01
8.724999999999999645e+00 -1.089668524700868169e+01
9.596999999999999531e+00 -1.097346165677601704e+01
1.055700000000000038e+01 -1.104982624137127445e+01
1.161299999999999955e+01 -1.112586739844116934e+01
1.277399999999999913e+01 -1.120168019796839154e+01
1.405100000000000016e+01 -1.127751506009384030e+01
1.545599999999999952e+01 -1.135365164514991498e+01
1.700199999999999889e+01 -1.143037636246851818e+01
1.870200000000000173e+01 -1.150798170551213673e+01
2.057199999999999918e+01 -1.158682898110343018e+01
2.262999999999999901e+01 -1.166725274372349297e+01
2.489300000000000068e+01 -1.174951995085752898e+01
2.738200000000000145e+01 -1.183400163166909813e+01
3.012000000000000099e+01 -1.192104378974688927e+01
3.313199999999999790e+01 -1.201102754409127904e+01
3.644500000000000028e+01 -1.210426507411031416e+01
4.009000000000000341e+01 -1.220107515381988250e+01
4.409899999999999665e+01 -1.230174182976887920e+01
4.850900000000000034e+01 -1.240657031151834389e+01
5.335900000000000176e+01 -1.251581547693942120e+01
5.869500000000000028e+01 -1.262986008711024155e+01
6.456499999999999773e+01 -1.274894843240152831e+01
7.102100000000000080e+01 -1.287326479117803935e+01
7.812399999999999523e+01 -1.300314537180994989e+01
8.593600000000000705e+01 -1.313880937449215303e+01
9.453000000000000114e+01 -1.328048961596996591e+01
1.039830000000000041e+02 -1.342843212009280407e+01
1.143810000000000002e+02 -1.358272484208713138e+01
1.258190000000000026e+02 -1.374343457747941599e+01
1.384010000000000105e+02 -1.391053852759363707e+01
1.522410000000000139e+02 -1.408414061155330010e+01
1.674650000000000034e+02 -1.426458529243044282e+01
1.842110000000000127e+02 -1.445274594583807826e+01
2.026330000000000098e+02 -1.464977670123512254e+01
2.228959999999999866e+02 -1.485728741827996657e+01
2.451850000000000023e+02 -1.507709340751202376e+01
2.697040000000000077e+02 -1.531117747221185077e+01
2.966739999999999782e+02 -1.556181971985504120e+01
3.263419999999999845e+02 -1.583190068369955306e+01
3.589759999999999991e+02 -1.612455677916512542e+01
3.948729999999999905e+02 -1.644424443822492066e+01
