# # theta [arcmin], log_e(xip)
5.000000000000000000e-01 -8.683306809365983980e+00
5.500000000000000444e-01 -8.726670551966632772e+00
6.049999999999999822e-01 -8.772089312020261431e+00
6.660000000000000364e-01 -8.820022743198231652e+00
7.319999999999999840e-01 -8.869356186664406394e+00
8.050000000000000488e-01 -8.921229321000710755e+00
8.860000000000000098e-01 -8.975881085763649736e+00
9.739999999999999769e-01 -9.032208412635320371e+00
1.072000000000000064e+00 -9.091654632768165101e+00
1.179000000000000048e+00 -9.153089906817530874e+00
1.296999999999999931e+00 -9.217136010109188149e+00
1.427000000000000046e+00 -9.283717949394631574e+00
1.568999999999999950e+00 -9.352233368434962557e+00
1.725999999999999979e+00 -9.423467753020528193e+00
1.899000000000000021e+00 -9.497114057136656129e+00
2.088999999999999968e+00 -9.572846714087143383e+00
2.297000000000000153e+00 -9.650297550909732180e+00
2.527000000000000135e+00 -9.730081285768287458e+00
2.779999999999999805e+00 -9.811593382473292380e+00
3.057999999999999829e+00 -9.894547038306880538e+00
3.363999999999999879e+00 -9.978871230364116940e+00
3.700000000000000178e+00 -1.006415196741552798e+01
4.070000000000000284e+00 -1.015037374280857740e+01
4.477000000000000313e+00 -1.023717167954970719e+01
4.924999999999999822e+00 -1.032435364938033295e+01
5.416999999999999815e+00 -1.041150379298426820e+01
5.958999999999999631e+00 -1.049870906756756384e+01
6.554999999999999716e+00 -1.058567659342117651e+01
7.209999999999999964e+00 -1.067220820934576864e+01
7.932000000000000384e+00 -1.075849740738817317e+01
8.724999999999999645e+00 -1.084421340515452492e+01
9.596999999999999531e+00 -1.092952116640125837e+01
1.055700000000000038e+01 -1.101466788929149310e+01
1.161299999999999955e+01 -1.109978389642254903e+01
1.277399999999999913e+01 -1.118499604307505280e+01
1.405100000000000016e+01 -1.127060614946413253e+01
1.545599999999999952e+01 -1.135694617236059756e+01
1.700199999999999889e+01 -1.144434481176689467e+01
1.870200000000000173e+01 -1.153313490700430322e+01
2.057199999999999918e+01 -1.162372452049022975e+01
2.262999999999999901e+01 -1.171647462145144658e+01
2.489300000000000068e+01 -1.181166929367963725e+01
2.738200000000000145e+01 -1.190970852139887626e+01
3.012000000000000099e+01 -1.201095744419725619e+01
3.313199999999999790e+01 -1.211582727022159567e+01
3.644500000000000028e+01 -1.222464199362787163e+01
4.009000000000000341e+01 -1.233773105043466600e+01
4.409899999999999665e+01 -1.245538744582893997e+01
4.850900000000000034e+01 -1.257792272300589076e+01
5.335900000000000176e+01 -1.270558879648841355e+01
5.869500000000000028e+01 -1.283880680312973155e+01
6.456499999999999773e+01 -1.297782546683913552e+01
7.102100000000000080e+01 -1.312281297845973782e+01
7.812399999999999523e+01 -1.327415766902955241e+01
8.593600000000000705e+01 -1.343211793132323528e+01
9.453000000000000114e+01 -1.359696154539680713e+01
1.039830000000000041e+02 -1.376904595295543032e+01
1.143810000000000002e+02 -1.394855498346225176e+01
1.258190000000000026e+02 -1.413572573952616374e+01
1.384010000000000105e+02 -1.433068947691803352e+01
1.522410000000000139e+02 -1.453373475498829315e+01
1.674650000000000034e+02 -1.474529314699922899e+01
1.842110000000000127e+02 -1.496627566820234811e+01
2.026330000000000098e+02 -1.519768621261244412e+01
2.228959999999999866e+02 -1.544135888774997234e+01
2.451850000000000023e+02 -1.569987754248682599e+01
2.697040000000000077e+02 -1.597652925064055474e+01
2.966739999999999782e+02 -1.627591153946416824e+01
3.263419999999999845e+02 -1.660496275265067467e+01
3.589759999999999991e+02 -1.697223304774088959e+01
3.948729999999999905e+02 -1.739279890691819475e+01
