# # theta [arcmin], log_e(xim)
5.000000000000000000e-01 -1.128098710164282181e+01
5.500000000000000444e-01 -1.126023398526000285e+01
6.049999999999999822e-01 -1.124122415744360559e+01
6.660000000000000364e-01 -1.122399342405462619e+01
7.319999999999999840e-01 -1.120904357106948446e+01
8.050000000000000488e-01 -1.119609778242513975e+01
8.860000000000000098e-01 -1.118532388511721010e+01
9.739999999999999769e-01 -1.117710915770936531e+01
1.072000000000000064e+00 -1.117141664752869623e+01
1.179000000000000048e+00 -1.116857293104122562e+01
1.296999999999999931e+00 -1.116862395723468282e+01
1.427000000000000046e+00 -1.117169101428342159e+01
1.568999999999999950e+00 -1.117785850099655143e+01
1.725999999999999979e+00 -1.118734302178756934e+01
1.899000000000000021e+00 -1.120028203555527568e+01
2.088999999999999968e+00 -1.121677311680276468e+01
2.297000000000000153e+00 -1.123676071295877144e+01
2.527000000000000135e+00 -1.126048567015184787e+01
2.779999999999999805e+00 -1.128790607414358149e+01
3.057999999999999829e+00 -1.131904101681182162e+01
3.363999999999999879e+00 -1.135397489449951358e+01
3.700000000000000178e+00 -1.139263623910040835e+01
4.070000000000000284e+00 -1.143501857499388308e+01
4.477000000000000313e+00 -1.148098212934871754e+01
4.924999999999999822e+00 -1.153048106672029149e+01
5.416999999999999815e+00 -1.158329492637960634e+01
5.958999999999999631e+00 -1.163946240448407821e+01
6.554999999999999716e+00 -1.169872048726700520e+01
7.209999999999999964e+00 -1.176071282069094792e+01
7.932000000000000384e+00 -1.182537834973656565e+01
8.724999999999999645e+00 -1.189219708736178660e+01
9.596999999999999531e+00 -1.196093874408440350e+01
1.055700000000000038e+01 -1.203139674239926826e+01
1.161299999999999955e+01 -1.210315817901285484e+01
1.277399999999999913e+01 -1.217572172990881718e+01
1.405100000000000016e+01 -1.224876743430200143e+01
1.545599999999999952e+01 -1.232197520039936833e+01
1.700199999999999889e+01 -1.239499038941194975e+01
1.870200000000000173e+01 -1.246749922975722136e+01
2.057199999999999918e+01 -1.253922109206671287e+01
2.262999999999999901e+01 -1.260990928032106950e+01
2.489300000000000068e+01 -1.267935363947329819e+01
2.738200000000000145e+01 -1.274752450103792611e+01
3.012000000000000099e+01 -1.281443539356833838e+01
3.313199999999999790e+01 -1.288023164801474252e+01
3.644500000000000028e+01 -1.294502295589193253e+01
4.009000000000000341e+01 -1.300903156710220898e+01
4.409899999999999665e+01 -1.307254945174328498e+01
4.850900000000000034e+01 -1.313592086623641286e+01
5.335900000000000176e+01 -1.319951551679856649e+01
5.869500000000000028e+01 -1.326383247614204564e+01
6.456499999999999773e+01 -1.332924979494926809e+01
7.102100000000000080e+01 -1.339611887632816334e+01
7.812399999999999523e+01 -1.346494312697051576e+01
8.593600000000000705e+01 -1.353614698852123510e+01
9.453000000000000114e+01 -1.361012291390740714e+01
1.039830000000000041e+02 -1.368726511136899049e+01
1.143810000000000002e+02 -1.376780860472926094e+01
1.258190000000000026e+02 -1.385204135618478816e+01
1.384010000000000105e+02 -1.394020046624480713e+01
1.522410000000000139e+02 -1.403253474583303984e+01
1.674650000000000034e+02 -1.412926915350229606e+01
1.842110000000000127e+02 -1.423061305689644485e+01
2.026330000000000098e+02 -1.433658333829849418e+01
2.228959999999999866e+02 -1.444721349974437707e+01
2.451850000000000023e+02 -1.456246007265796827e+01
2.697040000000000077e+02 -1.468222714734604040e+01
2.966739999999999782e+02 -1.480642435616884356e+01
3.263419999999999845e+02 -1.493495687564049135e+01
3.589759999999999991e+02 -1.506765976484983938e+01
3.948729999999999905e+02 -1.520451899886887404e+01
