# # theta [arcmin], log_e(xip)
5.000000000000000000e-01 -8.744948611065490596e+00
5.500000000000000444e-01 -8.779027546310610219e+00
6.049999999999999822e-01 -8.814767363083348073e+00
6.660000000000000364e-01 -8.852545655217113563e+00
7.319999999999999840e-01 -8.891498352614922496e+00
8.050000000000000488e-01 -8.932545012401236662e+00
8.860000000000000098e-01 -8.975899278893212596e+00
9.739999999999999769e-01 -9.020714721803001268e+00
1.072000000000000064e+00 -9.068169160309443200e+00
1.179000000000000048e+00 -9.117399360071463121e+00
1.296999999999999931e+00 -9.168944142360462735e+00
1.427000000000000046e+00 -9.222793896205365272e+00
1.568999999999999950e+00 -9.278514507290511304e+00
1.725999999999999979e+00 -9.336804681079829749e+00
1.899000000000000021e+00 -9.397483654629350980e+00
2.088999999999999968e+00 -9.460353447384170167e+00
2.297000000000000153e+00 -9.525182221300111607e+00
2.527000000000000135e+00 -9.592568316389955996e+00
2.779999999999999805e+00 -9.662090180550883645e+00
3.057999999999999829e+00 -9.733583440753609040e+00
3.363999999999999879e+00 -9.807062358227945253e+00
3.700000000000000178e+00 -9.882225402626154676e+00
4.070000000000000284e+00 -9.959113799566869929e+00
4.477000000000000313e+00 -1.003743960505419075e+01
4.924999999999999822e+00 -1.011703553888944462e+01
5.416999999999999815e+00 -1.019748982209008226e+01
5.958999999999999631e+00 -1.027881189185580446e+01
6.554999999999999716e+00 -1.036060938948719823e+01
7.209999999999999964e+00 -1.044254634092293621e+01
7.932000000000000384e+00 -1.052460360179838794e+01
8.724999999999999645e+00 -1.060622456893537802e+01
9.596999999999999531e+00 -1.068728837143746269e+01
1.055700000000000038e+01 -1.076771918332754652e+01
1.161299999999999955e+01 -1.084731547648338257e+01
1.277399999999999913e+01 -1.092589408522414729e+01
1.405100000000000016e+01 -1.100342772244843204e+01
1.545599999999999952e+01 -1.107993857940376969e+01
1.700199999999999889e+01 -1.115548601334198686e+01
1.870200000000000173e+01 -1.123016975715082921e+01
2.057199999999999918e+01 -1.130419326005935154e+01
2.262999999999999901e+01 -1.137776103148306994e+01
2.489300000000000068e+01 -1.145105456126226606e+01
2.738200000000000145e+01 -1.152438305316525557e+01
3.012000000000000099e+01 -1.159806307129237446e+01
3.313199999999999790e+01 -1.167246976424701188e+01
3.644500000000000028e+01 -1.174792869002317275e+01
4.009000000000000341e+01 -1.182477332547546744e+01
4.409899999999999665e+01 -1.190333064521069772e+01
4.850900000000000034e+01 -1.198395153673221714e+01
5.335900000000000176e+01 -1.206694098869974674e+01
5.869500000000000028e+01 -1.215271104157030102e+01
6.456499999999999773e+01 -1.224155185484656627e+01
7.102100000000000080e+01 -1.233370217418106307e+01
7.812399999999999523e+01 -1.242950498854069075e+01
8.593600000000000705e+01 -1.252920367316570349e+01
9.453000000000000114e+01 -1.263302444818007153e+01
1.039830000000000041e+02 -1.274117251941232176e+01
1.143810000000000002e+02 -1.285369938258831191e+01
1.258190000000000026e+02 -1.297062646551529141e+01
1.384010000000000105e+02 -1.309191953003758613e+01
1.522410000000000139e+02 -1.321767895722323338e+01
1.674650000000000034e+02 -1.334825632986035515e+01
1.842110000000000127e+02 -1.348447234465512423e+01
2.026330000000000098e+02 -1.362757396171826230e+01
2.228959999999999866e+02 -1.377922395279125567e+01
2.451850000000000023e+02 -1.394121834921223879e+01
2.697040000000000077e+02 -1.411517560702796104e+01
2.966739999999999782e+02 -1.430254950783374390e+01
3.263419999999999845e+02 -1.450469918395014446e+01
3.589759999999999991e+02 -1.472267357446834346e+01
3.948729999999999905e+02 -1.495769706254176334e+01
