# # theta [arcmin], log_e(xim)
5.000000000000000000e-01 -1.101283404720727077e+01
5.500000000000000444e-01 -1.098872784617386600e+01
6.049999999999999822e-01 -1.096583406650759507e+01
6.660000000000000364e-01 -1.094412512729453191e+01
7.319999999999999840e-01 -1.092419979662542140e+01
8.050000000000000488e-01 -1.090566138904770277e+01
8.860000000000000098e-01 -1.088864027160581394e+01
9.739999999999999769e-01 -1.087365016364994474e+01
1.072000000000000064e+00 -1.086048726448357904e+01
1.179000000000000048e+00 -1.084962324759196406e+01
1.296999999999999931e+00 -1.084104533344875776e+01
1.427000000000000046e+00 -1.083490258217562641e+01
1.568999999999999950e+00 -1.083139196285937800e+01
1.725999999999999979e+00 -1.083065016976438955e+01
1.899000000000000021e+00 -1.083289442615879850e+01
2.088999999999999968e+00 -1.083830892102971788e+01
2.297000000000000153e+00 -1.084694035610645280e+01
2.527000000000000135e+00 -1.085898647764193825e+01
2.779999999999999805e+00 -1.087454497247265195e+01
3.057999999999999829e+00 -1.089372896124325507e+01
3.363999999999999879e+00 -1.091669400240153998e+01
3.700000000000000178e+00 -1.094348552104375472e+01
4.070000000000000284e+00 -1.097416449197202049e+01
4.477000000000000313e+00 -1.100870339676289156e+01
4.924999999999999822e+00 -1.104715076505452842e+01
5.416999999999999815e+00 -1.108941351842743295e+01
5.958999999999999631e+00 -1.113560334850327393e+01
6.554999999999999716e+00 -1.118557902779308044e+01
7.209999999999999964e+00 -1.123909488300919612e+01
7.932000000000000384e+00 -1.129615739390857243e+01
8.724999999999999645e+00 -1.135637224498386111e+01
9.596999999999999531e+00 -1.141959087171618314e+01
1.055700000000000038e+01 -1.148567806983720629e+01
1.161299999999999955e+01 -1.155428958558094799e+01
1.277399999999999913e+01 -1.162497329092790999e+01
1.405100000000000016e+01 -1.169742791819090044e+01
1.545599999999999952e+01 -1.177133356538474906e+01
1.700199999999999889e+01 -1.184631142903387158e+01
1.870200000000000173e+01 -1.192198753439439152e+01
2.057199999999999918e+01 -1.199798588085019269e+01
2.262999999999999901e+01 -1.207392378316033010e+01
2.489300000000000068e+01 -1.214942656290945422e+01
2.738200000000000145e+01 -1.222427103630214695e+01
3.012000000000000099e+01 -1.229825065570316234e+01
3.313199999999999790e+01 -1.237128673311759108e+01
3.644500000000000028e+01 -1.244325148227525446e+01
4.009000000000000341e+01 -1.251413921052889044e+01
4.409899999999999665e+01 -1.258403222296540491e+01
4.850900000000000034e+01 -1.265309001473833739e+01
5.335900000000000176e+01 -1.272151189572216268e+01
5.869500000000000028e+01 -1.278967543505797089e+01
6.456499999999999773e+01 -1.285785832912748106e+01
7.102100000000000080e+01 -1.292635631250893979e+01
7.812399999999999523e+01 -1.299565055347344966e+01
8.593600000000000705e+01 -1.306616878900604206e+01
9.453000000000000114e+01 -1.313832102611372576e+01
1.039830000000000041e+02 -1.321254632396242279e+01
1.143810000000000002e+02 -1.328914077307669750e+01
1.258190000000000026e+02 -1.336846662180661660e+01
1.384010000000000105e+02 -1.345083202833685299e+01
1.522410000000000139e+02 -1.353658117881989575e+01
1.674650000000000034e+02 -1.362604623821310668e+01
1.842110000000000127e+02 -1.371954786382101510e+01
2.026330000000000098e+02 -1.381723003541869410e+01
2.228959999999999866e+02 -1.391922853443957564e+01
2.451850000000000023e+02 -1.402557933290956704e+01
2.697040000000000077e+02 -1.413624171795634865e+01
2.966739999999999782e+02 -1.425116485846811010e+01
3.263419999999999845e+02 -1.437027953568387595e+01
3.589759999999999991e+02 -1.449344188893797281e+01
3.948729999999999905e+02 -1.462066697468721976e+01
