# # theta [arcmin], log_e(xip)
5.000000000000000000e-01 -9.625254784472240033e+00
5.500000000000000444e-01 -9.667882291867817557e+00
6.049999999999999822e-01 -9.712310653609343092e+00
6.660000000000000364e-01 -9.758936401100417157e+00
7.319999999999999840e-01 -9.806621674367354657e+00
8.050000000000000488e-01 -9.856413526756835353e+00
8.860000000000000098e-01 -9.908467532075759365e+00
9.739999999999999769e-01 -9.961666816678246050e+00
1.072000000000000064e+00 -1.001730259609613505e+01
1.179000000000000048e+00 -1.007423862628601618e+01
1.296999999999999931e+00 -1.013297996528702605e+01
1.427000000000000046e+00 -1.019337632462628029e+01
1.568999999999999950e+00 -1.025481283148371681e+01
1.725999999999999979e+00 -1.031792448738879209e+01
1.899000000000000021e+00 -1.038236596644225962e+01
2.088999999999999968e+00 -1.044779447147035256e+01
2.297000000000000153e+00 -1.051384920577837789e+01
2.527000000000000135e+00 -1.058101417179345205e+01
2.779999999999999805e+00 -1.064874815316845869e+01
3.057999999999999829e+00 -1.071680256010823307e+01
3.363999999999999879e+00 -1.078512278369229094e+01
3.700000000000000178e+00 -1.085339349777434670e+01
4.070000000000000284e+00 -1.092163383851729286e+01
4.477000000000000313e+00 -1.098959969458907437e+01
4.924999999999999822e+00 -1.105719889463026462e+01
5.416999999999999815e+00 -1.112417730975194452e+01
5.958999999999999631e+00 -1.119067241495828036e+01
6.554999999999999716e+00 -1.125653361530383556e+01
7.209999999999999964e+00 -1.132168628860370596e+01
7.932000000000000384e+00 -1.138634215446112918e+01
8.724999999999999645e+00 -1.145031693005850038e+01
9.596999999999999531e+00 -1.151378513438011097e+01
1.055700000000000038e+01 -1.157696682971052304e+01
1.161299999999999955e+01 -1.163998266050990438e+01
1.277399999999999913e+01 -1.170295186800601250e+01
1.405100000000000016e+01 -1.176610808008310372e+01
1.545599999999999952e+01 -1.182969874633568885e+01
1.700199999999999889e+01 -1.189396643554861477e+01
1.870200000000000173e+01 -1.195914522611613684e+01
2.057199999999999918e+01 -1.202552599628645780e+01
2.262999999999999901e+01 -1.209338023403099527e+01
2.489300000000000068e+01 -1.216291622590170718e+01
2.738200000000000145e+01 -1.223442788234724610e+01
3.012000000000000099e+01 -1.230819463310785267e+01
3.313199999999999790e+01 -1.238451844279280500e+01
3.644500000000000028e+01 -1.246365522051847208e+01
4.009000000000000341e+01 -1.254587530184751820e+01
4.409899999999999665e+01 -1.263141714588087083e+01
4.850900000000000034e+01 -1.272054758662873830e+01
5.335900000000000176e+01 -1.281349838070465097e+01
5.869500000000000028e+01 -1.291059953001041727e+01
6.456499999999999773e+01 -1.301207771024138005e+01
7.102100000000000080e+01 -1.311811591067611182e+01
7.812399999999999523e+01 -1.322900026283115515e+01
8.593600000000000705e+01 -1.334491085640494212e+01
9.453000000000000114e+01 -1.346603960053704441e+01
1.039830000000000041e+02 -1.359253662103377103e+01
1.143810000000000002e+02 -1.372441196171333999e+01
1.258190000000000026e+02 -1.386162905421886293e+01
1.384010000000000105e+02 -1.400411464861001498e+01
1.522410000000000139e+02 -1.415195047510776760e+01
1.674650000000000034e+02 -1.430553454380749301e+01
1.842110000000000127e+02 -1.446578140759872433e+01
2.026330000000000098e+02 -1.463392916734092708e+01
2.228959999999999866e+02 -1.481148918546520576e+01
2.451850000000000023e+02 -1.500000104772658460e+01
2.697040000000000077e+02 -1.520092011064262927e+01
2.966739999999999782e+02 -1.541566568903947321e+01
3.263419999999999845e+02 -1.564578156786786600e+01
3.589759999999999991e+02 -1.589270342979828676e+01
3.948729999999999905e+02 -1.615826827303317259e+01
