# # theta [arcmin], log_e(xim)
5.000000000000000000e-01 -1.112563586862897402e+01
5.500000000000000444e-01 -1.110245092504335496e+01
6.049999999999999822e-01 -1.108053933471266816e+01
6.660000000000000364e-01 -1.105988553409550157e+01
7.319999999999999840e-01 -1.104106481106262372e+01
8.050000000000000488e-01 -1.102370884301293685e+01
8.860000000000000098e-01 -1.100795474776761118e+01
9.739999999999999769e-01 -1.099429358942495583e+01
1.072000000000000064e+00 -1.098255607093805963e+01
1.179000000000000048e+00 -1.097318940444598034e+01
1.296999999999999931e+00 -1.096619577589801331e+01
1.427000000000000046e+00 -1.096172441037870904e+01
1.568999999999999950e+00 -1.095995628832704227e+01
1.725999999999999979e+00 -1.096104926481080888e+01
1.899000000000000021e+00 -1.096521165396798736e+01
2.088999999999999968e+00 -1.097261948864173142e+01
2.297000000000000153e+00 -1.098330713547191273e+01
2.527000000000000135e+00 -1.099748729536842262e+01
2.779999999999999805e+00 -1.101523979349580884e+01
3.057999999999999829e+00 -1.103666768376791829e+01
3.363999999999999879e+00 -1.106191991175885470e+01
3.700000000000000178e+00 -1.109102679719891782e+01
4.070000000000000284e+00 -1.112404309357421894e+01
4.477000000000000313e+00 -1.116092583329116117e+01
4.924999999999999822e+00 -1.120171169743455231e+01
5.416999999999999815e+00 -1.124628726984681393e+01
5.958999999999999631e+00 -1.129475666724882288e+01
6.554999999999999716e+00 -1.134695858648619193e+01
7.209999999999999964e+00 -1.140262905092589030e+01
7.932000000000000384e+00 -1.146176477937483540e+01
8.724999999999999645e+00 -1.152394960815354885e+01
9.596999999999999531e+00 -1.158901837504119747e+01
1.055700000000000038e+01 -1.165682435773664238e+01
1.161299999999999955e+01 -1.172700794208893527e+01
1.277399999999999913e+01 -1.179910187150604628e+01
1.405100000000000016e+01 -1.187279679763517315e+01
1.545599999999999952e+01 -1.194776552322177032e+01
1.700199999999999889e+01 -1.202362309692752085e+01
1.870200000000000173e+01 -1.209999302848773439e+01
2.057199999999999918e+01 -1.217650335790670724e+01
2.262999999999999901e+01 -1.225278025971295470e+01
2.489300000000000068e+01 -1.232846086880416259e+01
2.738200000000000145e+01 -1.240333989484691202e+01
3.012000000000000099e+01 -1.247723380950859173e+01
3.313199999999999790e+01 -1.255008890688273837e+01
3.644500000000000028e+01 -1.262180659821161655e+01
4.009000000000000341e+01 -1.269241250736620863e+01
4.409899999999999665e+01 -1.276201942252560961e+01
4.850900000000000034e+01 -1.283081491408413832e+01
5.335900000000000176e+01 -1.289902704467364991e+01
5.869500000000000028e+01 -1.296705765061500415e+01
6.456499999999999773e+01 -1.303520634435639103e+01
7.102100000000000080e+01 -1.310378551943983894e+01
7.812399999999999523e+01 -1.317328884471171335e+01
8.593600000000000705e+01 -1.324415198717208852e+01
9.453000000000000114e+01 -1.331679071436419726e+01
1.039830000000000041e+02 -1.339164380347555827e+01
1.143810000000000002e+02 -1.346900595707962012e+01
1.258190000000000026e+02 -1.354923625536098619e+01
1.384010000000000105e+02 -1.363263415512585830e+01
1.522410000000000139e+02 -1.371953241947584878e+01
1.674650000000000034e+02 -1.381024245879828882e+01
1.842110000000000127e+02 -1.390506564015785607e+01
2.026330000000000098e+02 -1.400412515446132034e+01
2.228959999999999866e+02 -1.410755466359822563e+01
2.451850000000000023e+02 -1.421538427706325614e+01
2.697040000000000077e+02 -1.432755175357178246e+01
2.966739999999999782e+02 -1.444399666239681856e+01
3.263419999999999845e+02 -1.456463503838926954e+01
3.589759999999999991e+02 -1.468928672851784256e+01
3.948729999999999905e+02 -1.481795794130092503e+01
