# # theta [arcmin], log_e(xim)
5.000000000000000000e-01 -1.120512022836440202e+01
5.500000000000000444e-01 -1.118322395521904511e+01
6.049999999999999822e-01 -1.116267853652720987e+01
6.660000000000000364e-01 -1.114348554116049783e+01
7.319999999999999840e-01 -1.112618388659350366e+01
8.050000000000000488e-01 -1.111044079395544415e+01
8.860000000000000098e-01 -1.109639909216935649e+01
9.739999999999999769e-01 -1.108451430927916981e+01
1.072000000000000064e+00 -1.107465892120327666e+01
1.179000000000000048e+00 -1.106724270492000350e+01
1.296999999999999931e+00 -1.106228178601659806e+01
1.427000000000000046e+00 -1.105991859066483052e+01
1.568999999999999950e+00 -1.106030899511353205e+01
1.725999999999999979e+00 -1.106362849653585734e+01
1.899000000000000021e+00 -1.107006887984409715e+01
2.088999999999999968e+00 -1.107978747424434296e+01
2.297000000000000153e+00 -1.109279902799495154e+01
2.527000000000000135e+00 -1.110932743209610685e+01
2.779999999999999805e+00 -1.112942379703378037e+01
3.057999999999999829e+00 -1.115317485574286493e+01
3.363999999999999879e+00 -1.118071802396094938e+01
3.700000000000000178e+00 -1.121206486207152331e+01
4.070000000000000284e+00 -1.124726049996686150e+01
4.477000000000000313e+00 -1.128624816470787984e+01
4.924999999999999822e+00 -1.132905178001729851e+01
5.416999999999999815e+00 -1.137554635929686420e+01
5.958999999999999631e+00 -1.142583259130154261e+01
6.554999999999999716e+00 -1.147974217117999629e+01
7.209999999999999964e+00 -1.153700752398637164e+01
7.932000000000000384e+00 -1.159763338785750619e+01
8.724999999999999645e+00 -1.166120113650509538e+01
9.596999999999999531e+00 -1.172755659992310484e+01
1.055700000000000038e+01 -1.179656491982292543e+01
1.161299999999999955e+01 -1.186787946201647692e+01
1.277399999999999913e+01 -1.194104838353350040e+01
1.405100000000000016e+01 -1.201578010824443155e+01
1.545599999999999952e+01 -1.209176354812706933e+01
1.700199999999999889e+01 -1.216862870220566073e+01
1.870200000000000173e+01 -1.224601044773035952e+01
2.057199999999999918e+01 -1.232354487949040767e+01
2.262999999999999901e+01 -1.240086151732596598e+01
2.489300000000000068e+01 -1.247759243419334396e+01
2.738200000000000145e+01 -1.255352255694166708e+01
3.012000000000000099e+01 -1.262845097927881710e+01
3.313199999999999790e+01 -1.270230099644622612e+01
3.644500000000000028e+01 -1.277494519539330753e+01
4.009000000000000341e+01 -1.284637958883590336e+01
4.409899999999999665e+01 -1.291668302398642787e+01
4.850900000000000034e+01 -1.298601071829739517e+01
5.335900000000000176e+01 -1.305456174849849837e+01
5.869500000000000028e+01 -1.312271193814456538e+01
6.456499999999999773e+01 -1.319074447177935028e+01
7.102100000000000080e+01 -1.325895774185564591e+01
7.812399999999999523e+01 -1.332784138728606393e+01
8.593600000000000705e+01 -1.339783101734987447e+01
9.453000000000000114e+01 -1.346934544937216138e+01
1.039830000000000041e+02 -1.354283349978066830e+01
1.143810000000000002e+02 -1.361860503277702072e+01
1.258190000000000026e+02 -1.369703354094644787e+01
1.384010000000000105e+02 -1.377843734133962528e+01
1.522410000000000139e+02 -1.386316395849438798e+01
1.674650000000000034e+02 -1.395154324765428022e+01
1.842110000000000127e+02 -1.404389506914724350e+01
2.026330000000000098e+02 -1.414038151047426162e+01
2.228959999999999866e+02 -1.424119388371432393e+01
2.451850000000000023e+02 -1.434642546010693920e+01
2.697040000000000077e+02 -1.445605788805292491e+01
2.966739999999999782e+02 -1.457004304959137464e+01
3.263419999999999845e+02 -1.468831492789947113e+01
3.589759999999999991e+02 -1.481067540974336616e+01
3.948729999999999905e+02 -1.493709509988984330e+01
