# # theta [arcmin], log_e(xim)
5.000000000000000000e-01 -1.144056201360842451e+01
5.500000000000000444e-01 -1.141676473789289936e+01
6.049999999999999822e-01 -1.139426903305764327e+01
6.660000000000000364e-01 -1.137305483284984042e+01
7.319999999999999840e-01 -1.135370963470328398e+01
8.050000000000000488e-01 -1.133585098336326347e+01
8.860000000000000098e-01 -1.131961204070280935e+01
9.739999999999999769e-01 -1.130548943336277290e+01
1.072000000000000064e+00 -1.129329768674972456e+01
1.179000000000000048e+00 -1.128348657097343377e+01
1.296999999999999931e+00 -1.127604628085891392e+01
1.427000000000000046e+00 -1.127111875884150827e+01
1.568999999999999950e+00 -1.126887871573933531e+01
1.725999999999999979e+00 -1.126946882843036413e+01
1.899000000000000021e+00 -1.127308764170654953e+01
2.088999999999999968e+00 -1.127990128820251314e+01
2.297000000000000153e+00 -1.128993632557692628e+01
2.527000000000000135e+00 -1.130338684242438774e+01
2.779999999999999805e+00 -1.132032689801533465e+01
3.057999999999999829e+00 -1.134084954929589273e+01
3.363999999999999879e+00 -1.136509701409601547e+01
3.700000000000000178e+00 -1.139309563653515234e+01
4.070000000000000284e+00 -1.142489444133030752e+01
4.477000000000000313e+00 -1.146045541323327477e+01
4.924999999999999822e+00 -1.149981577372051866e+01
5.416999999999999815e+00 -1.154287552374262837e+01
5.958999999999999631e+00 -1.158974582000311138e+01
6.554999999999999716e+00 -1.164028394925690257e+01
7.209999999999999964e+00 -1.169424963931546024e+01
7.932000000000000384e+00 -1.175165725908740733e+01
8.724999999999999645e+00 -1.181212318875028977e+01
9.596999999999999531e+00 -1.187551012263297956e+01
1.055700000000000038e+01 -1.194169840242381753e+01
1.161299999999999955e+01 -1.201035817552395990e+01
1.277399999999999913e+01 -1.208104921821829691e+01
1.405100000000000016e+01 -1.215348038516434137e+01
1.545599999999999952e+01 -1.222733673223810413e+01
1.700199999999999889e+01 -1.230223713014896170e+01
1.870200000000000173e+01 -1.237779616048893594e+01
2.057199999999999918e+01 -1.245361750186892458e+01
2.262999999999999901e+01 -1.252928683969401469e+01
2.489300000000000068e+01 -1.260438598858529247e+01
2.738200000000000145e+01 -1.267863987800042835e+01
3.012000000000000099e+01 -1.275178099181774272e+01
3.313199999999999790e+01 -1.282366347477265478e+01
3.644500000000000028e+01 -1.289409060307409050e+01
4.009000000000000341e+01 -1.296298936297188575e+01
4.409899999999999665e+01 -1.303038054526853351e+01
4.850900000000000034e+01 -1.309637063473970109e+01
5.335900000000000176e+01 -1.316111875884120863e+01
5.869500000000000028e+01 -1.322497268111885305e+01
6.456499999999999773e+01 -1.328819838725941516e+01
7.102100000000000080e+01 -1.335109438451717523e+01
7.812399999999999523e+01 -1.341415120025922647e+01
8.593600000000000705e+01 -1.347782120518666460e+01
9.453000000000000114e+01 -1.354254956079138772e+01
1.039830000000000041e+02 -1.360881432529533086e+01
1.143810000000000002e+02 -1.367695891292093435e+01
1.258190000000000026e+02 -1.374739126793851973e+01
1.384010000000000105e+02 -1.382047626671364959e+01
1.522410000000000139e+02 -1.389661628043789499e+01
1.674650000000000034e+02 -1.397620984988946802e+01
1.842110000000000127e+02 -1.405964832873870130e+01
2.026330000000000098e+02 -1.414714869768229022e+01
2.228959999999999866e+02 -1.423889491104706018e+01
2.451850000000000023e+02 -1.433492058921497936e+01
2.697040000000000077e+02 -1.443512646119842735e+01
2.966739999999999782e+02 -1.453940111009105607e+01
3.263419999999999845e+02 -1.464762858389914157e+01
3.589759999999999991e+02 -1.475965770196866167e+01
3.948729999999999905e+02 -1.487552011285056430e+01
