# # theta [arcmin], log_e(xip)
5.000000000000000000e-01 -9.125279813262427098e+00
5.500000000000000444e-01 -9.170945635504299531e+00
6.049999999999999822e-01 -9.218680353138694272e+00
6.660000000000000364e-01 -9.268941355231001822e+00
7.319999999999999840e-01 -9.320529191823982984e+00
8.050000000000000488e-01 -9.374605648980915973e+00
8.860000000000000098e-01 -9.431378017267860514e+00
9.739999999999999769e-01 -9.489662023676981306e+00
1.072000000000000064e+00 -9.550908163946401075e+00
1.179000000000000048e+00 -9.613904338399972715e+00
1.296999999999999931e+00 -9.679243327185886869e+00
1.427000000000000046e+00 -9.746794963242676246e+00
1.568999999999999950e+00 -9.815900208114255676e+00
1.725999999999999979e+00 -9.887302440959169658e+00
1.899000000000000021e+00 -9.960640084040436548e+00
2.088999999999999968e+00 -1.003554369102620392e+01
2.297000000000000153e+00 -1.011161072663892391e+01
2.527000000000000135e+00 -1.018940638041768310e+01
2.779999999999999805e+00 -1.026830642556882367e+01
3.057999999999999829e+00 -1.034801308264488640e+01
3.363999999999999879e+00 -1.042844793634737499e+01
3.700000000000000178e+00 -1.050921890457465935e+01
4.070000000000000284e+00 -1.059032110605111043e+01
4.477000000000000313e+00 -1.067143328210465114e+01
4.924999999999999822e+00 -1.075241173466791622e+01
5.416999999999999815e+00 -1.083291823670185394e+01
5.958999999999999631e+00 -1.091308946354844167e+01
6.554999999999999716e+00 -1.099272314019174601e+01
7.209999999999999964e+00 -1.107170397089999980e+01
7.932000000000000384e+00 -1.115028157071239967e+01
8.724999999999999645e+00 -1.122822784155940745e+01
9.596999999999999531e+00 -1.130576252616481625e+01
1.055700000000000038e+01 -1.138317257691155682e+01
1.161299999999999955e+01 -1.146063287004981390e+01
1.277399999999999913e+01 -1.153831158297990278e+01
1.405100000000000016e+01 -1.161652575296037959e+01
1.545599999999999952e+01 -1.169561312877317683e+01
1.700199999999999889e+01 -1.177590230702506346e+01
1.870200000000000173e+01 -1.185771503491115908e+01
2.057199999999999918e+01 -1.194143803716796803e+01
2.262999999999999901e+01 -1.202742081394871043e+01
2.489300000000000068e+01 -1.211593326584590358e+01
2.738200000000000145e+01 -1.220735046158948656e+01
3.012000000000000099e+01 -1.230201718649900222e+01
3.313199999999999790e+01 -1.240031173485032490e+01
3.644500000000000028e+01 -1.250253851616566969e+01
4.009000000000000341e+01 -1.260901054970999446e+01
4.409899999999999665e+01 -1.271999840308228080e+01
4.850900000000000034e+01 -1.283579404882243935e+01
5.335900000000000176e+01 -1.295663667332109981e+01
5.869500000000000028e+01 -1.308290951835474125e+01
6.456499999999999773e+01 -1.321484057389804789e+01
7.102100000000000080e+01 -1.335259196844176799e+01
7.812399999999999523e+01 -1.349650425227046746e+01
8.593600000000000705e+01 -1.364679024684311237e+01
9.453000000000000114e+01 -1.380369068865897475e+01
1.039830000000000041e+02 -1.396749691496215640e+01
1.143810000000000002e+02 -1.413834986668548055e+01
1.258190000000000026e+02 -1.431640383783754089e+01
1.384010000000000105e+02 -1.450173316879160978e+01
1.522410000000000139e+02 -1.469453368468252386e+01
1.674650000000000034e+02 -1.489516793148381524e+01
1.842110000000000127e+02 -1.510449129297384552e+01
2.026330000000000098e+02 -1.532356404893692137e+01
2.228959999999999866e+02 -1.555415039158167367e+01
2.451850000000000023e+02 -1.579856904103467663e+01
2.697040000000000077e+02 -1.605961638760206611e+01
2.966739999999999782e+02 -1.634093462366130467e+01
3.263419999999999845e+02 -1.664748926449915700e+01
3.589759999999999991e+02 -1.698528769483284151e+01
3.948729999999999905e+02 -1.736426987299358871e+01
