# # theta [arcmin], log_e(xip)
5.000000000000000000e-01 -9.359632921650765880e+00
5.500000000000000444e-01 -9.403200626277023133e+00
6.049999999999999822e-01 -9.448720157447553447e+00
6.660000000000000364e-01 -9.496631012917930548e+00
7.319999999999999840e-01 -9.545797024477572279e+00
8.050000000000000488e-01 -9.597333296259243696e+00
8.860000000000000098e-01 -9.651447321047440298e+00
9.739999999999999769e-01 -9.707021502400952073e+00
1.072000000000000064e+00 -9.765452665880907546e+00
1.179000000000000048e+00 -9.825600273823827280e+00
1.296999999999999931e+00 -9.888047368048249908e+00
1.427000000000000046e+00 -9.952690611935064879e+00
1.568999999999999950e+00 -1.001892107546045452e+01
1.725999999999999979e+00 -1.008747505624936736e+01
1.899000000000000021e+00 -1.015803199169025284e+01
2.088999999999999968e+00 -1.023026255963854503e+01
2.297000000000000153e+00 -1.030380423655316235e+01
2.527000000000000135e+00 -1.037923017836455664e+01
2.779999999999999805e+00 -1.045596190135879588e+01
3.057999999999999829e+00 -1.053372904430397128e+01
3.363999999999999879e+00 -1.061246984938324900e+01
3.700000000000000178e+00 -1.069180512267150718e+01
4.070000000000000284e+00 -1.077172744109021885e+01
4.477000000000000313e+00 -1.085190589321205401e+01
4.924999999999999822e+00 -1.093216789078995888e+01
5.416999999999999815e+00 -1.101212957120943514e+01
5.958999999999999631e+00 -1.109186132354214571e+01
6.554999999999999716e+00 -1.117107272923006001e+01
7.209999999999999964e+00 -1.124955247866448893e+01
7.932000000000000384e+00 -1.132743061506747750e+01
8.724999999999999645e+00 -1.140435181695546518e+01
9.596999999999999531e+00 -1.148039632128238097e+01
1.055700000000000038e+01 -1.155570813034999667e+01
1.161299999999999955e+01 -1.163031897650098578e+01
1.277399999999999913e+01 -1.170426310476281451e+01
1.405100000000000016e+01 -1.177772781916450029e+01
1.545599999999999952e+01 -1.185093133700927481e+01
1.700199999999999889e+01 -1.192409838166949854e+01
1.870200000000000173e+01 -1.199746673550731302e+01
2.057199999999999918e+01 -1.207134736587248014e+01
2.262999999999999901e+01 -1.214602814489267146e+01
2.489300000000000068e+01 -1.222174461176536475e+01
2.738200000000000145e+01 -1.229883726801642219e+01
3.012000000000000099e+01 -1.237763018280341143e+01
3.313199999999999790e+01 -1.245848539102639130e+01
3.644500000000000028e+01 -1.254170651368046308e+01
4.009000000000000341e+01 -1.262760646667690878e+01
4.409899999999999665e+01 -1.271647335958308389e+01
4.850900000000000034e+01 -1.280861561107964164e+01
5.335900000000000176e+01 -1.290430030992016164e+01
5.869500000000000028e+01 -1.300391078817119883e+01
6.456499999999999773e+01 -1.310771223152718967e+01
7.102100000000000080e+01 -1.321592104375782739e+01
7.812399999999999523e+01 -1.332888951589510640e+01
8.593600000000000705e+01 -1.344686988970026853e+01
9.453000000000000114e+01 -1.357012969853719575e+01
1.039830000000000041e+02 -1.369895227200770904e+01
1.143810000000000002e+02 -1.383351160907382749e+01
1.258190000000000026e+02 -1.397396927072082917e+01
1.384010000000000105e+02 -1.412036890160673863e+01
1.522410000000000139e+02 -1.427273696469372943e+01
1.674650000000000034e+02 -1.443109206540004230e+01
1.842110000000000127e+02 -1.459560286316312983e+01
2.026330000000000098e+02 -1.476655837979643415e+01
2.228959999999999866e+02 -1.494474330423059527e+01
2.451850000000000023e+02 -1.513149819108480543e+01
2.697040000000000077e+02 -1.532851800925267938e+01
2.966739999999999782e+02 -1.553765646837162073e+01
3.263419999999999845e+02 -1.576098920013207660e+01
3.589759999999999991e+02 -1.600035439395243131e+01
3.948729999999999905e+02 -1.625765672850816657e+01
