# # theta [arcmin], log_e(xip)
5.000000000000000000e-01 -9.893068222769255016e+00
5.500000000000000444e-01 -9.929994374810137359e+00
6.049999999999999822e-01 -9.968589859237583894e+00
6.660000000000000364e-01 -1.000923458732729543e+01
7.319999999999999840e-01 -1.005097183557888307e+01
8.050000000000000488e-01 -1.009475750708589281e+01
8.860000000000000098e-01 -1.014077769670876172e+01
9.739999999999999769e-01 -1.018809435847098044e+01
1.072000000000000064e+00 -1.023790741671524529e+01
1.179000000000000048e+00 -1.028925827450009223e+01
1.296999999999999931e+00 -1.034265847285750262e+01
1.427000000000000046e+00 -1.039803636524044350e+01
1.568999999999999950e+00 -1.045488589633828447e+01
1.725999999999999979e+00 -1.051385472908498286e+01
1.899000000000000021e+00 -1.057468578334774278e+01
2.088999999999999968e+00 -1.063710845493696588e+01
2.297000000000000153e+00 -1.070082437893402094e+01
2.527000000000000135e+00 -1.076634605417783419e+01
2.779999999999999805e+00 -1.083318373732916484e+01
3.057999999999999829e+00 -1.090111144936577148e+01
3.363999999999999879e+00 -1.097007805518149937e+01
3.700000000000000178e+00 -1.103974688123084924e+01
4.070000000000000284e+00 -1.111010652153635725e+01
4.477000000000000313e+00 -1.118085289269370186e+01
4.924999999999999822e+00 -1.125180967182652658e+01
5.416999999999999815e+00 -1.132260267029078804e+01
5.958999999999999631e+00 -1.139324645004123226e+01
6.554999999999999716e+00 -1.146342222176875758e+01
7.209999999999999964e+00 -1.153287687733435796e+01
7.932000000000000384e+00 -1.160164236827063711e+01
8.724999999999999645e+00 -1.166931194233111846e+01
9.596999999999999531e+00 -1.173585528912571441e+01
1.055700000000000038e+01 -1.180128189808539041e+01
1.161299999999999955e+01 -1.186549897416029964e+01
1.277399999999999913e+01 -1.192842333332876947e+01
1.405100000000000016e+01 -1.199009486715150352e+01
1.545599999999999952e+01 -1.205058286270168644e+01
1.700199999999999889e+01 -1.210997023416961049e+01
1.870200000000000173e+01 -1.216835671784501116e+01
2.057199999999999918e+01 -1.222591194949893456e+01
2.262999999999999901e+01 -1.228279646680515746e+01
2.489300000000000068e+01 -1.233914311582428702e+01
2.738200000000000145e+01 -1.239517667135419288e+01
3.012000000000000099e+01 -1.245112060633814544e+01
3.313199999999999790e+01 -1.250723665896880199e+01
3.644500000000000028e+01 -1.256375323782088849e+01
4.009000000000000341e+01 -1.262091165166083684e+01
4.409899999999999665e+01 -1.267894663030772762e+01
4.850900000000000034e+01 -1.273811713899034004e+01
5.335900000000000176e+01 -1.279865872923951642e+01
5.869500000000000028e+01 -1.286088181009167819e+01
6.456499999999999773e+01 -1.292502472704390470e+01
7.102100000000000080e+01 -1.299129608067205410e+01
7.812399999999999523e+01 -1.305997607472887267e+01
8.593600000000000705e+01 -1.313127799479390312e+01
9.453000000000000114e+01 -1.320542166905083192e+01
1.039830000000000041e+02 -1.328261781397912955e+01
1.143810000000000002e+02 -1.336300347955416612e+01
1.258190000000000026e+02 -1.344666655824509149e+01
1.384010000000000105e+02 -1.353359709197536098e+01
1.522410000000000139e+02 -1.362378007097345467e+01
1.674650000000000034e+02 -1.371728372663537066e+01
1.842110000000000127e+02 -1.381439817688957383e+01
2.026330000000000098e+02 -1.391574998657869067e+01
2.228959999999999866e+02 -1.402247531956918536e+01
2.451850000000000023e+02 -1.413623468949237960e+01
2.697040000000000077e+02 -1.425899004314176821e+01
2.966739999999999782e+02 -1.439264658283150666e+01
3.263419999999999845e+02 -1.453877453041303625e+01
3.589759999999999991e+02 -1.469853069550780944e+01
3.948729999999999905e+02 -1.487287620628693041e+01
