# # theta [arcmin], log_e(xim)
5.000000000000000000e-01 -1.248265784993435190e+01
5.500000000000000444e-01 -1.245674773537431790e+01
6.049999999999999822e-01 -1.243171631954822764e+01
6.660000000000000364e-01 -1.240748626133375865e+01
7.319999999999999840e-01 -1.238469321941808410e+01
8.050000000000000488e-01 -1.236285465092672631e+01
8.860000000000000098e-01 -1.234205366461261555e+01
9.739999999999999769e-01 -1.232285862840891610e+01
1.072000000000000064e+00 -1.230493035036712612e+01
1.179000000000000048e+00 -1.228880598637952737e+01
1.296999999999999931e+00 -1.227439688345951474e+01
1.427000000000000046e+00 -1.226183380069671536e+01
1.568999999999999950e+00 -1.225135059475377552e+01
1.725999999999999979e+00 -1.224298209571067986e+01
1.899000000000000021e+00 -1.223695297260112369e+01
2.088999999999999968e+00 -1.223346234198354843e+01
2.297000000000000153e+00 -1.223258562899067847e+01
2.527000000000000135e+00 -1.223442685358670090e+01
2.779999999999999805e+00 -1.223914020025043037e+01
3.057999999999999829e+00 -1.224686505715467355e+01
3.363999999999999879e+00 -1.225775738494338540e+01
3.700000000000000178e+00 -1.227191783331823771e+01
4.070000000000000284e+00 -1.228941295097440012e+01
4.477000000000000313e+00 -1.231027782884151200e+01
4.924999999999999822e+00 -1.233460648958640782e+01
5.416999999999999815e+00 -1.236240627292135841e+01
5.958999999999999631e+00 -1.239382275026420999e+01
6.554999999999999716e+00 -1.242882952161288834e+01
7.209999999999999964e+00 -1.246730287326046316e+01
7.932000000000000384e+00 -1.250931515610001021e+01
8.724999999999999645e+00 -1.255466349683384308e+01
9.596999999999999531e+00 -1.260332854161363692e+01
1.055700000000000038e+01 -1.265531755566160044e+01
1.161299999999999955e+01 -1.271046732554707148e+01
1.277399999999999913e+01 -1.276851723074256384e+01
1.405100000000000016e+01 -1.282933524562714922e+01
1.545599999999999952e+01 -1.289277901273213800e+01
1.700199999999999889e+01 -1.295865098536637383e+01
1.870200000000000173e+01 -1.302673688399606355e+01
2.057199999999999918e+01 -1.309678579066546078e+01
2.262999999999999901e+01 -1.316849318346659459e+01
2.489300000000000068e+01 -1.324151691426860999e+01
2.738200000000000145e+01 -1.331559745981239651e+01
3.012000000000000099e+01 -1.339041800130152282e+01
3.313199999999999790e+01 -1.346570898158928564e+01
3.644500000000000028e+01 -1.354105583242235866e+01
4.009000000000000341e+01 -1.361606970936293060e+01
4.409899999999999665e+01 -1.369037859196685325e+01
4.850900000000000034e+01 -1.376361664398478801e+01
5.335900000000000176e+01 -1.383538484982829786e+01
5.869500000000000028e+01 -1.390542443404107509e+01
6.456499999999999773e+01 -1.397333253543172482e+01
7.102100000000000080e+01 -1.403873873785938109e+01
7.812399999999999523e+01 -1.410147171204587302e+01
8.593600000000000705e+01 -1.416135606676903969e+01
9.453000000000000114e+01 -1.421826549191439604e+01
1.039830000000000041e+02 -1.427220238372890115e+01
1.143810000000000002e+02 -1.432310823050836746e+01
1.258190000000000026e+02 -1.437106336101267878e+01
1.384010000000000105e+02 -1.441621074463659369e+01
1.522410000000000139e+02 -1.445898244239016428e+01
1.674650000000000034e+02 -1.450011552731922215e+01
1.842110000000000127e+02 -1.454061559419454497e+01
2.026330000000000098e+02 -1.458155493626888521e+01
2.228959999999999866e+02 -1.462400439456525625e+01
2.451850000000000023e+02 -1.466858731740331478e+01
2.697040000000000077e+02 -1.471510249405538850e+01
2.966739999999999782e+02 -1.476246386851712167e+01
3.263419999999999845e+02 -1.480905470371130050e+01
3.589759999999999991e+02 -1.485349841305126084e+01
3.948729999999999905e+02 -1.489525330158089922e+01
