# # theta [arcmin], log_e(xip)
5.000000000000000000e-01 -8.895648617316794571e+00
5.500000000000000444e-01 -8.922300863412301553e+00
6.049999999999999822e-01 -8.950257939677918273e+00
6.660000000000000364e-01 -8.979817713364850462e+00
7.319999999999999840e-01 -9.010308243991214994e+00
8.050000000000000488e-01 -9.042454172078485897e+00
8.860000000000000098e-01 -9.076426802390578530e+00
9.739999999999999769e-01 -9.111569822526350393e+00
1.072000000000000064e+00 -9.148815449669530864e+00
1.179000000000000048e+00 -9.187492386494042762e+00
1.296999999999999931e+00 -9.228036122297192279e+00
1.427000000000000046e+00 -9.270452012889821347e+00
1.568999999999999950e+00 -9.314413161553689591e+00
1.725999999999999979e+00 -9.360487327415134118e+00
1.899000000000000021e+00 -9.408552924482126656e+00
2.088999999999999968e+00 -9.458474477135851544e+00
2.297000000000000153e+00 -9.510093136325286522e+00
2.527000000000000135e+00 -9.563916550622591828e+00
2.779999999999999805e+00 -9.619643184661317292e+00
3.057999999999999829e+00 -9.677178297354206649e+00
3.363999999999999879e+00 -9.736573416126800495e+00
3.700000000000000178e+00 -9.797625422707728404e+00
4.070000000000000284e+00 -9.860415802614442171e+00
4.477000000000000313e+00 -9.924760832712323122e+00
4.924999999999999822e+00 -9.990573186828218155e+00
5.416999999999999815e+00 -1.005755896883815659e+01
5.958999999999999631e+00 -1.012576872580519805e+01
6.554999999999999716e+00 -1.019490673261735658e+01
7.209999999999999964e+00 -1.026472144413108367e+01
7.932000000000000384e+00 -1.033520906281648344e+01
8.724999999999999645e+00 -1.040589008369105883e+01
9.596999999999999531e+00 -1.047663194070137749e+01
1.055700000000000038e+01 -1.054731175851437008e+01
1.161299999999999955e+01 -1.061766758080316642e+01
1.277399999999999913e+01 -1.068743641148387979e+01
1.405100000000000016e+01 -1.075645518910352827e+01
1.545599999999999952e+01 -1.082457677879185631e+01
1.700199999999999889e+01 -1.089166856361769042e+01
1.870200000000000173e+01 -1.095760689687268830e+01
2.057199999999999918e+01 -1.102235785617364705e+01
2.262999999999999901e+01 -1.108589327406155434e+01
2.489300000000000068e+01 -1.114816360843254195e+01
2.738200000000000145e+01 -1.120924283688631462e+01
3.012000000000000099e+01 -1.126923446576835808e+01
3.313199999999999790e+01 -1.132830654912759094e+01
3.644500000000000028e+01 -1.138661885837296772e+01
4.009000000000000341e+01 -1.144436068510141880e+01
4.409899999999999665e+01 -1.150173827557966355e+01
4.850900000000000034e+01 -1.155900741466525616e+01
5.335900000000000176e+01 -1.161640741290849554e+01
5.869500000000000028e+01 -1.167426473759567607e+01
6.456499999999999773e+01 -1.173282528288057414e+01
7.102100000000000080e+01 -1.179231204039790271e+01
7.812399999999999523e+01 -1.185301668220929550e+01
8.593600000000000705e+01 -1.191517340372190681e+01
9.453000000000000114e+01 -1.197900129811638870e+01
1.039830000000000041e+02 -1.204468790898612696e+01
1.143810000000000002e+02 -1.211234116576270203e+01
1.258190000000000026e+02 -1.218213524486982458e+01
1.384010000000000105e+02 -1.225436917155896310e+01
1.522410000000000139e+02 -1.232960188403334456e+01
1.674650000000000034e+02 -1.240872997971956693e+01
1.842110000000000127e+02 -1.249307148477226370e+01
2.026330000000000098e+02 -1.258424880712466809e+01
2.228959999999999866e+02 -1.268401941817824508e+01
2.451850000000000023e+02 -1.279402700449215580e+01
2.697040000000000077e+02 -1.291554272267771530e+01
2.966739999999999782e+02 -1.304943964189639161e+01
3.263419999999999845e+02 -1.319647558033623191e+01
3.589759999999999991e+02 -1.335717979227971242e+01
3.948729999999999905e+02 -1.353188997219469591e+01
