# # theta [arcmin], log_e(xip)
5.000000000000000000e-01 -9.086642419536808291e+00
5.500000000000000444e-01 -9.121034545915829739e+00
6.049999999999999822e-01 -9.157077368739399148e+00
6.660000000000000364e-01 -9.195147372315370049e+00
7.319999999999999840e-01 -9.234367423601398173e+00
8.050000000000000488e-01 -9.275658930597236562e+00
8.860000000000000098e-01 -9.319227320417800442e+00
9.739999999999999769e-01 -9.364213956864457344e+00
1.072000000000000064e+00 -9.411793128724111668e+00
1.179000000000000048e+00 -9.461087803887057390e+00
1.296999999999999931e+00 -9.512627514457012268e+00
1.427000000000000046e+00 -9.566389797306763754e+00
1.568999999999999950e+00 -9.621929141485246362e+00
1.725999999999999979e+00 -9.679928087725928165e+00
1.899000000000000021e+00 -9.740191505072752776e+00
2.088999999999999968e+00 -9.802507296222488620e+00
2.297000000000000153e+00 -9.866630977911230005e+00
2.527000000000000135e+00 -9.933138220997244971e+00
2.779999999999999805e+00 -1.000159598379679515e+01
3.057999999999999829e+00 -1.007182644402840488e+01
3.363999999999999879e+00 -1.014382990903549775e+01
3.700000000000000178e+00 -1.021729760722859481e+01
4.070000000000000284e+00 -1.029225809366157485e+01
4.477000000000000313e+00 -1.036842022086474735e+01
4.924999999999999822e+00 -1.044561431887073688e+01
5.416999999999999815e+00 -1.052343631732051321e+01
5.958999999999999631e+00 -1.060189454166842538e+01
6.554999999999999716e+00 -1.068061086655589698e+01
7.209999999999999964e+00 -1.075926613950737476e+01
7.932000000000000384e+00 -1.083784551837290167e+01
8.724999999999999645e+00 -1.091582288383468757e+01
9.596999999999999531e+00 -1.099308935780995533e+01
1.055700000000000038e+01 -1.106957771801823398e+01
1.161299999999999955e+01 -1.114509922845332390e+01
1.277399999999999913e+01 -1.121947854125063060e+01
1.405100000000000016e+01 -1.129268692913047722e+01
1.545599999999999952e+01 -1.136473824556513712e+01
1.700199999999999889e+01 -1.143567557666557200e+01
1.870200000000000173e+01 -1.150557653462919028e+01
2.057199999999999918e+01 -1.157461354580881085e+01
2.262999999999999901e+01 -1.164295898229961068e+01
2.489300000000000068e+01 -1.171076256773966584e+01
2.738200000000000145e+01 -1.177829577306300735e+01
3.012000000000000099e+01 -1.184583589237175083e+01
3.313199999999999790e+01 -1.191371666283404984e+01
3.644500000000000028e+01 -1.198223013854240193e+01
4.009000000000000341e+01 -1.205168033775444236e+01
4.409899999999999665e+01 -1.212236791280123782e+01
4.850900000000000034e+01 -1.219461987954169402e+01
5.335900000000000176e+01 -1.226872579842526889e+01
5.869500000000000028e+01 -1.234507152910875938e+01
6.456499999999999773e+01 -1.242393889632251636e+01
7.102100000000000080e+01 -1.250556633461997436e+01
7.812399999999999523e+01 -1.259028323966342633e+01
8.593600000000000705e+01 -1.267833129542487569e+01
9.453000000000000114e+01 -1.276994432694634440e+01
1.039830000000000041e+02 -1.286533679458593582e+01
1.143810000000000002e+02 -1.296459197459845392e+01
1.258190000000000026e+02 -1.306774735938212118e+01
1.384010000000000105e+02 -1.317478204162514288e+01
1.522410000000000139e+02 -1.328577505822718230e+01
1.674650000000000034e+02 -1.340099915788601415e+01
1.842110000000000127e+02 -1.352111184274408906e+01
2.026330000000000098e+02 -1.364720425765048262e+01
2.228959999999999866e+02 -1.378085409130862438e+01
2.451850000000000023e+02 -1.392390578481474073e+01
2.697040000000000077e+02 -1.407814560909116430e+01
2.966739999999999782e+02 -1.424505854458841725e+01
3.263419999999999845e+02 -1.442596279728748243e+01
3.589759999999999991e+02 -1.462181747810335608e+01
3.948729999999999905e+02 -1.483346835690488774e+01
