# # theta [arcmin], log_e(xip)
5.000000000000000000e-01 -9.011175628071889321e+00
5.500000000000000444e-01 -9.050448490148413683e+00
6.049999999999999822e-01 -9.091563164006236875e+00
6.660000000000000364e-01 -9.134943516503819083e+00
7.319999999999999840e-01 -9.179586168007215718e+00
8.050000000000000488e-01 -9.226537235857719566e+00
8.860000000000000098e-01 -9.276023547981246509e+00
9.739999999999999769e-01 -9.327064431046251158e+00
1.072000000000000064e+00 -9.380987421796914916e+00
1.179000000000000048e+00 -9.436791637751250406e+00
1.296999999999999931e+00 -9.495070140103639034e+00
1.427000000000000046e+00 -9.555788148513663316e+00
1.568999999999999950e+00 -9.618433730911677415e+00
1.725999999999999979e+00 -9.683766972910884618e+00
1.899000000000000021e+00 -9.751555789828486809e+00
2.088999999999999968e+00 -9.821550762845912885e+00
2.297000000000000153e+00 -9.893464155045460728e+00
2.527000000000000135e+00 -9.967925385409598604e+00
2.779999999999999805e+00 -1.004443218401240756e+01
3.057999999999999829e+00 -1.012276981821796440e+01
3.363999999999999879e+00 -1.020292134002643003e+01
3.700000000000000178e+00 -1.028453071882829128e+01
4.070000000000000284e+00 -1.036761249517003769e+01
4.477000000000000313e+00 -1.045182952936922050e+01
4.924999999999999822e+00 -1.053698451526881463e+01
5.416999999999999815e+00 -1.062262969337315965e+01
5.958999999999999631e+00 -1.070877864852016970e+01
6.554999999999999716e+00 -1.079503250250171753e+01
7.209999999999999964e+00 -1.088106077882745026e+01
7.932000000000000384e+00 -1.096688367401431208e+01
8.724999999999999645e+00 -1.105197204056266003e+01
9.596999999999999531e+00 -1.113626732180411416e+01
1.055700000000000038e+01 -1.121977313171421997e+01
1.161299999999999955e+01 -1.130237284783544816e+01
1.277399999999999913e+01 -1.138396073368923034e+01
1.405100000000000016e+01 -1.146460493487113830e+01
1.545599999999999952e+01 -1.154442273683057252e+01
1.700199999999999889e+01 -1.162356042162414838e+01
1.870200000000000173e+01 -1.170219925261399041e+01
2.057199999999999918e+01 -1.178061760740664177e+01
2.262999999999999901e+01 -1.185907683362233556e+01
2.489300000000000068e+01 -1.193780354130153043e+01
2.738200000000000145e+01 -1.201715075229264684e+01
3.012000000000000099e+01 -1.209745952533028834e+01
3.313199999999999790e+01 -1.217912813135012406e+01
3.644500000000000028e+01 -1.226248978124347744e+01
4.009000000000000341e+01 -1.234788255355613451e+01
4.409899999999999665e+01 -1.243563022280075003e+01
4.850900000000000034e+01 -1.252607462456621157e+01
5.335900000000000176e+01 -1.261950813288995654e+01
5.869500000000000028e+01 -1.271634608844274261e+01
6.456499999999999773e+01 -1.281687331267765373e+01
7.102100000000000080e+01 -1.292131984236458209e+01
7.812399999999999523e+01 -1.303005770662030294e+01
8.593600000000000705e+01 -1.314335415026598497e+01
9.453000000000000114e+01 -1.326147660524027216e+01
1.039830000000000041e+02 -1.338471564194381891e+01
1.143810000000000002e+02 -1.351324386010483458e+01
1.258190000000000026e+02 -1.364723045593686379e+01
1.384010000000000105e+02 -1.378671321060447141e+01
1.522410000000000139e+02 -1.393172330217386623e+01
1.674650000000000034e+02 -1.408228590697605220e+01
1.842110000000000127e+02 -1.423857136642435783e+01
2.026330000000000098e+02 -1.440087296375851800e+01
2.228959999999999866e+02 -1.456998563257861257e+01
2.451850000000000023e+02 -1.474727539870173132e+01
2.697040000000000077e+02 -1.493455200816015171e+01
2.966739999999999782e+02 -1.513378895127893564e+01
3.263419999999999845e+02 -1.534703279248037866e+01
3.589759999999999991e+02 -1.557614177756623519e+01
3.948729999999999905e+02 -1.582300955605370874e+01
