# # theta [arcmin], log_e(xim)
5.000000000000000000e-01 -1.207610002783993686e+01
5.500000000000000444e-01 -1.205322950587539843e+01
6.049999999999999822e-01 -1.203120563831077128e+01
6.660000000000000364e-01 -1.200996850638758140e+01
7.319999999999999840e-01 -1.199007536811400598e+01
8.050000000000000488e-01 -1.197110392790624367e+01
8.860000000000000098e-01 -1.195313917305338691e+01
9.739999999999999769e-01 -1.193668387997187885e+01
1.072000000000000064e+00 -1.192146228596163482e+01
1.179000000000000048e+00 -1.190795075808174097e+01
1.296999999999999931e+00 -1.189608182402445102e+01
1.427000000000000046e+00 -1.188597720820357750e+01
1.568999999999999950e+00 -1.187784530484332457e+01
1.725999999999999979e+00 -1.187174628107521812e+01
1.899000000000000021e+00 -1.186789058577571510e+01
2.088999999999999968e+00 -1.186646803420668483e+01
2.297000000000000153e+00 -1.186754708984071094e+01
2.527000000000000135e+00 -1.187125062691287347e+01
2.779999999999999805e+00 -1.187772374259545494e+01
3.057999999999999829e+00 -1.188710690005881609e+01
3.363999999999999879e+00 -1.189956415741589169e+01
3.700000000000000178e+00 -1.191520061640457406e+01
4.070000000000000284e+00 -1.193409595954120661e+01
4.477000000000000313e+00 -1.195629619933763266e+01
4.924999999999999822e+00 -1.198191025341056815e+01
5.416999999999999815e+00 -1.201095908967835335e+01
5.958999999999999631e+00 -1.204361031763423995e+01
6.554999999999999716e+00 -1.207985488241297034e+01
7.209999999999999964e+00 -1.211958967478920535e+01
7.932000000000000384e+00 -1.216291335262113726e+01
8.724999999999999645e+00 -1.220964000098300417e+01
9.596999999999999531e+00 -1.225977515553791086e+01
1.055700000000000038e+01 -1.231335099906395492e+01
1.161299999999999955e+01 -1.237022797201901092e+01
1.277399999999999913e+01 -1.243016689861813617e+01
1.405100000000000016e+01 -1.249306109192946757e+01
1.545599999999999952e+01 -1.255879284834787946e+01
1.700199999999999889e+01 -1.262718859155209117e+01
1.870200000000000173e+01 -1.269805786949829773e+01
2.057199999999999918e+01 -1.277117390117131102e+01
2.262999999999999901e+01 -1.284625742543575555e+01
2.489300000000000068e+01 -1.292298888528724632e+01
2.738200000000000145e+01 -1.300113207164860540e+01
3.012000000000000099e+01 -1.308039404133218930e+01
3.313199999999999790e+01 -1.316052692954927217e+01
3.644500000000000028e+01 -1.324113565219644251e+01
4.009000000000000341e+01 -1.332185327028832234e+01
4.409899999999999665e+01 -1.340232268068553800e+01
4.850900000000000034e+01 -1.348219472612303704e+01
5.335900000000000176e+01 -1.356107843917944678e+01
5.869500000000000028e+01 -1.363873351025900682e+01
6.456499999999999773e+01 -1.371476879232942814e+01
7.102100000000000080e+01 -1.378882383736853789e+01
7.812399999999999523e+01 -1.386074456277044042e+01
8.593600000000000705e+01 -1.393036039964321660e+01
9.453000000000000114e+01 -1.399752980045980166e+01
1.039830000000000041e+02 -1.406223112562780919e+01
1.143810000000000002e+02 -1.412439325044887006e+01
1.258190000000000026e+02 -1.418412405510381724e+01
1.384010000000000105e+02 -1.424154691067923828e+01
1.522410000000000139e+02 -1.429692577237542217e+01
1.674650000000000034e+02 -1.435066336942977827e+01
1.842110000000000127e+02 -1.440337778611152331e+01
2.026330000000000098e+02 -1.445581124098143277e+01
2.228959999999999866e+02 -1.450895138163313725e+01
2.451850000000000023e+02 -1.456378172908963720e+01
2.697040000000000077e+02 -1.462096476989737859e+01
2.966739999999999782e+02 -1.468052279556039963e+01
3.263419999999999845e+02 -1.474181475768469518e+01
3.589759999999999991e+02 -1.480387989946499339e+01
3.948729999999999905e+02 -1.486597889121085814e+01
