# # theta [arcmin], log_e(xip)
5.000000000000000000e-01 -8.977469881095414550e+00
5.500000000000000444e-01 -9.015174984770412792e+00
6.049999999999999822e-01 -9.054622064376797397e+00
6.660000000000000364e-01 -9.096220927972693104e+00
7.319999999999999840e-01 -9.139017417242875752e+00
8.050000000000000488e-01 -9.184017868867107026e+00
8.860000000000000098e-01 -9.231450429587017226e+00
9.739999999999999769e-01 -9.280385225173340302e+00
1.072000000000000064e+00 -9.332107634132482232e+00
1.179000000000000048e+00 -9.385673167155895058e+00
1.296999999999999931e+00 -9.441668828425008542e+00
1.427000000000000046e+00 -9.500082698628222744e+00
1.568999999999999950e+00 -9.560445657740800129e+00
1.725999999999999979e+00 -9.623517491344886210e+00
1.899000000000000021e+00 -9.689106116682676628e+00
2.088999999999999968e+00 -9.757004249200845081e+00
2.297000000000000153e+00 -9.826968646164207399e+00
2.527000000000000135e+00 -9.899653711107038845e+00
2.779999999999999805e+00 -9.974614342064686667e+00
3.057999999999999829e+00 -1.005168598220405407e+01
3.363999999999999879e+00 -1.013089794387909137e+01
3.700000000000000178e+00 -1.021194229061918080e+01
4.070000000000000284e+00 -1.029487935579296831e+01
4.477000000000000313e+00 -1.037941493260010617e+01
4.924999999999999822e+00 -1.046538614408616574e+01
5.416999999999999815e+00 -1.055236677872127871e+01
5.958999999999999631e+00 -1.064038434223433427e+01
6.554999999999999716e+00 -1.072903305360361159e+01
7.209999999999999964e+00 -1.081795844132966167e+01
7.932000000000000384e+00 -1.090715045375037384e+01
8.724999999999999645e+00 -1.099600723885610520e+01
9.596999999999999531e+00 -1.108439573539707901e+01
1.055700000000000038e+01 -1.117222503690496538e+01
1.161299999999999955e+01 -1.125926434787418806e+01
1.277399999999999913e+01 -1.134528193867730295e+01
1.405100000000000016e+01 -1.143021524135987654e+01
1.545599999999999952e+01 -1.151404959656946581e+01
1.700199999999999889e+01 -1.159679958647803311e+01
1.870200000000000173e+01 -1.167852442701981808e+01
2.057199999999999918e+01 -1.175939419548814335e+01
2.262999999999999901e+01 -1.183957098233826777e+01
2.489300000000000068e+01 -1.191919814908012931e+01
2.738200000000000145e+01 -1.199856558950434682e+01
3.012000000000000099e+01 -1.207796865464101721e+01
3.313199999999999790e+01 -1.215778031954732441e+01
3.644500000000000028e+01 -1.223831777672458720e+01
4.009000000000000341e+01 -1.231991032435240108e+01
4.409899999999999665e+01 -1.240288979765924182e+01
4.850900000000000034e+01 -1.248761440832767811e+01
5.335900000000000176e+01 -1.257439747231415161e+01
5.869500000000000028e+01 -1.266368140948072707e+01
6.456499999999999773e+01 -1.275578047974794949e+01
7.102100000000000080e+01 -1.285095894482331680e+01
7.812399999999999523e+01 -1.294962004570347780e+01
8.593600000000000705e+01 -1.305207407997409597e+01
9.453000000000000114e+01 -1.315862132388851080e+01
1.039830000000000041e+02 -1.326958925577582171e+01
1.143810000000000002e+02 -1.338519154946030731e+01
1.258190000000000026e+02 -1.350565660828329051e+01
1.384010000000000105e+02 -1.363109702421412095e+01
1.522410000000000139e+02 -1.376159450601424084e+01
1.674650000000000034e+02 -1.389715270238843026e+01
1.842110000000000127e+02 -1.403781121461402215e+01
2.026330000000000098e+02 -1.418361254255558457e+01
2.228959999999999866e+02 -1.433494967155372279e+01
2.451850000000000023e+02 -1.449277415319984641e+01
2.697040000000000077e+02 -1.465866282321763947e+01
2.966739999999999782e+02 -1.483455880734843824e+01
3.263419999999999845e+02 -1.502243504756361503e+01
3.589759999999999991e+02 -1.522401167398058774e+01
3.948729999999999905e+02 -1.544099249011805597e+01
