# # theta [arcmin], log_e(xim)
5.000000000000000000e-01 -1.157823174742777539e+01
5.500000000000000444e-01 -1.155496674418271397e+01
6.049999999999999822e-01 -1.153320919597824101e+01
6.660000000000000364e-01 -1.151295776549188510e+01
7.319999999999999840e-01 -1.149478107453424869e+01
8.050000000000000488e-01 -1.147832405825023017e+01
8.860000000000000098e-01 -1.146373157278611110e+01
9.739999999999999769e-01 -1.145146636789572803e+01
1.072000000000000064e+00 -1.144138743514835177e+01
1.179000000000000048e+00 -1.143390081380194090e+01
1.296999999999999931e+00 -1.142900995857978863e+01
1.427000000000000046e+00 -1.142684226860699326e+01
1.568999999999999950e+00 -1.142753615281675295e+01
1.725999999999999979e+00 -1.143124870846657792e+01
1.899000000000000021e+00 -1.143814921616309910e+01
2.088999999999999968e+00 -1.144836788151434348e+01
2.297000000000000153e+00 -1.146189020387040358e+01
2.527000000000000135e+00 -1.147891735230570376e+01
2.779999999999999805e+00 -1.149946743191770615e+01
3.057999999999999829e+00 -1.152359720597713810e+01
3.363999999999999879e+00 -1.155141694807638331e+01
3.700000000000000178e+00 -1.158290875533150022e+01
4.070000000000000284e+00 -1.161809322142952539e+01
4.477000000000000313e+00 -1.165688833389411272e+01
4.924999999999999822e+00 -1.169929805613495866e+01
5.416999999999999815e+00 -1.174517800241735621e+01
5.958999999999999631e+00 -1.179461181441285689e+01
6.554999999999999716e+00 -1.184741840169847471e+01
7.209999999999999964e+00 -1.190332237080052202e+01
7.932000000000000384e+00 -1.196231581519454323e+01
8.724999999999999645e+00 -1.202398011496072350e+01
9.596999999999999531e+00 -1.208815486339694978e+01
1.055700000000000038e+01 -1.215469858440434336e+01
1.161299999999999955e+01 -1.222326275243155891e+01
1.277399999999999913e+01 -1.229339461620357454e+01
1.405100000000000016e+01 -1.236479619835534471e+01
1.545599999999999952e+01 -1.243714933110730669e+01
1.700199999999999889e+01 -1.251007598823992595e+01
1.870200000000000173e+01 -1.258320222356104168e+01
2.057199999999999918e+01 -1.265615036096217771e+01
2.262999999999999901e+01 -1.272853403636598735e+01
2.489300000000000068e+01 -1.279997340346427492e+01
2.738200000000000145e+01 -1.287023478064854132e+01
3.012000000000000099e+01 -1.293910351096059053e+01
3.313199999999999790e+01 -1.300648704724499893e+01
3.644500000000000028e+01 -1.307224837693248176e+01
4.009000000000000341e+01 -1.313637356332769457e+01
4.409899999999999665e+01 -1.319893993246470210e+01
4.850900000000000034e+01 -1.326010763168183182e+01
5.335900000000000176e+01 -1.332008896949955101e+01
5.869500000000000028e+01 -1.337926861948555768e+01
6.456499999999999773e+01 -1.343794710592314701e+01
7.102100000000000080e+01 -1.349645046526553926e+01
7.812399999999999523e+01 -1.355527856517313623e+01
8.593600000000000705e+01 -1.361489322756237641e+01
9.453000000000000114e+01 -1.367574426777247965e+01
1.039830000000000041e+02 -1.373830602795544920e+01
1.143810000000000002e+02 -1.380291620087870363e+01
1.258190000000000026e+02 -1.386996959487316161e+01
1.384010000000000105e+02 -1.393982807189663831e+01
1.522410000000000139e+02 -1.401289206873009263e+01
1.674650000000000034e+02 -1.408956523985782106e+01
1.842110000000000127e+02 -1.417024624062910476e+01
2.026330000000000098e+02 -1.425514887533335617e+01
2.228959999999999866e+02 -1.434443820587204321e+01
2.451850000000000023e+02 -1.443812248378875474e+01
2.697040000000000077e+02 -1.453609142442588897e+01
2.966739999999999782e+02 -1.463822829989321228e+01
3.263419999999999845e+02 -1.474442969352957888e+01
3.589759999999999991e+02 -1.485455751507759103e+01
3.948729999999999905e+02 -1.496863595062692198e+01
