# # theta [arcmin], log_e(xim)
5.000000000000000000e-01 -1.202139170759950382e+01
5.500000000000000444e-01 -1.199576909534764368e+01
6.049999999999999822e-01 -1.197161604871594598e+01
6.660000000000000364e-01 -1.194890756573778745e+01
7.319999999999999840e-01 -1.192826698466365798e+01
8.050000000000000488e-01 -1.190927915837343143e+01
8.860000000000000098e-01 -1.189207376800789895e+01
9.739999999999999769e-01 -1.187716062978055653e+01
1.072000000000000064e+00 -1.186432293075557354e+01
1.179000000000000048e+00 -1.185401112709260296e+01
1.296999999999999931e+00 -1.184619126769934105e+01
1.427000000000000046e+00 -1.184098240969409410e+01
1.568999999999999950e+00 -1.183853608311669880e+01
1.725999999999999979e+00 -1.183896063772685814e+01
1.899000000000000021e+00 -1.184242308090416884e+01
2.088999999999999968e+00 -1.184905170145639275e+01
2.297000000000000153e+00 -1.185883357979806796e+01
2.527000000000000135e+00 -1.187191909498506348e+01
2.779999999999999805e+00 -1.188833815482120393e+01
3.057999999999999829e+00 -1.190814256376357783e+01
3.363999999999999879e+00 -1.193142824536933055e+01
3.700000000000000178e+00 -1.195818231723885106e+01
4.070000000000000284e+00 -1.198841145492983529e+01
4.477000000000000313e+00 -1.202204038615596460e+01
4.924999999999999822e+00 -1.205907330424946977e+01
5.416999999999999815e+00 -1.209938722794265153e+01
5.958999999999999631e+00 -1.214306160289413228e+01
6.554999999999999716e+00 -1.218994165240158800e+01
7.209999999999999964e+00 -1.223978125030406439e+01
7.932000000000000384e+00 -1.229257913181674944e+01
8.724999999999999645e+00 -1.234797290247126078e+01
9.596999999999999531e+00 -1.240583200083339221e+01
1.055700000000000038e+01 -1.246604798575079975e+01
1.161299999999999955e+01 -1.252831966206752234e+01
1.277399999999999913e+01 -1.259224349083160988e+01
1.405100000000000016e+01 -1.265755917930415464e+01
1.545599999999999952e+01 -1.272398431613009961e+01
1.700199999999999889e+01 -1.279117723042664245e+01
1.870200000000000173e+01 -1.285878946024636349e+01
2.057199999999999918e+01 -1.292645125875854184e+01
2.262999999999999901e+01 -1.299376262041001517e+01
2.489300000000000068e+01 -1.306031858803280166e+01
2.738200000000000145e+01 -1.312583038052001960e+01
3.012000000000000099e+01 -1.319000644599951144e+01
3.313199999999999790e+01 -1.325265203338700637e+01
3.644500000000000028e+01 -1.331350693385657991e+01
4.009000000000000341e+01 -1.337240996687548034e+01
4.409899999999999665e+01 -1.342928603512750385e+01
4.850900000000000034e+01 -1.348413772982526204e+01
5.335900000000000176e+01 -1.353701782849039681e+01
5.869500000000000028e+01 -1.358815349596689437e+01
6.456499999999999773e+01 -1.363769831954827083e+01
7.102100000000000080e+01 -1.368585780253750528e+01
7.812399999999999523e+01 -1.373302222788000826e+01
8.593600000000000705e+01 -1.377957600756496959e+01
9.453000000000000114e+01 -1.382591509795479645e+01
1.039830000000000041e+02 -1.387248310672526586e+01
1.143810000000000002e+02 -1.391962795772205297e+01
1.258190000000000026e+02 -1.396781885269239964e+01
1.384010000000000105e+02 -1.401758439292194680e+01
1.522410000000000139e+02 -1.406957811548703496e+01
1.674650000000000034e+02 -1.412450248100280881e+01
1.842110000000000127e+02 -1.418299557794546395e+01
2.026330000000000098e+02 -1.424535191746029206e+01
2.228959999999999866e+02 -1.431159027235736403e+01
2.451850000000000023e+02 -1.438143759500018781e+01
2.697040000000000077e+02 -1.445452207749073459e+01
2.966739999999999782e+02 -1.453057374944319946e+01
3.263419999999999845e+02 -1.460949627155187791e+01
3.589759999999999991e+02 -1.469132175395043838e+01
3.948729999999999905e+02 -1.477632727107249089e+01
