# # theta [arcmin], log_e(xip)
5.000000000000000000e-01 -9.155042855198310292e+00
5.500000000000000444e-01 -9.203455129751143104e+00
6.049999999999999822e-01 -9.253978829006012319e+00
6.660000000000000364e-01 -9.307076187516386767e+00
7.319999999999999840e-01 -9.361460049934080985e+00
8.050000000000000488e-01 -9.418332537442809738e+00
8.860000000000000098e-01 -9.477883141787144083e+00
9.739999999999999769e-01 -9.538841522285805397e+00
1.072000000000000064e+00 -9.602695788834637369e+00
1.179000000000000048e+00 -9.668149694916445824e+00
1.296999999999999931e+00 -9.735788891041865512e+00
1.427000000000000046e+00 -9.805444020834910290e+00
1.568999999999999950e+00 -9.876405017598822056e+00
1.725999999999999979e+00 -9.949405635083381938e+00
1.899000000000000021e+00 -1.002404405570034207e+01
2.088999999999999968e+00 -1.009992125894916803e+01
2.297000000000000153e+00 -1.017661262740662487e+01
2.527000000000000135e+00 -1.025467216738126375e+01
2.779999999999999805e+00 -1.033346463954991101e+01
3.057999999999999829e+00 -1.041269748223900748e+01
3.363999999999999879e+00 -1.049230715073020548e+01
3.700000000000000178e+00 -1.057193548638136704e+01
4.070000000000000284e+00 -1.065161523794953702e+01
4.477000000000000313e+00 -1.073108082964899701e+01
4.924999999999999822e+00 -1.081025774887618951e+01
5.416999999999999815e+00 -1.088889152028359320e+01
5.958999999999999631e+00 -1.096720346453107808e+01
6.554999999999999716e+00 -1.104508980908136628e+01
7.209999999999999964e+00 -1.112253406315128146e+01
7.932000000000000384e+00 -1.119987978558294550e+01
8.724999999999999645e+00 -1.127699521306568364e+01
9.596999999999999531e+00 -1.135418391078008327e+01
1.055700000000000038e+01 -1.143180733576977204e+01
1.161299999999999955e+01 -1.151010644215143230e+01
1.277399999999999913e+01 -1.158930069772559612e+01
1.405100000000000016e+01 -1.166974969889365532e+01
1.545599999999999952e+01 -1.175182270660013373e+01
1.700199999999999889e+01 -1.183586739048182856e+01
1.870200000000000173e+01 -1.192221261779476293e+01
2.057199999999999918e+01 -1.201124890112931709e+01
2.262999999999999901e+01 -1.210332907107796885e+01
2.489300000000000068e+01 -1.219871120752446814e+01
2.738200000000000145e+01 -1.229776258631482833e+01
3.012000000000000099e+01 -1.240082020632875448e+01
3.313199999999999790e+01 -1.250825372238279520e+01
3.644500000000000028e+01 -1.262035733203309817e+01
4.009000000000000341e+01 -1.273743844851690810e+01
4.409899999999999665e+01 -1.285975375842333435e+01
4.850900000000000034e+01 -1.298758557437208339e+01
5.335900000000000176e+01 -1.312116659383555906e+01
5.869500000000000028e+01 -1.326088893441896488e+01
6.456499999999999773e+01 -1.340697749418192508e+01
7.102100000000000080e+01 -1.355958002254078032e+01
7.812399999999999523e+01 -1.371905557914701212e+01
8.593600000000000705e+01 -1.388562630964529099e+01
9.453000000000000114e+01 -1.405955425362622790e+01
1.039830000000000041e+02 -1.424119281226970735e+01
1.143810000000000002e+02 -1.443072402244163044e+01
1.258190000000000026e+02 -1.462837774890551756e+01
1.384010000000000105e+02 -1.483434411225827176e+01
1.522410000000000139e+02 -1.504902992793995509e+01
1.674650000000000034e+02 -1.527312349292146720e+01
1.842110000000000127e+02 -1.550805511714299456e+01
2.026330000000000098e+02 -1.575546706516962381e+01
2.228959999999999866e+02 -1.601796709818000153e+01
2.451850000000000023e+02 -1.629900572436379846e+01
2.697040000000000077e+02 -1.660324930446288505e+01
2.966739999999999782e+02 -1.693723789375451005e+01
3.263419999999999845e+02 -1.731156811069987356e+01
3.589759999999999991e+02 -1.774331392087256987e+01
3.948729999999999905e+02 -1.826627609637764493e+01
