# # theta [arcmin], log_e(xim)
5.000000000000000000e-01 -1.201841037576671667e+01
5.500000000000000444e-01 -1.199149237466845364e+01
6.049999999999999822e-01 -1.196545387912594194e+01
6.660000000000000364e-01 -1.194020973922303952e+01
7.319999999999999840e-01 -1.191642086422915980e+01
8.050000000000000488e-01 -1.189358328413677590e+01
8.860000000000000098e-01 -1.187177949568065749e+01
9.739999999999999769e-01 -1.185159729893295655e+01
1.072000000000000064e+00 -1.183267614926905864e+01
1.179000000000000048e+00 -1.181557215080375478e+01
1.296999999999999931e+00 -1.180018855853925430e+01
1.427000000000000046e+00 -1.178665913690398881e+01
1.568999999999999950e+00 -1.177522677141961793e+01
1.725999999999999979e+00 -1.176591771429169953e+01
1.899000000000000021e+00 -1.175896232983462930e+01
2.088999999999999968e+00 -1.175456539958889124e+01
2.297000000000000153e+00 -1.175280910294918613e+01
2.527000000000000135e+00 -1.175379227446780561e+01
2.779999999999999805e+00 -1.175767934649143776e+01
3.057999999999999829e+00 -1.176461549235107462e+01
3.363999999999999879e+00 -1.177476189876484192e+01
3.700000000000000178e+00 -1.178822755330751448e+01
4.070000000000000284e+00 -1.180508447731224564e+01
4.477000000000000313e+00 -1.182537711964113392e+01
4.924999999999999822e+00 -1.184920789960497878e+01
5.416999999999999815e+00 -1.187659438124247480e+01
5.958999999999999631e+00 -1.190769072120609628e+01
6.554999999999999716e+00 -1.194248036615096531e+01
7.209999999999999964e+00 -1.198084981741101451e+01
7.932000000000000384e+00 -1.202287846957908535e+01
8.724999999999999645e+00 -1.206837125942629818e+01
9.596999999999999531e+00 -1.211731424547440739e+01
1.055700000000000038e+01 -1.216971795858609973e+01
1.161299999999999955e+01 -1.222541959666250833e+01
1.277399999999999913e+01 -1.228415376171622420e+01
1.405100000000000016e+01 -1.234578101934015315e+01
1.545599999999999952e+01 -1.241014643606849610e+01
1.700199999999999889e+01 -1.247703474568490023e+01
1.870200000000000173e+01 -1.254620938825986975e+01
2.057199999999999918e+01 -1.261739024611163273e+01
2.262999999999999901e+01 -1.269024043454891348e+01
2.489300000000000068e+01 -1.276438163769524969e+01
2.738200000000000145e+01 -1.283951496830343864e+01
3.012000000000000099e+01 -1.291528579539648014e+01
3.313199999999999790e+01 -1.299138730934248187e+01
3.644500000000000028e+01 -1.306737437058260731e+01
4.009000000000000341e+01 -1.314283806047941106e+01
4.409899999999999665e+01 -1.321739904489060891e+01
4.850900000000000034e+01 -1.329070096722613137e+01
5.335900000000000176e+01 -1.336237591335538077e+01
5.869500000000000028e+01 -1.343222016833735033e+01
6.456499999999999773e+01 -1.349991472493071498e+01
7.102100000000000080e+01 -1.356519941057915268e+01
7.812399999999999523e+01 -1.362803978118765968e+01
8.593600000000000705e+01 -1.368841722021183571e+01
9.453000000000000114e+01 -1.374637169713428619e+01
1.039830000000000041e+02 -1.380206337792398230e+01
1.143810000000000002e+02 -1.385559397113622815e+01
1.258190000000000026e+02 -1.390723918917766078e+01
1.384010000000000105e+02 -1.395738615252925463e+01
1.522410000000000139e+02 -1.400667082129471197e+01
1.674650000000000034e+02 -1.405591383000388461e+01
1.842110000000000127e+02 -1.410606194295895932e+01
2.026330000000000098e+02 -1.415793495359042353e+01
2.228959999999999866e+02 -1.421214670629512256e+01
2.451850000000000023e+02 -1.426879411001493025e+01
2.697040000000000077e+02 -1.432739390759175535e+01
2.966739999999999782e+02 -1.438714849824358133e+01
3.263419999999999845e+02 -1.444735268942740980e+01
3.589759999999999991e+02 -1.450759150715096801e+01
3.948729999999999905e+02 -1.456804029452386118e+01
