# # theta [arcmin], log_e(xim)
5.000000000000000000e-01 -1.140496024450315637e+01
5.500000000000000444e-01 -1.137785276077688401e+01
6.049999999999999822e-01 -1.135162072229903352e+01
6.660000000000000364e-01 -1.132617788415400639e+01
7.319999999999999840e-01 -1.130218977376203249e+01
8.050000000000000488e-01 -1.127914904350857128e+01
8.860000000000000098e-01 -1.125713971463211038e+01
9.739999999999999769e-01 -1.123675540215739765e+01
1.072000000000000064e+00 -1.121763168520394416e+01
1.179000000000000048e+00 -1.120033324261542340e+01
1.296999999999999931e+00 -1.118476337646616336e+01
1.427000000000000046e+00 -1.117106136204952627e+01
1.568999999999999950e+00 -1.115947601735635608e+01
1.725999999999999979e+00 -1.115003944973143390e+01
1.899000000000000021e+00 -1.114298874836572750e+01
2.088999999999999968e+00 -1.113853900014377274e+01
2.297000000000000153e+00 -1.113678138070846479e+01
2.527000000000000135e+00 -1.113782678514574087e+01
2.779999999999999805e+00 -1.114185168363040113e+01
3.057999999999999829e+00 -1.114901525878223509e+01
3.363999999999999879e+00 -1.115949357404779185e+01
3.700000000000000178e+00 -1.117341000650663929e+01
4.070000000000000284e+00 -1.119085500936444255e+01
4.477000000000000313e+00 -1.121188797447129026e+01
4.924999999999999822e+00 -1.123662795138508486e+01
5.416999999999999815e+00 -1.126510491094357747e+01
5.958999999999999631e+00 -1.129749155672607230e+01
6.554999999999999716e+00 -1.133378145122326863e+01
7.209999999999999964e+00 -1.137386637823588842e+01
7.932000000000000384e+00 -1.141783712795301398e+01
8.724999999999999645e+00 -1.146549050438878226e+01
9.596999999999999531e+00 -1.151680678756708964e+01
1.055700000000000038e+01 -1.157178817736106602e+01
1.161299999999999955e+01 -1.163024880630223912e+01
1.277399999999999913e+01 -1.169189089984694441e+01
1.405100000000000016e+01 -1.175653859594390660e+01
1.545599999999999952e+01 -1.182399149001486371e+01
1.700199999999999889e+01 -1.189397887799042941e+01
1.870200000000000173e+01 -1.196620114970041193e+01
2.057199999999999918e+01 -1.204031349123524741e+01
2.262999999999999901e+01 -1.211591096928149192e+01
2.489300000000000068e+01 -1.219254910225063426e+01
2.738200000000000145e+01 -1.226987245291727824e+01
3.012000000000000099e+01 -1.234747954009765714e+01
3.313199999999999790e+01 -1.242503843585342516e+01
3.644500000000000028e+01 -1.250210360649536234e+01
4.009000000000000341e+01 -1.257830106293373795e+01
4.409899999999999665e+01 -1.265331927085329333e+01
4.850900000000000034e+01 -1.272690988536056622e+01
5.335900000000000176e+01 -1.279885046554986161e+01
5.869500000000000028e+01 -1.286912563321513758e+01
6.456499999999999773e+01 -1.293763846099417592e+01
7.102100000000000080e+01 -1.300437414078660225e+01
7.812399999999999523e+01 -1.306955510617393301e+01
8.593600000000000705e+01 -1.313342028028255015e+01
9.453000000000000114e+01 -1.319624945110241043e+01
1.039830000000000041e+02 -1.325841795057328909e+01
1.143810000000000002e+02 -1.332021937119179000e+01
1.258190000000000026e+02 -1.338208339098669164e+01
1.384010000000000105e+02 -1.344446506673888209e+01
1.522410000000000139e+02 -1.350795380198889717e+01
1.674650000000000034e+02 -1.357321164761032328e+01
1.842110000000000127e+02 -1.364092383804370634e+01
2.026330000000000098e+02 -1.371157405573246635e+01
2.228959999999999866e+02 -1.378548002234622238e+01
2.451850000000000023e+02 -1.386264965090226831e+01
2.697040000000000077e+02 -1.394285870630487345e+01
2.966739999999999782e+02 -1.402588819145758592e+01
3.263419999999999845e+02 -1.411158709891767771e+01
3.589759999999999991e+02 -1.419988342950339799e+01
3.948729999999999905e+02 -1.429098689519527099e+01
