# # theta [arcmin], log_e(xip)
5.000000000000000000e-01 -8.623771114480502931e+00
5.500000000000000444e-01 -8.669491005526518634e+00
6.049999999999999822e-01 -8.717344965985571292e+00
6.660000000000000364e-01 -8.767803010849414491e+00
7.319999999999999840e-01 -8.819674230380091018e+00
8.050000000000000488e-01 -8.874138886290410255e+00
8.860000000000000098e-01 -8.931422341796190878e+00
9.739999999999999769e-01 -8.990342563326287006e+00
1.072000000000000064e+00 -9.052382377748831033e+00
1.179000000000000048e+00 -9.116329217358032366e+00
1.296999999999999931e+00 -9.182797191970010431e+00
1.427000000000000046e+00 -9.251670829074962299e+00
1.568999999999999950e+00 -9.322288762328710732e+00
1.725999999999999979e+00 -9.395421934083101334e+00
1.899000000000000021e+00 -9.470712122818021328e+00
2.088999999999999968e+00 -9.547788764882954027e+00
2.297000000000000153e+00 -9.626243618396228996e+00
2.527000000000000135e+00 -9.706666128750903511e+00
2.779999999999999805e+00 -9.788418061881788645e+00
3.057999999999999829e+00 -9.871195595563257541e+00
3.363999999999999879e+00 -9.954923172841004586e+00
3.700000000000000178e+00 -1.003920006493109440e+01
4.070000000000000284e+00 -1.012403198448932429e+01
4.477000000000000313e+00 -1.020909709948251987e+01
4.924999999999999822e+00 -1.029426337836031635e+01
5.416999999999999815e+00 -1.037919799470657800e+01
5.958999999999999631e+00 -1.046407466205165981e+01
6.554999999999999716e+00 -1.054871161136599156e+01
7.209999999999999964e+00 -1.063302406639104447e+01
7.932000000000000384e+00 -1.071731736853169004e+01
8.724999999999999645e+00 -1.080138351041975753e+01
9.596999999999999531e+00 -1.088549403153987427e+01
1.055700000000000038e+01 -1.096999205736858052e+01
1.161299999999999955e+01 -1.105509500400127543e+01
1.277399999999999913e+01 -1.114099921569805574e+01
1.405100000000000016e+01 -1.122806311419973824e+01
1.545599999999999952e+01 -1.131665744708537602e+01
1.700199999999999889e+01 -1.140713764062176594e+01
1.870200000000000173e+01 -1.149984340942664218e+01
2.057199999999999918e+01 -1.159518509486757587e+01
2.262999999999999901e+01 -1.169352270924585113e+01
2.489300000000000068e+01 -1.179512446364932110e+01
2.738200000000000145e+01 -1.190037704526667461e+01
3.012000000000000099e+01 -1.200963223055539686e+01
3.313199999999999790e+01 -1.212328693410278291e+01
3.644500000000000028e+01 -1.224165236315967320e+01
4.009000000000000341e+01 -1.236505149556875160e+01
4.409899999999999665e+01 -1.249376325135169630e+01
4.850900000000000034e+01 -1.262809314092976898e+01
5.335900000000000176e+01 -1.276829156868404880e+01
5.869500000000000028e+01 -1.291479854665367633e+01
6.456499999999999773e+01 -1.306786998380048992e+01
7.102100000000000080e+01 -1.322767778301412811e+01
7.812399999999999523e+01 -1.339464859215660120e+01
8.593600000000000705e+01 -1.356907869670442146e+01
9.453000000000000114e+01 -1.375128958724049966e+01
1.039830000000000041e+02 -1.394174702338948357e+01
1.143810000000000002e+02 -1.414071964269077775e+01
1.258190000000000026e+02 -1.434857224743750415e+01
1.384010000000000105e+02 -1.456560911497435740e+01
1.522410000000000139e+02 -1.479240064634903540e+01
1.674650000000000034e+02 -1.502979332780417110e+01
1.842110000000000127e+02 -1.527944262110364093e+01
2.026330000000000098e+02 -1.554317247826871373e+01
2.228959999999999866e+02 -1.582402925176031516e+01
2.451850000000000023e+02 -1.612625686323902485e+01
2.697040000000000077e+02 -1.645593426064218789e+01
2.966739999999999782e+02 -1.682269738514746393e+01
3.263419999999999845e+02 -1.724327237047605976e+01
3.589759999999999991e+02 -1.774731595089342662e+01
3.948729999999999905e+02 -1.840885000395933346e+01
