# # theta [arcmin], log_e(xip)
5.000000000000000000e-01 -9.197321486628919018e+00
5.500000000000000444e-01 -9.235853788834230471e+00
6.049999999999999822e-01 -9.276199444658262294e+00
6.660000000000000364e-01 -9.318766136267782940e+00
7.319999999999999840e-01 -9.362562146670994068e+00
8.050000000000000488e-01 -9.408600597179683334e+00
8.860000000000000098e-01 -9.457092807701338089e+00
9.739999999999999769e-01 -9.507063323624352691e+00
1.072000000000000064e+00 -9.559795300212780234e+00
1.179000000000000048e+00 -9.614290827749560009e+00
1.296999999999999931e+00 -9.671109490863555536e+00
1.427000000000000046e+00 -9.730193958774023599e+00
1.568999999999999950e+00 -9.791022633024557109e+00
1.725999999999999979e+00 -9.854307749999870580e+00
1.899000000000000021e+00 -9.919794795810858545e+00
2.088999999999999968e+00 -9.987214221001369907e+00
2.297000000000000153e+00 -1.005626048189758315e+01
2.527000000000000135e+00 -1.012750773798178194e+01
2.779999999999999805e+00 -1.020044396570723322e+01
3.057999999999999829e+00 -1.027483649200047999e+01
3.363999999999999879e+00 -1.035064378274652697e+01
3.700000000000000178e+00 -1.042750548000814348e+01
4.070000000000000284e+00 -1.050541728072288983e+01
4.477000000000000313e+00 -1.058404788092177462e+01
4.924999999999999822e+00 -1.066320411503614096e+01
5.416999999999999815e+00 -1.074246915571551142e+01
5.958999999999999631e+00 -1.082186095165689999e+01
6.554999999999999716e+00 -1.090102575919102001e+01
7.209999999999999964e+00 -1.097968122682322090e+01
7.932000000000000384e+00 -1.105787368459262154e+01
8.724999999999999645e+00 -1.113515843133176375e+01
9.596999999999999531e+00 -1.121152393612781673e+01
1.055700000000000038e+01 -1.128702013089135470e+01
1.161299999999999955e+01 -1.136158644845199106e+01
1.277399999999999913e+01 -1.143518139714619508e+01
1.405100000000000016e+01 -1.150791603315152045e+01
1.545599999999999952e+01 -1.157994257527366955e+01
1.700199999999999889e+01 -1.165143654999373801e+01
1.870200000000000173e+01 -1.172259655384124599e+01
2.057199999999999918e+01 -1.179370435265738948e+01
2.262999999999999901e+01 -1.186502588800257385e+01
2.489300000000000068e+01 -1.193678685174655030e+01
2.738200000000000145e+01 -1.200932038073632313e+01
3.012000000000000099e+01 -1.208294763698528484e+01
3.313199999999999790e+01 -1.215803266744187283e+01
3.644500000000000028e+01 -1.223488228646314191e+01
4.009000000000000341e+01 -1.231381020634487022e+01
4.409899999999999665e+01 -1.239511094924945844e+01
4.850900000000000034e+01 -1.247909917041255490e+01
5.335900000000000176e+01 -1.256604502002243606e+01
5.869500000000000028e+01 -1.265632478604218569e+01
6.456499999999999773e+01 -1.275019965627912377e+01
7.102100000000000080e+01 -1.284788319264171896e+01
7.812399999999999523e+01 -1.294970123961583042e+01
8.593600000000000705e+01 -1.305588158938349785e+01
9.453000000000000114e+01 -1.316665492553745409e+01
1.039830000000000041e+02 -1.328224461220877828e+01
1.143810000000000002e+02 -1.340274747828447488e+01
1.258190000000000026e+02 -1.352821130877997113e+01
1.384010000000000105e+02 -1.365858800903242631e+01
1.522410000000000139e+02 -1.379388019023902778e+01
1.674650000000000034e+02 -1.393422292531561801e+01
1.842110000000000127e+02 -1.408009999629586240e+01
2.026330000000000098e+02 -1.423236189383232464e+01
2.228959999999999866e+02 -1.439239407875724552e+01
2.451850000000000023e+02 -1.456195788740309460e+01
2.697040000000000077e+02 -1.474287007342673661e+01
2.966739999999999782e+02 -1.493681732931458050e+01
3.263419999999999845e+02 -1.514546428397855848e+01
3.589759999999999991e+02 -1.537012038076712095e+01
3.948729999999999905e+02 -1.561234970694796509e+01
