# # theta [arcmin], log_e(xim)
5.000000000000000000e-01 -1.143024654285774844e+01
5.500000000000000444e-01 -1.140286461321999489e+01
6.049999999999999822e-01 -1.137641663431682382e+01
6.660000000000000364e-01 -1.135082107138059193e+01
7.319999999999999840e-01 -1.132675133886078456e+01
8.050000000000000488e-01 -1.130370154376487157e+01
8.860000000000000098e-01 -1.128175977720910694e+01
9.739999999999999769e-01 -1.126152181844716615e+01
1.072000000000000064e+00 -1.124263118786968718e+01
1.179000000000000048e+00 -1.122564797435064143e+01
1.296999999999999931e+00 -1.121048286704522390e+01
1.427000000000000046e+00 -1.119727420255587447e+01
1.568999999999999950e+00 -1.118626549730459452e+01
1.725999999999999979e+00 -1.117749376952426310e+01
1.899000000000000021e+00 -1.117119351350381073e+01
2.088999999999999968e+00 -1.116757065263348458e+01
2.297000000000000153e+00 -1.116670801046783978e+01
2.527000000000000135e+00 -1.116871822080064369e+01
2.779999999999999805e+00 -1.117376399045000568e+01
3.057999999999999829e+00 -1.118199211110642466e+01
3.363999999999999879e+00 -1.119356959544639452e+01
3.700000000000000178e+00 -1.120860311311890456e+01
4.070000000000000284e+00 -1.122717150012383769e+01
4.477000000000000313e+00 -1.124931735900978502e+01
4.924999999999999822e+00 -1.127514476134715871e+01
5.416999999999999815e+00 -1.130466573016127008e+01
5.958999999999999631e+00 -1.133803730084415307e+01
6.554999999999999716e+00 -1.137523523232186839e+01
7.209999999999999964e+00 -1.141613637928650427e+01
7.932000000000000384e+00 -1.146081700292213412e+01
8.724999999999999645e+00 -1.150905795344373850e+01
9.596999999999999531e+00 -1.156082977162731318e+01
1.055700000000000038e+01 -1.161612143605692182e+01
1.161299999999999955e+01 -1.167473840844067645e+01
1.277399999999999913e+01 -1.173637568830349487e+01
1.405100000000000016e+01 -1.180085330095272589e+01
1.545599999999999952e+01 -1.186796788505860967e+01
1.700199999999999889e+01 -1.193744801809186917e+01
1.870200000000000173e+01 -1.200899565423998538e+01
2.057199999999999918e+01 -1.208227060492644078e+01
2.262999999999999901e+01 -1.215687418377316575e+01
2.489300000000000068e+01 -1.223237103669314507e+01
2.738200000000000145e+01 -1.230841549669867874e+01
3.012000000000000099e+01 -1.238461814062716115e+01
3.313199999999999790e+01 -1.246065939344226869e+01
3.644500000000000028e+01 -1.253610649313126224e+01
4.009000000000000341e+01 -1.261059779553739801e+01
4.409899999999999665e+01 -1.268383429050896716e+01
4.850900000000000034e+01 -1.275557742245286974e+01
5.335900000000000176e+01 -1.282561478038270408e+01
5.869500000000000028e+01 -1.289393581111874454e+01
6.456499999999999773e+01 -1.296044948090210802e+01
7.102100000000000080e+01 -1.302514229726084061e+01
7.812399999999999523e+01 -1.308823541802747137e+01
8.593600000000000705e+01 -1.314996584451794703e+01
9.453000000000000114e+01 -1.321061060865643100e+01
1.039830000000000041e+02 -1.327054151177568997e+01
1.143810000000000002e+02 -1.333005382041012155e+01
1.258190000000000026e+02 -1.338958878812107578e+01
1.384010000000000105e+02 -1.344962516077471193e+01
1.522410000000000139e+02 -1.351078628233072365e+01
1.674650000000000034e+02 -1.357376745570127596e+01
1.842110000000000127e+02 -1.363926911432044164e+01
2.026330000000000098e+02 -1.370774912681207702e+01
2.228959999999999866e+02 -1.377946700201860075e+01
2.451850000000000023e+02 -1.385438102046247799e+01
2.697040000000000077e+02 -1.393226361173415917e+01
2.966739999999999782e+02 -1.401291789508828067e+01
3.263419999999999845e+02 -1.409624270386819944e+01
3.589759999999999991e+02 -1.418223396185639196e+01
3.948729999999999905e+02 -1.427112335376010677e+01
