# # theta [arcmin], log_e(xim)
5.000000000000000000e-01 -1.145317746256645819e+01
5.500000000000000444e-01 -1.143225649190334536e+01
6.049999999999999822e-01 -1.141269106542445755e+01
6.660000000000000364e-01 -1.139448753269434533e+01
7.319999999999999840e-01 -1.137816033371428937e+01
8.050000000000000488e-01 -1.136339314766610187e+01
8.860000000000000098e-01 -1.135033053836030703e+01
9.739999999999999769e-01 -1.133940418392973015e+01
1.072000000000000064e+00 -1.133050641292908978e+01
1.179000000000000048e+00 -1.132402393707873145e+01
1.296999999999999931e+00 -1.131997888748574077e+01
1.427000000000000046e+00 -1.131850572060318250e+01
1.568999999999999950e+00 -1.131974887118160034e+01
1.725999999999999979e+00 -1.132388983145130901e+01
1.899000000000000021e+00 -1.133111153699798557e+01
2.088999999999999968e+00 -1.134156290589620397e+01
2.297000000000000153e+00 -1.135525270922638441e+01
2.527000000000000135e+00 -1.137240641796677387e+01
2.779999999999999805e+00 -1.139306813770052429e+01
3.057999999999999829e+00 -1.141731987425854733e+01
3.363999999999999879e+00 -1.144529859270220662e+01
3.700000000000000178e+00 -1.147701310299599520e+01
4.070000000000000284e+00 -1.151251155064458231e+01
4.477000000000000313e+00 -1.155173656602600119e+01
4.924999999999999822e+00 -1.159471855366720661e+01
5.416999999999999815e+00 -1.164133673070154451e+01
5.958999999999999631e+00 -1.169170183337731928e+01
6.554999999999999716e+00 -1.174565569701632661e+01
7.209999999999999964e+00 -1.180294627012657038e+01
7.932000000000000384e+00 -1.186359490666240113e+01
8.724999999999999645e+00 -1.192720228240714775e+01
9.596999999999999531e+00 -1.199363516016497577e+01
1.055700000000000038e+01 -1.206278249980826978e+01
1.161299999999999955e+01 -1.213432070378055094e+01
1.277399999999999913e+01 -1.220782057226443840e+01
1.405100000000000016e+01 -1.228301049493523145e+01
1.545599999999999952e+01 -1.235959592221595038e+01
1.700199999999999889e+01 -1.243721661501353815e+01
1.870200000000000173e+01 -1.251550883219068133e+01
2.057199999999999918e+01 -1.259409938959946729e+01
2.262999999999999901e+01 -1.267259848928858723e+01
2.489300000000000068e+01 -1.275060328856146796e+01
2.738200000000000145e+01 -1.282785292151772438e+01
3.012000000000000099e+01 -1.290408805671898484e+01
3.313199999999999790e+01 -1.297916257209332258e+01
3.644500000000000028e+01 -1.305287276314519929e+01
4.009000000000000341e+01 -1.312513421262516644e+01
4.409899999999999665e+01 -1.319594479590406877e+01
4.850900000000000034e+01 -1.326538422424483166e+01
5.335900000000000176e+01 -1.333358144580269666e+01
5.869500000000000028e+01 -1.340085646485876936e+01
6.456499999999999773e+01 -1.346744718741452118e+01
7.102100000000000080e+01 -1.353362575726659855e+01
7.812399999999999523e+01 -1.359986706188189309e+01
8.593600000000000705e+01 -1.366660704906314017e+01
9.453000000000000114e+01 -1.373427533085554053e+01
1.039830000000000041e+02 -1.380334288525134312e+01
1.143810000000000002e+02 -1.387415215352758757e+01
1.258190000000000026e+02 -1.394711660525622321e+01
1.384010000000000105e+02 -1.402259512282630460e+01
1.522410000000000139e+02 -1.410098041250881984e+01
1.674650000000000034e+02 -1.418265020931082887e+01
1.842110000000000127e+02 -1.426797262399765387e+01
2.026330000000000098e+02 -1.435717312377793142e+01
2.228959999999999866e+02 -1.445052449998030397e+01
2.451850000000000023e+02 -1.454821033074326664e+01
2.697040000000000077e+02 -1.465026508260617000e+01
2.966739999999999782e+02 -1.475663793155049675e+01
3.263419999999999845e+02 -1.486724336379538691e+01
3.589759999999999991e+02 -1.498185622589847377e+01
3.948729999999999905e+02 -1.510038507769415617e+01
