# # theta [arcmin], log_e(xim)
5.000000000000000000e-01 -1.125973158174953781e+01
5.500000000000000444e-01 -1.123476432307711903e+01
6.049999999999999822e-01 -1.121064472353208608e+01
6.660000000000000364e-01 -1.118730114047919066e+01
7.319999999999999840e-01 -1.116534515210017453e+01
8.050000000000000488e-01 -1.114431384743225095e+01
8.860000000000000098e-01 -1.112429459419023026e+01
9.739999999999999769e-01 -1.110583967088336088e+01
1.072000000000000064e+00 -1.108863206028108550e+01
1.179000000000000048e+00 -1.107319807025905156e+01
1.296999999999999931e+00 -1.105946288774473452e+01
1.427000000000000046e+00 -1.104756384318929641e+01
1.568999999999999950e+00 -1.103773966141435281e+01
1.725999999999999979e+00 -1.103004633191884132e+01
1.899000000000000021e+00 -1.102472098077705631e+01
2.088999999999999968e+00 -1.102197892742332641e+01
2.297000000000000153e+00 -1.102191282855408261e+01
2.527000000000000135e+00 -1.102465960992401861e+01
2.779999999999999805e+00 -1.103039561739908869e+01
3.057999999999999829e+00 -1.103928719902634548e+01
3.363999999999999879e+00 -1.105152435653182863e+01
3.700000000000000178e+00 -1.106723694145454573e+01
4.070000000000000284e+00 -1.108652960796447573e+01
4.477000000000000313e+00 -1.110947037559692951e+01
4.924999999999999822e+00 -1.113618704540625970e+01
5.416999999999999815e+00 -1.116671366935306864e+01
5.958999999999999631e+00 -1.120123418412724625e+01
6.554999999999999716e+00 -1.123974072282305947e+01
7.209999999999999964e+00 -1.128212569742115434e+01
7.932000000000000384e+00 -1.132848365749717168e+01
8.724999999999999645e+00 -1.137859913838944159e+01
9.596999999999999531e+00 -1.143244839010931813e+01
1.055700000000000038e+01 -1.149002665540488977e+01
1.161299999999999955e+01 -1.155113587265399744e+01
1.277399999999999913e+01 -1.161546352306700669e+01
1.405100000000000016e+01 -1.168282236843456801e+01
1.545599999999999952e+01 -1.175299978631317366e+01
1.700199999999999889e+01 -1.182571148793355853e+01
1.870200000000000173e+01 -1.190064520755361421e+01
2.057199999999999918e+01 -1.197744798298821145e+01
2.262999999999999901e+01 -1.205571107818840382e+01
2.489300000000000068e+01 -1.213498846901345729e+01
2.738200000000000145e+01 -1.221493035950661721e+01
3.012000000000000099e+01 -1.229514651162531891e+01
3.313199999999999790e+01 -1.237532454361685375e+01
3.644500000000000028e+01 -1.245504387838184712e+01
4.009000000000000341e+01 -1.253396578804345474e+01
4.409899999999999665e+01 -1.261181749276167885e+01
4.850900000000000034e+01 -1.268839309636074120e+01
5.335900000000000176e+01 -1.276351444828476289e+01
5.869500000000000028e+01 -1.283721639056845198e+01
6.456499999999999773e+01 -1.290945118842893535e+01
7.102100000000000080e+01 -1.298024551673315052e+01
7.812399999999999523e+01 -1.304986505718832746e+01
8.593600000000000705e+01 -1.311858054135910834e+01
9.453000000000000114e+01 -1.318669285372662259e+01
1.039830000000000041e+02 -1.325459504361071517e+01
1.143810000000000002e+02 -1.332258722827195285e+01
1.258190000000000026e+02 -1.339108369887316208e+01
1.384010000000000105e+02 -1.346047385521013595e+01
1.522410000000000139e+02 -1.353124330939249731e+01
1.674650000000000034e+02 -1.360391664771830200e+01
1.842110000000000127e+02 -1.367905494504250541e+01
2.026330000000000098e+02 -1.375710298021009237e+01
2.228959999999999866e+02 -1.383848659721004637e+01
2.451850000000000023e+02 -1.392343747512612673e+01
2.697040000000000077e+02 -1.401195083649393958e+01
2.966739999999999782e+02 -1.410391862722130440e+01
3.263419999999999845e+02 -1.419923521169420688e+01
3.589759999999999991e+02 -1.429770628975670732e+01
3.948729999999999905e+02 -1.439931645664027293e+01
