# # theta [arcmin], log_e(xim)
5.000000000000000000e-01 -1.207223464991315254e+01
5.500000000000000444e-01 -1.204483905172251568e+01
6.049999999999999822e-01 -1.201868709906947075e+01
6.660000000000000364e-01 -1.199372314089725222e+01
7.319999999999999840e-01 -1.197061862000047405e+01
8.050000000000000488e-01 -1.194889952406833089e+01
8.860000000000000098e-01 -1.192867805826169558e+01
9.739999999999999769e-01 -1.191052285490286700e+01
1.072000000000000064e+00 -1.189413595883431896e+01
1.179000000000000048e+00 -1.188003595603193396e+01
1.296999999999999931e+00 -1.186815687986994483e+01
1.427000000000000046e+00 -1.185862867624333461e+01
1.568999999999999950e+00 -1.185165075781750943e+01
1.725999999999999979e+00 -1.184729014405187897e+01
1.899000000000000021e+00 -1.184574508054112485e+01
2.088999999999999968e+00 -1.184717894485362777e+01
2.297000000000000153e+00 -1.185161960819873173e+01
2.527000000000000135e+00 -1.185918964658831065e+01
2.779999999999999805e+00 -1.186997633670381802e+01
3.057999999999999829e+00 -1.188406741029316649e+01
3.363999999999999879e+00 -1.190158212976288965e+01
3.700000000000000178e+00 -1.192255448011944274e+01
4.070000000000000284e+00 -1.194701229451733049e+01
4.477000000000000313e+00 -1.197492536964331578e+01
4.924999999999999822e+00 -1.200633300154378347e+01
5.416999999999999815e+00 -1.204116551006781854e+01
5.958999999999999631e+00 -1.207952775175131954e+01
6.554999999999999716e+00 -1.212131761217037074e+01
7.209999999999999964e+00 -1.216633898703277517e+01
7.932000000000000384e+00 -1.221461906233201589e+01
8.724999999999999645e+00 -1.226586001793773129e+01
9.596999999999999531e+00 -1.231997464715157165e+01
1.055700000000000038e+01 -1.237689726610166119e+01
1.161299999999999955e+01 -1.243637677268524477e+01
1.277399999999999913e+01 -1.249805782976846302e+01
1.405100000000000016e+01 -1.256171726329440297e+01
1.545599999999999952e+01 -1.262711149728084337e+01
1.700199999999999889e+01 -1.269393169830444812e+01
1.870200000000000173e+01 -1.276185344643764097e+01
2.057199999999999918e+01 -1.283051686328929719e+01
2.262999999999999901e+01 -1.289951627002528056e+01
2.489300000000000068e+01 -1.296842200519466815e+01
2.738200000000000145e+01 -1.303690428792313050e+01
3.012000000000000099e+01 -1.310460450381738617e+01
3.313199999999999790e+01 -1.317124222050562032e+01
3.644500000000000028e+01 -1.323644682747460877e+01
4.009000000000000341e+01 -1.329992547839830586e+01
4.409899999999999665e+01 -1.336145784588314811e+01
4.850900000000000034e+01 -1.342089206224960485e+01
5.335900000000000176e+01 -1.347811446251779088e+01
5.869500000000000028e+01 -1.353319284801164457e+01
6.456499999999999773e+01 -1.358612333897304580e+01
7.102100000000000080e+01 -1.363697114446578063e+01
7.812399999999999523e+01 -1.368600977735390245e+01
8.593600000000000705e+01 -1.373352696579543419e+01
9.453000000000000114e+01 -1.377984423108746448e+01
1.039830000000000041e+02 -1.382535303663369852e+01
1.143810000000000002e+02 -1.387038404306678707e+01
1.258190000000000026e+02 -1.391544084404223369e+01
1.384010000000000105e+02 -1.396113627873390683e+01
1.522410000000000139e+02 -1.400825585365130266e+01
1.674650000000000034e+02 -1.405765575244811494e+01
1.842110000000000127e+02 -1.411011171215044335e+01
2.026330000000000098e+02 -1.416597539601706757e+01
2.228959999999999866e+02 -1.422519470370824202e+01
2.451850000000000023e+02 -1.428729096474476634e+01
2.697040000000000077e+02 -1.435164834870482409e+01
2.966739999999999782e+02 -1.441783652817500183e+01
3.263419999999999845e+02 -1.448569149329760819e+01
3.589759999999999991e+02 -1.455533622385762804e+01
3.948729999999999905e+02 -1.462726043501077910e+01
