# # theta [arcmin], log_e(xim)
5.000000000000000000e-01 -1.112731618557341484e+01
5.500000000000000444e-01 -1.110227979915397967e+01
6.049999999999999822e-01 -1.107810545890272991e+01
6.660000000000000364e-01 -1.105472180735900167e+01
7.319999999999999840e-01 -1.103274504536669909e+01
8.050000000000000488e-01 -1.101171330280422467e+01
8.860000000000000098e-01 -1.099171613892349875e+01
9.739999999999999769e-01 -1.097330774057026126e+01
1.072000000000000064e+00 -1.095617721306063430e+01
1.179000000000000048e+00 -1.094085047340574945e+01
1.296999999999999931e+00 -1.092725826677390799e+01
1.427000000000000046e+00 -1.091554166689543059e+01
1.568999999999999950e+00 -1.090594093076458471e+01
1.725999999999999979e+00 -1.089851904831387408e+01
1.899000000000000021e+00 -1.089351578673488952e+01
2.088999999999999968e+00 -1.089114969666963617e+01
2.297000000000000153e+00 -1.089151706531530905e+01
2.527000000000000135e+00 -1.089476048474397274e+01
2.779999999999999805e+00 -1.090105829889895617e+01
3.057999999999999829e+00 -1.091057864873677907e+01
3.363999999999999879e+00 -1.092351400964414232e+01
3.700000000000000178e+00 -1.093999471587417993e+01
4.070000000000000284e+00 -1.096012542297933834e+01
4.477000000000000313e+00 -1.098397214523448362e+01
4.924999999999999822e+00 -1.101166120571462237e+01
5.416999999999999815e+00 -1.104321875480060022e+01
5.958999999999999631e+00 -1.107882366247922157e+01
6.554999999999999716e+00 -1.111845929064049443e+01
7.209999999999999964e+00 -1.116200454371419148e+01
7.932000000000000384e+00 -1.120954402503152281e+01
8.724999999999999645e+00 -1.126084077785927917e+01
9.596999999999999531e+00 -1.131585405736202432e+01
1.055700000000000038e+01 -1.137456014959859907e+01
1.161299999999999955e+01 -1.143673509109220987e+01
1.277399999999999913e+01 -1.150204091716829069e+01
1.405100000000000016e+01 -1.157026531879882825e+01
1.545599999999999952e+01 -1.164116892055309371e+01
1.700199999999999889e+01 -1.171444060576488866e+01
1.870200000000000173e+01 -1.178974382844612911e+01
2.057199999999999918e+01 -1.186670603023850035e+01
2.262999999999999901e+01 -1.194490417265963522e+01
2.489300000000000068e+01 -1.202388493102603206e+01
2.738200000000000145e+01 -1.210330200069442874e+01
3.012000000000000099e+01 -1.218277866911211937e+01
3.313199999999999790e+01 -1.226202858263514628e+01
3.644500000000000028e+01 -1.234067043512530937e+01
4.009000000000000341e+01 -1.241841894750022490e+01
4.409899999999999665e+01 -1.249506490924113322e+01
4.850900000000000034e+01 -1.257047508408264314e+01
5.335900000000000176e+01 -1.264455156154411419e+01
5.869500000000000028e+01 -1.271740973340496872e+01
6.456499999999999773e+01 -1.278908444825231783e+01
7.102100000000000080e+01 -1.285967647268311076e+01
7.812399999999999523e+01 -1.292951863406838164e+01
8.593600000000000705e+01 -1.299893453159223533e+01
9.453000000000000114e+01 -1.306826968280026513e+01
1.039830000000000041e+02 -1.313794362152009931e+01
1.143810000000000002e+02 -1.320827045526583809e+01
1.258190000000000026e+02 -1.327966710620349211e+01
1.384010000000000105e+02 -1.335251329105269669e+01
1.522410000000000139e+02 -1.342726960427250127e+01
1.674650000000000034e+02 -1.350441766968245894e+01
1.842110000000000127e+02 -1.358446153737921414e+01
2.026330000000000098e+02 -1.366776491811018523e+01
2.228959999999999866e+02 -1.375466572510195462e+01
2.451850000000000023e+02 -1.384533130951154156e+01
2.697040000000000077e+02 -1.393973997697418987e+01
2.966739999999999782e+02 -1.403782382905652071e+01
3.263419999999999845e+02 -1.413951089309016673e+01
3.589759999999999991e+02 -1.424462148798939154e+01
3.948729999999999905e+02 -1.435317274928382858e+01
