# # theta [arcmin], log_e(xip)
5.000000000000000000e-01 -8.780535233752745583e+00
5.500000000000000444e-01 -8.825774131816475077e+00
6.049999999999999822e-01 -8.873130550294863639e+00
6.660000000000000364e-01 -8.923075636597404880e+00
7.319999999999999840e-01 -8.974434605280006139e+00
8.050000000000000488e-01 -9.028383881810942313e+00
8.860000000000000098e-01 -9.085155464553142934e+00
9.739999999999999769e-01 -9.143587741289193715e+00
1.072000000000000064e+00 -9.205159814268098373e+00
1.179000000000000048e+00 -9.268680542639273767e+00
1.296999999999999931e+00 -9.334772715362587903e+00
1.427000000000000046e+00 -9.403333063339898601e+00
1.568999999999999950e+00 -9.473717549266703841e+00
1.725999999999999979e+00 -9.546707494122115278e+00
1.899000000000000021e+00 -9.621959477140215711e+00
2.088999999999999968e+00 -9.699115080746491202e+00
2.297000000000000153e+00 -9.777775677810002009e+00
2.527000000000000135e+00 -9.858540573474789070e+00
2.779999999999999805e+00 -9.940774967714849808e+00
3.057999999999999829e+00 -1.002417357277782450e+01
3.363999999999999879e+00 -1.010865538944175768e+01
3.700000000000000178e+00 -1.019380429267875598e+01
4.070000000000000284e+00 -1.027960863874794839e+01
4.477000000000000313e+00 -1.036571890433418375e+01
4.924999999999999822e+00 -1.045196900785489014e+01
5.416999999999999815e+00 -1.053798250222323496e+01
5.958999999999999631e+00 -1.062389041755065122e+01
6.554999999999999716e+00 -1.070945948140066051e+01
7.209999999999999964e+00 -1.079455264317321728e+01
7.932000000000000384e+00 -1.087942585244925198e+01
8.724999999999999645e+00 -1.096382014759407397e+01
9.596999999999999531e+00 -1.104796390059690303e+01
1.055700000000000038e+01 -1.113216228616250270e+01
1.161299999999999955e+01 -1.121660059928846387e+01
1.277399999999999913e+01 -1.130145214669338216e+01
1.405100000000000016e+01 -1.138705521913122531e+01
1.545599999999999952e+01 -1.147377206177451825e+01
1.700199999999999889e+01 -1.156195028166841254e+01
1.870200000000000173e+01 -1.165193400122706535e+01
2.057199999999999918e+01 -1.174413508472554568e+01
2.262999999999999901e+01 -1.183891893612701374e+01
2.489300000000000068e+01 -1.193656472705730387e+01
2.738200000000000145e+01 -1.203746773325280373e+01
3.012000000000000099e+01 -1.214198653921675763e+01
3.313199999999999790e+01 -1.225052392628294129e+01
3.644500000000000028e+01 -1.236339685568209035e+01
4.009000000000000341e+01 -1.248093036926235300e+01
4.409899999999999665e+01 -1.260340709719085694e+01
4.850900000000000034e+01 -1.273113141498855505e+01
5.335900000000000176e+01 -1.286434971695102192e+01
5.869500000000000028e+01 -1.300348361004474818e+01
6.456499999999999773e+01 -1.314877768375919231e+01
7.102100000000000080e+01 -1.330039375449384131e+01
7.812399999999999523e+01 -1.345872532010814027e+01
8.593600000000000705e+01 -1.362403106338555325e+01
9.453000000000000114e+01 -1.379658871059774405e+01
1.039830000000000041e+02 -1.397677956306076474e+01
1.143810000000000002e+02 -1.416480466456363274e+01
1.258190000000000026e+02 -1.436093021449495133e+01
1.384010000000000105e+02 -1.456533814897893286e+01
1.522410000000000139e+02 -1.477841266678949772e+01
1.674650000000000034e+02 -1.500073194091219086e+01
1.842110000000000127e+02 -1.523347227877133747e+01
2.026330000000000098e+02 -1.547792106876473461e+01
2.228959999999999866e+02 -1.573634894680256657e+01
2.451850000000000023e+02 -1.601195254160683845e+01
2.697040000000000077e+02 -1.630893490052162775e+01
2.966739999999999782e+02 -1.663348433633968781e+01
3.263419999999999845e+02 -1.699553400673772785e+01
3.589759999999999991e+02 -1.740891330068649623e+01
3.948729999999999905e+02 -1.790132579848865291e+01
