# # theta [arcmin], log_e(xim)
5.000000000000000000e-01 -1.161266602442909068e+01
5.500000000000000444e-01 -1.158804639614760212e+01
6.049999999999999822e-01 -1.156468413078416013e+01
6.660000000000000364e-01 -1.154254821825659683e+01
7.319999999999999840e-01 -1.152224475497156320e+01
8.050000000000000488e-01 -1.150336629972126090e+01
8.860000000000000098e-01 -1.148603916271645531e+01
9.739999999999999769e-01 -1.147077731018934088e+01
1.072000000000000064e+00 -1.145736304627547142e+01
1.179000000000000048e+00 -1.144626451028907255e+01
1.296999999999999931e+00 -1.143745627683435018e+01
1.427000000000000046e+00 -1.143107454694099800e+01
1.568999999999999950e+00 -1.142730388663683172e+01
1.725999999999999979e+00 -1.142626439933245663e+01
1.899000000000000021e+00 -1.142815426196437834e+01
2.088999999999999968e+00 -1.143314248333027017e+01
2.297000000000000153e+00 -1.144125710911898786e+01
2.527000000000000135e+00 -1.145267267698130631e+01
2.779999999999999805e+00 -1.146746942424685933e+01
3.057999999999999829e+00 -1.148574424421840234e+01
3.363999999999999879e+00 -1.150763448691365021e+01
3.700000000000000178e+00 -1.153317572443874184e+01
4.070000000000000284e+00 -1.156241428314154085e+01
4.477000000000000313e+00 -1.159531973540144278e+01
4.924999999999999822e+00 -1.163193774333595343e+01
5.416999999999999815e+00 -1.167218535796022039e+01
5.958999999999999631e+00 -1.171617975058460992e+01
6.554999999999999716e+00 -1.176380127517239593e+01
7.209999999999999964e+00 -1.181483439425767656e+01
7.932000000000000384e+00 -1.186930916561012239e+01
8.724999999999999645e+00 -1.192688257830547194e+01
9.596999999999999531e+00 -1.198744760733801584e+01
1.055700000000000038e+01 -1.205091692806533921e+01
1.161299999999999955e+01 -1.211700060982350280e+01
1.277399999999999913e+01 -1.218530048837999047e+01
1.405100000000000016e+01 -1.225556083326137724e+01
1.545599999999999952e+01 -1.232750134354526850e+01
1.700199999999999889e+01 -1.240077282228630651e+01
1.870200000000000173e+01 -1.247501330717162737e+01
2.057199999999999918e+01 -1.254983700517159129e+01
2.262999999999999901e+01 -1.262482362121418511e+01
2.489300000000000068e+01 -1.269953456146002679e+01
2.738200000000000145e+01 -1.277365417591771823e+01
3.012000000000000099e+01 -1.284685320792067742e+01
3.313199999999999790e+01 -1.291890552422277949e+01
3.644500000000000028e+01 -1.298951571847242370e+01
4.009000000000000341e+01 -1.305849461175289861e+01
4.409899999999999665e+01 -1.312574157710087874e+01
4.850900000000000034e+01 -1.319123714884111642e+01
5.335900000000000176e+01 -1.325501686978178029e+01
5.869500000000000028e+01 -1.331731070485085588e+01
6.456499999999999773e+01 -1.337828066833753127e+01
7.102100000000000080e+01 -1.343814181531314311e+01
7.812399999999999523e+01 -1.349731722438259851e+01
8.593600000000000705e+01 -1.355621561443138567e+01
9.453000000000000114e+01 -1.361525494863845509e+01
1.039830000000000041e+02 -1.367490896819167112e+01
1.143810000000000002e+02 -1.373553092920324659e+01
1.258190000000000026e+02 -1.379755767961501078e+01
1.384010000000000105e+02 -1.386140068630554190e+01
1.522410000000000139e+02 -1.392754708646557837e+01
1.674650000000000034e+02 -1.399650883068492213e+01
1.842110000000000127e+02 -1.406881477885584175e+01
2.026330000000000098e+02 -1.414482662118271783e+01
2.228959999999999866e+02 -1.422483219292175960e+01
2.451850000000000023e+02 -1.430890548288064501e+01
2.697040000000000077e+02 -1.439692479001393899e+01
2.966739999999999782e+02 -1.448873433420815182e+01
3.263419999999999845e+02 -1.458418829129686856e+01
3.589759999999999991e+02 -1.468313256161347091e+01
3.948729999999999905e+02 -1.478563623253190684e+01
