# # theta [arcmin], log_e(xip)
5.000000000000000000e-01 -8.838733368211686425e+00
5.500000000000000444e-01 -8.877116261954197896e+00
6.049999999999999822e-01 -8.917334993493057027e+00
6.660000000000000364e-01 -8.959801132965745651e+00
7.319999999999999840e-01 -9.003530288456611075e+00
8.050000000000000488e-01 -9.049539567610450419e+00
8.860000000000000098e-01 -9.098046150113464847e+00
9.739999999999999769e-01 -9.148081321859786286e+00
1.072000000000000064e+00 -9.200936725180982378e+00
1.179000000000000048e+00 -9.255621355528452554e+00
1.296999999999999931e+00 -9.312702941524134914e+00
1.427000000000000046e+00 -9.372133682446190051e+00
1.568999999999999950e+00 -9.433397052063806854e+00
1.725999999999999979e+00 -9.497219300367849115e+00
1.899000000000000021e+00 -9.563353884286957651e+00
2.088999999999999968e+00 -9.631537075288203908e+00
2.297000000000000153e+00 -9.701468602741098124e+00
2.527000000000000135e+00 -9.773738529059684765e+00
2.779999999999999805e+00 -9.847836407388466995e+00
3.057999999999999829e+00 -9.923532721243097043e+00
3.363999999999999879e+00 -1.000079171901118968e+01
3.700000000000000178e+00 -1.007925169623490369e+01
4.070000000000000284e+00 -1.015891258923203466e+01
4.477000000000000313e+00 -1.023943984435207177e+01
4.924999999999999822e+00 -1.032063918280571713e+01
5.416999999999999815e+00 -1.040208590170015235e+01
5.958999999999999631e+00 -1.048380188498173027e+01
6.554999999999999716e+00 -1.056542719368156114e+01
7.209999999999999964e+00 -1.064667660031902230e+01
7.932000000000000384e+00 -1.072760666108928973e+01
8.724999999999999645e+00 -1.080776671303707737e+01
9.596999999999999531e+00 -1.088715817174159639e+01
1.055700000000000038e+01 -1.096584853237148494e+01
1.161299999999999955e+01 -1.104379721876044762e+01
1.277399999999999913e+01 -1.112097932774325670e+01
1.405100000000000016e+01 -1.119753387196025507e+01
1.545599999999999952e+01 -1.127364639414497027e+01
1.700199999999999889e+01 -1.134952257627952399e+01
1.870200000000000173e+01 -1.142539547248486542e+01
2.057199999999999918e+01 -1.150158204550980479e+01
2.262999999999999901e+01 -1.157838013898104634e+01
2.489300000000000068e+01 -1.165604184719316372e+01
2.738200000000000145e+01 -1.173493078931060474e+01
3.012000000000000099e+01 -1.181539418978053746e+01
3.313199999999999790e+01 -1.189782309129916804e+01
3.644500000000000028e+01 -1.198254436823249769e+01
4.009000000000000341e+01 -1.206988857437043983e+01
4.409899999999999665e+01 -1.216016338909799011e+01
4.850900000000000034e+01 -1.225369605062777190e+01
5.335900000000000176e+01 -1.235076321365193941e+01
5.869500000000000028e+01 -1.245176016317927825e+01
6.456499999999999773e+01 -1.255695184585654012e+01
7.102100000000000080e+01 -1.266654773583474203e+01
7.812399999999999523e+01 -1.278088902937111015e+01
8.593600000000000705e+01 -1.290020871487950593e+01
9.453000000000000114e+01 -1.302473769861988906e+01
1.039830000000000041e+02 -1.315470631676127766e+01
1.143810000000000002e+02 -1.329019285351485102e+01
1.258190000000000026e+02 -1.343123912420978883e+01
1.384010000000000105e+02 -1.357778977267883569e+01
1.522410000000000139e+02 -1.372987980025766319e+01
1.674650000000000034e+02 -1.388773647153263546e+01
1.842110000000000127e+02 -1.405202320369978786e+01
2.026330000000000098e+02 -1.422375402213163831e+01
2.228959999999999866e+02 -1.440442151464560538e+01
2.451850000000000023e+02 -1.459573813607753223e+01
2.697040000000000077e+02 -1.479939567537715028e+01
2.966739999999999782e+02 -1.501714775860387796e+01
3.263419999999999845e+02 -1.525087668289905629e+01
3.589759999999999991e+02 -1.550226589503155772e+01
3.948729999999999905e+02 -1.577357163140357343e+01
