# # theta [arcmin], log_e(xim)
5.000000000000000000e-01 -1.100608015214234214e+01
5.500000000000000444e-01 -1.098204842133008619e+01
6.049999999999999822e-01 -1.095897885938161131e+01
6.660000000000000364e-01 -1.093681897067617115e+01
7.319999999999999840e-01 -1.091616143964692043e+01
8.050000000000000488e-01 -1.089658103807453493e+01
8.860000000000000098e-01 -1.087818206162868684e+01
9.739999999999999769e-01 -1.086149234336839697e+01
1.072000000000000064e+00 -1.084625214498132095e+01
1.179000000000000048e+00 -1.083295927322360441e+01
1.296999999999999931e+00 -1.082156938747815289e+01
1.427000000000000046e+00 -1.081222786073496600e+01
1.568999999999999950e+00 -1.080515916635497575e+01
1.725999999999999979e+00 -1.080045959772388464e+01
1.899000000000000021e+00 -1.079836323227980621e+01
2.088999999999999968e+00 -1.079907900040737623e+01
2.297000000000000153e+00 -1.080269012225708813e+01
2.527000000000000135e+00 -1.080936667382435701e+01
2.779999999999999805e+00 -1.081926241749250472e+01
3.057999999999999829e+00 -1.083253176542039498e+01
3.363999999999999879e+00 -1.084936004191529690e+01
3.700000000000000178e+00 -1.086985284806770835e+01
4.070000000000000284e+00 -1.089410643464757378e+01
4.477000000000000313e+00 -1.092215824633473709e+01
4.924999999999999822e+00 -1.095411228475251342e+01
5.416999999999999815e+00 -1.098995528576017477e+01
5.958999999999999631e+00 -1.102984952688443876e+01
6.554999999999999716e+00 -1.107373484290233456e+01
7.209999999999999964e+00 -1.112144975377135836e+01
7.932000000000000384e+00 -1.117305472409788969e+01
8.724999999999999645e+00 -1.122825642715181971e+01
9.596999999999999531e+00 -1.128697864648350269e+01
1.055700000000000038e+01 -1.134916001270487129e+01
1.161299999999999955e+01 -1.141453548716170907e+01
1.277399999999999913e+01 -1.148272415073712516e+01
1.405100000000000016e+01 -1.155348322357053625e+01
1.545599999999999952e+01 -1.162654409630751928e+01
1.700199999999999889e+01 -1.170156928522039230e+01
1.870200000000000173e+01 -1.177820476402566818e+01
2.057199999999999918e+01 -1.185607232742926875e+01
2.262999999999999901e+01 -1.193475778816638844e+01
2.489300000000000068e+01 -1.201382798597650492e+01
2.738200000000000145e+01 -1.209297273639044157e+01
3.012000000000000099e+01 -1.217186718004097479e+01
3.313199999999999790e+01 -1.225029165337230985e+01
3.644500000000000028e+01 -1.232794789287498638e+01
4.009000000000000341e+01 -1.240464627470700698e+01
4.409899999999999665e+01 -1.248027820219183326e+01
4.850900000000000034e+01 -1.255481343400364658e+01
5.335900000000000176e+01 -1.262826060431889630e+01
5.869500000000000028e+01 -1.270083366546433723e+01
6.456499999999999773e+01 -1.277265942446270586e+01
7.102100000000000080e+01 -1.284391455047287067e+01
7.812399999999999523e+01 -1.291499276748743696e+01
8.593600000000000705e+01 -1.298626247629602304e+01
9.453000000000000114e+01 -1.305809645564652932e+01
1.039830000000000041e+02 -1.313092643596483100e+01
1.143810000000000002e+02 -1.320506423984299538e+01
1.258190000000000026e+02 -1.328090962024647581e+01
1.384010000000000105e+02 -1.335881382403669271e+01
1.522410000000000139e+02 -1.343918456684449758e+01
1.674650000000000034e+02 -1.352243281834083888e+01
1.842110000000000127e+02 -1.360897536505948757e+01
2.026330000000000098e+02 -1.369909022814766431e+01
2.228959999999999866e+02 -1.379306534693877495e+01
2.451850000000000023e+02 -1.389105674847375838e+01
2.697040000000000077e+02 -1.399308209399032243e+01
2.966739999999999782e+02 -1.409912305571296010e+01
3.263419999999999845e+02 -1.420913109082956005e+01
3.589759999999999991e+02 -1.432293912493359400e+01
3.948729999999999905e+02 -1.444055918682201956e+01
