# # theta [arcmin], log_e(xip)
5.000000000000000000e-01 -8.721546269646431426e+00
5.500000000000000444e-01 -8.762892982740686065e+00
6.049999999999999822e-01 -8.806192130556476982e+00
6.660000000000000364e-01 -8.851877427463593406e+00
7.319999999999999840e-01 -8.898877565984019355e+00
8.050000000000000488e-01 -8.948270766300945311e+00
8.860000000000000098e-01 -9.000275575935805961e+00
9.739999999999999769e-01 -9.053834182826234311e+00
1.072000000000000064e+00 -9.110308629042144446e+00
1.179000000000000048e+00 -9.168615105528871823e+00
1.296999999999999931e+00 -9.229337275954589970e+00
1.427000000000000046e+00 -9.292393298787013478e+00
1.568999999999999950e+00 -9.357206564886125122e+00
1.725999999999999979e+00 -9.424514271165257639e+00
1.899000000000000021e+00 -9.494020595849477218e+00
2.088999999999999968e+00 -9.565415025634147028e+00
2.297000000000000153e+00 -9.638350520359820095e+00
2.527000000000000135e+00 -9.713407504158562134e+00
2.779999999999999805e+00 -9.790020662494125503e+00
3.057999999999999829e+00 -9.867924867972611480e+00
3.363999999999999879e+00 -9.947060201640466559e+00
3.700000000000000178e+00 -1.002704326809404733e+01
4.070000000000000284e+00 -1.010786504301535871e+01
4.477000000000000313e+00 -1.018918865507175653e+01
4.924999999999999822e+00 -1.027083438187162123e+01
5.416999999999999815e+00 -1.035240843301444080e+01
5.958999999999999631e+00 -1.043398269245797927e+01
6.554999999999999716e+00 -1.051526490643463418e+01
7.209999999999999964e+00 -1.059605010402495751e+01
7.932000000000000384e+00 -1.067649169135543374e+01
8.724999999999999645e+00 -1.075625011725844615e+01
9.596999999999999531e+00 -1.083544435904942027e+01
1.055700000000000038e+01 -1.091426590261118079e+01
1.161299999999999955e+01 -1.099279744298636885e+01
1.277399999999999913e+01 -1.107112907049498318e+01
1.405100000000000016e+01 -1.114951088349673469e+01
1.545599999999999952e+01 -1.122822633707717799e+01
1.700199999999999889e+01 -1.130756632292499475e+01
1.870200000000000173e+01 -1.138782791240251946e+01
2.057199999999999918e+01 -1.146938429077222033e+01
2.262999999999999901e+01 -1.155257356544045955e+01
2.489300000000000068e+01 -1.163767020213481196e+01
2.738200000000000145e+01 -1.172505489502133713e+01
3.012000000000000099e+01 -1.181508178577643875e+01
3.313199999999999790e+01 -1.190814404847116315e+01
3.644500000000000028e+01 -1.200456172134088284e+01
4.009000000000000341e+01 -1.210466021330716480e+01
4.409899999999999665e+01 -1.220873157735841730e+01
4.850900000000000034e+01 -1.231708890256151712e+01
5.335900000000000176e+01 -1.242999124711826653e+01
5.869500000000000028e+01 -1.254783617639061433e+01
6.456499999999999773e+01 -1.267087446766417003e+01
7.102100000000000080e+01 -1.279929485628229102e+01
7.812399999999999523e+01 -1.293345108728642501e+01
8.593600000000000705e+01 -1.307357845134385421e+01
9.453000000000000114e+01 -1.321992549090908398e+01
1.039830000000000041e+02 -1.337277085994203141e+01
1.143810000000000002e+02 -1.353222739655044649e+01
1.258190000000000026e+02 -1.369839974820109596e+01
1.384010000000000105e+02 -1.387129571515290927e+01
1.522410000000000139e+02 -1.405104721252221722e+01
1.674650000000000034e+02 -1.423800469036406113e+01
1.842110000000000127e+02 -1.443303629795611087e+01
2.026330000000000098e+02 -1.463725162642612432e+01
2.228959999999999866e+02 -1.485224752491429889e+01
2.451850000000000023e+02 -1.507987901032314326e+01
2.697040000000000077e+02 -1.532224026901838521e+01
2.966739999999999782e+02 -1.558181399876092499e+01
3.263419999999999845e+02 -1.586187793015469083e+01
3.589759999999999991e+02 -1.616613980845993481e+01
3.948729999999999905e+02 -1.649999917609293831e+01
