# # theta [arcmin], log_e(xim)
5.000000000000000000e-01 -1.137756362363957230e+01
5.500000000000000444e-01 -1.135164029624237081e+01
6.049999999999999822e-01 -1.132676628129505580e+01
6.660000000000000364e-01 -1.130288255352589211e+01
7.319999999999999840e-01 -1.128062714670465994e+01
8.050000000000000488e-01 -1.125954217825354498e+01
8.860000000000000098e-01 -1.123973311333006464e+01
9.739999999999999769e-01 -1.122175847191427600e+01
1.072000000000000064e+00 -1.120532533070861625e+01
1.179000000000000048e+00 -1.119095574038914087e+01
1.296999999999999931e+00 -1.117859051071065579e+01
1.427000000000000046e+00 -1.116837168644190825e+01
1.568999999999999950e+00 -1.116052082581829907e+01
1.725999999999999979e+00 -1.115511606477040907e+01
1.899000000000000021e+00 -1.115238241182121115e+01
2.088999999999999968e+00 -1.115251560452370327e+01
2.297000000000000153e+00 -1.115558324371053445e+01
2.527000000000000135e+00 -1.116173141372021682e+01
2.779999999999999805e+00 -1.117109546397877473e+01
3.057999999999999829e+00 -1.118380950524275441e+01
3.363999999999999879e+00 -1.120003408417002966e+01
3.700000000000000178e+00 -1.121985443904665658e+01
4.070000000000000284e+00 -1.124334270128562174e+01
4.477000000000000313e+00 -1.127051747037056373e+01
4.924999999999999822e+00 -1.130146428763023358e+01
5.416999999999999815e+00 -1.133615679696597489e+01
5.958999999999999631e+00 -1.137474303023030764e+01
6.554999999999999716e+00 -1.141715720828096003e+01
7.209999999999999964e+00 -1.146323856013577469e+01
7.932000000000000384e+00 -1.151304397199190888e+01
8.724999999999999645e+00 -1.156629586241196250e+01
9.596999999999999531e+00 -1.162292751367359500e+01
1.055700000000000038e+01 -1.168289075581222924e+01
1.161299999999999955e+01 -1.174594083271994371e+01
1.277399999999999913e+01 -1.181172106452570603e+01
1.405100000000000016e+01 -1.188000751835530266e+01
1.545599999999999952e+01 -1.195055096903204372e+01
1.700199999999999889e+01 -1.202303118126513048e+01
1.870200000000000173e+01 -1.209710667733478040e+01
2.057199999999999918e+01 -1.217240211387089488e+01
2.262999999999999901e+01 -1.224849592141740295e+01
2.489300000000000068e+01 -1.232493816686282884e+01
2.738200000000000145e+01 -1.240138655864856965e+01
3.012000000000000099e+01 -1.247747200380806021e+01
3.313199999999999790e+01 -1.255291579463661122e+01
3.644500000000000028e+01 -1.262735133178095026e+01
4.009000000000000341e+01 -1.270050668174518016e+01
4.409899999999999665e+01 -1.277218936882962730e+01
4.850900000000000034e+01 -1.284228501502518505e+01
5.335900000000000176e+01 -1.291072333850553733e+01
5.869500000000000028e+01 -1.297763855313431236e+01
6.456499999999999773e+01 -1.304309389166676425e+01
7.102100000000000080e+01 -1.310721913256267968e+01
7.812399999999999523e+01 -1.317036892446628471e+01
8.593600000000000705e+01 -1.323289222591496461e+01
9.453000000000000114e+01 -1.329516142709468163e+01
1.039830000000000041e+02 -1.335761936398583494e+01
1.143810000000000002e+02 -1.342060163753679980e+01
1.258190000000000026e+02 -1.348454775615958035e+01
1.384010000000000105e+02 -1.354988316176837415e+01
1.522410000000000139e+02 -1.361712784156752498e+01
1.674650000000000034e+02 -1.368684033671083355e+01
1.842110000000000127e+02 -1.375959346980591214e+01
2.026330000000000098e+02 -1.383578071653617059e+01
2.228959999999999866e+02 -1.391569438471587006e+01
2.451850000000000023e+02 -1.399939830058721135e+01
2.697040000000000077e+02 -1.408678031891451710e+01
2.966739999999999782e+02 -1.417771174348687779e+01
3.263419999999999845e+02 -1.427208934501286208e+01
3.589759999999999991e+02 -1.436981796034222647e+01
3.948729999999999905e+02 -1.447100498474625141e+01
