# # theta [arcmin], log_e(xip)
5.000000000000000000e-01 -8.823325765697978440e+00
5.500000000000000444e-01 -8.861554968777960894e+00
6.049999999999999822e-01 -8.901593968511212651e+00
6.660000000000000364e-01 -8.943856910752900902e+00
7.319999999999999840e-01 -8.987368835455669114e+00
8.050000000000000488e-01 -9.033149454431260494e+00
8.860000000000000098e-01 -9.081423108089927254e+00
9.739999999999999769e-01 -9.131235334547248783e+00
1.072000000000000064e+00 -9.183883463013822634e+00
1.179000000000000048e+00 -9.238393610148307289e+00
1.296999999999999931e+00 -9.295347431679635619e+00
1.427000000000000046e+00 -9.354714333379774871e+00
1.568999999999999950e+00 -9.415996719617824695e+00
1.725999999999999979e+00 -9.479942214639791587e+00
1.899000000000000021e+00 -9.546327646210665208e+00
2.088999999999999968e+00 -9.614913178304016483e+00
2.297000000000000153e+00 -9.685421027536602168e+00
2.527000000000000135e+00 -9.758474378565225038e+00
2.779999999999999805e+00 -9.833586000690917928e+00
3.057999999999999829e+00 -9.910551443168843733e+00
3.363999999999999879e+00 -9.989360305277175556e+00
3.700000000000000178e+00 -1.006966800074895652e+01
4.070000000000000284e+00 -1.015149619381407575e+01
4.477000000000000313e+00 -1.023452009117797878e+01
4.924999999999999822e+00 -1.031855097746167083e+01
5.416999999999999815e+00 -1.040315268689716710e+01
5.958999999999999631e+00 -1.048834335660991002e+01
6.554999999999999716e+00 -1.057373220956439397e+01
7.209999999999999964e+00 -1.065899365794698461e+01
7.932000000000000384e+00 -1.074414914838462209e+01
8.724999999999999645e+00 -1.082867221844710492e+01
9.596999999999999531e+00 -1.091250121403467332e+01
1.055700000000000038e+01 -1.099563398994662577e+01
1.161299999999999955e+01 -1.107794621581199124e+01
1.277399999999999913e+01 -1.115932434037747178e+01
1.405100000000000016e+01 -1.123982671411820533e+01
1.545599999999999952e+01 -1.131956011596399669e+01
1.700199999999999889e+01 -1.139865793480172940e+01
1.870200000000000173e+01 -1.147729001736127330e+01
2.057199999999999918e+01 -1.155572503861171896e+01
2.262999999999999901e+01 -1.163421495355354018e+01
2.489300000000000068e+01 -1.171297878438153184e+01
2.738200000000000145e+01 -1.179236176080656762e+01
3.012000000000000099e+01 -1.187270078152961617e+01
3.313199999999999790e+01 -1.195439061815542736e+01
3.644500000000000028e+01 -1.203776364091622497e+01
4.009000000000000341e+01 -1.212315824971818046e+01
4.409899999999999665e+01 -1.221090007885921125e+01
4.850900000000000034e+01 -1.230133608642677778e+01
5.335900000000000176e+01 -1.239476404677582089e+01
5.869500000000000028e+01 -1.249160715897178697e+01
6.456499999999999773e+01 -1.259215756849945933e+01
7.102100000000000080e+01 -1.269665423616590161e+01
7.812399999999999523e+01 -1.280547559902275268e+01
8.593600000000000705e+01 -1.291889736521015131e+01
9.453000000000000114e+01 -1.303719169160929425e+01
1.039830000000000041e+02 -1.316064848836986556e+01
1.143810000000000002e+02 -1.328942555300931794e+01
1.258190000000000026e+02 -1.342365767727597259e+01
1.384010000000000105e+02 -1.356334660174554330e+01
1.522410000000000139e+02 -1.370849910585230802e+01
1.674650000000000034e+02 -1.385915904324871128e+01
1.842110000000000127e+02 -1.401559807906121158e+01
2.026330000000000098e+02 -1.417831323818912814e+01
2.228959999999999866e+02 -1.434832671073880128e+01
2.451850000000000023e+02 -1.452711319765905174e+01
2.697040000000000077e+02 -1.471636356704959070e+01
2.966739999999999782e+02 -1.491782127740382968e+01
3.263419999999999845e+02 -1.513334285511726840e+01
3.589759999999999991e+02 -1.536445703392130113e+01
3.948729999999999905e+02 -1.561266032880032739e+01
