# # theta [arcmin], log_e(xim)
5.000000000000000000e-01 -1.163756100046686370e+01
5.500000000000000444e-01 -1.160731570804613000e+01
6.049999999999999822e-01 -1.157789447875646438e+01
6.660000000000000364e-01 -1.154917998961343173e+01
7.319999999999999840e-01 -1.152191363784587175e+01
8.050000000000000488e-01 -1.149550999840184140e+01
8.860000000000000098e-01 -1.147003744614872822e+01
9.739999999999999769e-01 -1.144615319051824009e+01
1.072000000000000064e+00 -1.142340108156125034e+01
1.179000000000000048e+00 -1.140240518382679369e+01
1.296999999999999931e+00 -1.138302590948933357e+01
1.427000000000000046e+00 -1.136539809951553259e+01
1.568999999999999950e+00 -1.134979352340275227e+01
1.725999999999999979e+00 -1.133618612647250679e+01
1.899000000000000021e+00 -1.132481817784002054e+01
2.088999999999999968e+00 -1.131590661119070695e+01
2.297000000000000153e+00 -1.130954798162049890e+01
2.527000000000000135e+00 -1.130579748092482539e+01
2.779999999999999805e+00 -1.130484682168891553e+01
3.057999999999999829e+00 -1.130685320245557079e+01
3.363999999999999879e+00 -1.131197599018882549e+01
3.700000000000000178e+00 -1.132034504406630049e+01
4.070000000000000284e+00 -1.133203159350080114e+01
4.477000000000000313e+00 -1.134710005789924736e+01
4.924999999999999822e+00 -1.136566734147161384e+01
5.416999999999999815e+00 -1.138778202809273843e+01
5.958999999999999631e+00 -1.141360334377604779e+01
6.554999999999999716e+00 -1.144314756836280900e+01
7.209999999999999964e+00 -1.147633320317063976e+01
7.932000000000000384e+00 -1.151324641646965041e+01
8.724999999999999645e+00 -1.155374027201631293e+01
9.596999999999999531e+00 -1.159782104547303838e+01
1.055700000000000038e+01 -1.164551866925966195e+01
1.161299999999999955e+01 -1.169669795385725308e+01
1.277399999999999913e+01 -1.175111818916731821e+01
1.405100000000000016e+01 -1.180865355330112543e+01
1.545599999999999952e+01 -1.186916107685799204e+01
1.700199999999999889e+01 -1.193243721687728609e+01
1.870200000000000173e+01 -1.199825148477781944e+01
2.057199999999999918e+01 -1.206632270322701572e+01
2.262999999999999901e+01 -1.213630444801947128e+01
2.489300000000000068e+01 -1.220781015412437220e+01
2.738200000000000145e+01 -1.228052403048947738e+01
3.012000000000000099e+01 -1.235407254690438350e+01
3.313199999999999790e+01 -1.242812654073529366e+01
3.644500000000000028e+01 -1.250221897226076706e+01
4.009000000000000341e+01 -1.257591562300792276e+01
4.409899999999999665e+01 -1.264881883709009891e+01
4.850900000000000034e+01 -1.272056264158182692e+01
5.335900000000000176e+01 -1.279077016675360845e+01
5.869500000000000028e+01 -1.285923978591396910e+01
6.456499999999999773e+01 -1.292566072604462413e+01
7.102100000000000080e+01 -1.298979726301097237e+01
7.812399999999999523e+01 -1.305164586064004340e+01
8.593600000000000705e+01 -1.311123354441757272e+01
9.453000000000000114e+01 -1.316864504049506479e+01
1.039830000000000041e+02 -1.322409825142910833e+01
1.143810000000000002e+02 -1.327781265003836531e+01
1.258190000000000026e+02 -1.333028216583310943e+01
1.384010000000000105e+02 -1.338216053969995123e+01
1.522410000000000139e+02 -1.343432174911690247e+01
1.674650000000000034e+02 -1.348769280645282365e+01
1.842110000000000127e+02 -1.354303222890477088e+01
2.026330000000000098e+02 -1.360056854752818900e+01
2.228959999999999866e+02 -1.366008412083296619e+01
2.451850000000000023e+02 -1.372092973498507540e+01
2.697040000000000077e+02 -1.378237466599786032e+01
2.966739999999999782e+02 -1.384406848125230738e+01
3.263419999999999845e+02 -1.390611930683502884e+01
3.589759999999999991e+02 -1.396897484008301404e+01
3.948729999999999905e+02 -1.403340540784281565e+01
