# # theta [arcmin], log_e(xip)
5.000000000000000000e-01 -9.377193976736787562e+00
5.500000000000000444e-01 -9.417134678532111280e+00
6.049999999999999822e-01 -9.458915455689776763e+00
6.660000000000000364e-01 -9.502947887867128074e+00
7.319999999999999840e-01 -9.548195664578543074e+00
8.050000000000000488e-01 -9.595693635894756213e+00
8.860000000000000098e-01 -9.645643643343547069e+00
9.739999999999999769e-01 -9.697025405406753507e+00
1.072000000000000064e+00 -9.751140956232218215e+00
1.179000000000000048e+00 -9.806946312615533401e+00
1.296999999999999931e+00 -9.864994796587103210e+00
1.427000000000000046e+00 -9.925204466911228707e+00
1.568999999999999950e+00 -9.987021129543480313e+00
1.725999999999999979e+00 -1.005114522430432267e+01
1.899000000000000021e+00 -1.011729135540427826e+01
2.088999999999999968e+00 -1.018516263645710396e+01
2.297000000000000153e+00 -1.025442839646561843e+01
2.527000000000000135e+00 -1.032564043015082333e+01
2.779999999999999805e+00 -1.039826136538078849e+01
3.057999999999999829e+00 -1.047204151722554144e+01
3.363999999999999879e+00 -1.054692308885793395e+01
3.700000000000000178e+00 -1.062254061139571881e+01
4.070000000000000284e+00 -1.069888276422983253e+01
4.477000000000000313e+00 -1.077562265263836849e+01
4.924999999999999822e+00 -1.085257889062474845e+01
5.416999999999999815e+00 -1.092936047659528498e+01
5.958999999999999631e+00 -1.100600666290336171e+01
6.554999999999999716e+00 -1.108220400076590195e+01
7.209999999999999964e+00 -1.115771489270051831e+01
7.932000000000000384e+00 -1.123262456648330598e+01
8.724999999999999645e+00 -1.130655052423925611e+01
9.596999999999999531e+00 -1.137953070667975197e+01
1.055700000000000038e+01 -1.145165822614692708e+01
1.161299999999999955e+01 -1.152292570106864211e+01
1.277399999999999913e+01 -1.159333323927247861e+01
1.405100000000000016e+01 -1.166302803280358624e+01
1.545599999999999952e+01 -1.173219104534309309e+01
1.700199999999999889e+01 -1.180101708794304294e+01
1.870200000000000173e+01 -1.186971641563748037e+01
2.057199999999999918e+01 -1.193857358671228397e+01
2.262999999999999901e+01 -1.200785477396437528e+01
2.489300000000000068e+01 -1.207778163475311395e+01
2.738200000000000145e+01 -1.214867524913771923e+01
3.012000000000000099e+01 -1.222084360094578948e+01
3.313199999999999790e+01 -1.229463132807077130e+01
3.644500000000000028e+01 -1.237033002643578605e+01
4.009000000000000341e+01 -1.244823975269554595e+01
4.409899999999999665e+01 -1.252863882116883509e+01
4.850900000000000034e+01 -1.261182769566746664e+01
5.335900000000000176e+01 -1.269806637444621344e+01
5.869500000000000028e+01 -1.278771637694220864e+01
6.456499999999999773e+01 -1.288103262053238041e+01
7.102100000000000080e+01 -1.297822450603423405e+01
7.812399999999999523e+01 -1.307961140648723131e+01
8.593600000000000705e+01 -1.318541500451690851e+01
9.453000000000000114e+01 -1.329586712559452799e+01
1.039830000000000041e+02 -1.341118610015038115e+01
1.143810000000000002e+02 -1.353146835179587626e+01
1.258190000000000026e+02 -1.365675791201671352e+01
1.384010000000000105e+02 -1.378699696195468150e+01
1.522410000000000139e+02 -1.392216246266165847e+01
1.674650000000000034e+02 -1.406235258805866373e+01
1.842110000000000127e+02 -1.420799315475014701e+01
2.026330000000000098e+02 -1.435987262765137196e+01
2.228959999999999866e+02 -1.451930906301602775e+01
2.451850000000000023e+02 -1.468800643863880495e+01
2.697040000000000077e+02 -1.486772668866753477e+01
2.966739999999999782e+02 -1.506010919549579796e+01
3.263419999999999845e+02 -1.526677788124423962e+01
3.589759999999999991e+02 -1.548900124286426916e+01
3.948729999999999905e+02 -1.572817879285690168e+01
