# # theta [arcmin], log_e(xip)
5.000000000000000000e-01 -8.980751238131920999e+00
5.500000000000000444e-01 -9.027279088847228294e+00
6.049999999999999822e-01 -9.075880285721115825e+00
6.660000000000000364e-01 -9.127008004249459461e+00
7.319999999999999840e-01 -9.179431995383023235e+00
8.050000000000000488e-01 -9.234322252196651704e+00
8.860000000000000098e-01 -9.291874015542479270e+00
9.739999999999999769e-01 -9.350872555911225348e+00
1.072000000000000064e+00 -9.412771415942993158e+00
1.179000000000000048e+00 -9.476329317670826313e+00
1.296999999999999931e+00 -9.542128993864436026e+00
1.427000000000000046e+00 -9.610022583310385613e+00
1.568999999999999950e+00 -9.679333312140240508e+00
1.725999999999999979e+00 -9.750792216922990363e+00
1.899000000000000021e+00 -9.824022796459829010e+00
2.088999999999999968e+00 -9.898646091346041231e+00
2.297000000000000153e+00 -9.974254282093742319e+00
2.527000000000000135e+00 -1.005140374059153530e+01
2.779999999999999805e+00 -1.012947414145448732e+01
3.057999999999999829e+00 -1.020817608520546571e+01
3.363999999999999879e+00 -1.028744325542844962e+01
3.700000000000000178e+00 -1.036690809790539269e+01
4.070000000000000284e+00 -1.044658915338866834e+01
4.477000000000000313e+00 -1.052620087366445212e+01
4.924999999999999822e+00 -1.060564116955774416e+01
5.416999999999999815e+00 -1.068462083952558750e+01
5.958999999999999631e+00 -1.076332328457463561e+01
6.554999999999999716e+00 -1.084160169210854718e+01
7.209999999999999964e+00 -1.091939698256406288e+01
7.932000000000000384e+00 -1.099700782753866335e+01
8.724999999999999645e+00 -1.107426029561771763e+01
9.596999999999999531e+00 -1.115141642412829981e+01
1.055700000000000038e+01 -1.122880347208823437e+01
1.161299999999999955e+01 -1.130662781238536674e+01
1.277399999999999913e+01 -1.138508385349429197e+01
1.405100000000000016e+01 -1.146450965657746224e+01
1.545599999999999952e+01 -1.154525508037156811e+01
1.700199999999999889e+01 -1.162765764671775415e+01
1.870200000000000173e+01 -1.171203942832437583e+01
2.057199999999999918e+01 -1.179878626361514726e+01
2.262999999999999901e+01 -1.188824805773534798e+01
2.489300000000000068e+01 -1.198068601180734660e+01
2.738200000000000145e+01 -1.207646925742430533e+01
3.012000000000000099e+01 -1.217593808673814948e+01
3.313199999999999790e+01 -1.227946604228448813e+01
3.644500000000000028e+01 -1.238735306449625817e+01
4.009000000000000341e+01 -1.249991096215998532e+01
4.409899999999999665e+01 -1.261740593780131547e+01
4.850900000000000034e+01 -1.274013039059001962e+01
5.335900000000000176e+01 -1.286832599306877434e+01
5.869500000000000028e+01 -1.300238896678711420e+01
6.456499999999999773e+01 -1.314255639089128280e+01
7.102100000000000080e+01 -1.328899486955410936e+01
7.812399999999999523e+01 -1.344207014324307359e+01
8.593600000000000705e+01 -1.360201903799895362e+01
9.453000000000000114e+01 -1.376911659572832214e+01
1.039830000000000041e+02 -1.394371092862829364e+01
1.143810000000000002e+02 -1.412598549200994391e+01
1.258190000000000026e+02 -1.431614957516203823e+01
1.384010000000000105e+02 -1.451434910366100794e+01
1.522410000000000139e+02 -1.472090239910947140e+01
1.674650000000000034e+02 -1.493637888508194322e+01
1.842110000000000127e+02 -1.516199553307890469e+01
2.026330000000000098e+02 -1.539916182233677233e+01
2.228959999999999866e+02 -1.565002764382096423e+01
2.451850000000000023e+02 -1.591735150364836748e+01
2.697040000000000077e+02 -1.620469525819130041e+01
2.966739999999999782e+02 -1.651693918018764151e+01
3.263419999999999845e+02 -1.686171562050719075e+01
3.589759999999999991e+02 -1.724961756962601456e+01
3.948729999999999905e+02 -1.769991450531643196e+01
