# # theta [arcmin], log_e(xip)
5.000000000000000000e-01 -8.972445360430306494e+00
5.500000000000000444e-01 -9.018174100467303944e+00
6.049999999999999822e-01 -9.065934446991430917e+00
6.660000000000000364e-01 -9.116170842466129187e+00
7.319999999999999840e-01 -9.167673679957063726e+00
8.050000000000000488e-01 -9.221590821617635214e+00
8.860000000000000098e-01 -9.278113130960354837e+00
9.739999999999999769e-01 -9.336046915879078867e+00
1.072000000000000064e+00 -9.396818997419243757e+00
1.179000000000000048e+00 -9.459210276256280636e+00
1.296999999999999931e+00 -9.523793414903927612e+00
1.427000000000000046e+00 -9.590423739143812298e+00
1.568999999999999950e+00 -9.658438488500763697e+00
1.725999999999999979e+00 -9.728557411745715200e+00
1.899000000000000021e+00 -9.800413047811375122e+00
2.088999999999999968e+00 -9.873636559976624483e+00
2.297000000000000153e+00 -9.947830948251588978e+00
2.527000000000000135e+00 -1.002354645100474073e+01
2.779999999999999805e+00 -1.010017809045560000e+01
3.057999999999999829e+00 -1.017744530249626678e+01
3.363999999999999879e+00 -1.025528555098694028e+01
3.700000000000000178e+00 -1.033333890267091881e+01
4.070000000000000284e+00 -1.041162446080601356e+01
4.477000000000000313e+00 -1.048985997794651404e+01
4.924999999999999822e+00 -1.056793960468429461e+01
5.416999999999999815e+00 -1.064557374834327774e+01
5.958999999999999631e+00 -1.072293110457771270e+01
6.554999999999999716e+00 -1.079985458601213288e+01
7.209999999999999964e+00 -1.087627086114543395e+01
7.932000000000000384e+00 -1.095245689789717503e+01
8.724999999999999645e+00 -1.102822228050981046e+01
9.596999999999999531e+00 -1.110380703836416139e+01
1.055700000000000038e+01 -1.117951147143941348e+01
1.161299999999999955e+01 -1.125552117316303224e+01
1.277399999999999913e+01 -1.133200989611425058e+01
1.405100000000000016e+01 -1.140929454419966582e+01
1.545599999999999952e+01 -1.148770616183738191e+01
1.700199999999999889e+01 -1.156756709562643692e+01
1.870200000000000173e+01 -1.164918457443406474e+01
2.057199999999999918e+01 -1.173293256509388982e+01
2.262999999999999901e+01 -1.181915107770102402e+01
2.489300000000000068e+01 -1.190809742970502327e+01
2.738200000000000145e+01 -1.200013417645524605e+01
3.012000000000000099e+01 -1.209559767104251726e+01
3.313199999999999790e+01 -1.219485618586341502e+01
3.644500000000000028e+01 -1.229820986450300246e+01
4.009000000000000341e+01 -1.240596975140103631e+01
4.409899999999999665e+01 -1.251840430483128053e+01
4.850900000000000034e+01 -1.263580964724335409e+01
5.335900000000000176e+01 -1.275843232282582917e+01
5.869500000000000028e+01 -1.288666615419852057e+01
6.456499999999999773e+01 -1.302075353674239544e+01
7.102100000000000080e+01 -1.316087398274385301e+01
7.812399999999999523e+01 -1.330739019010558088e+01
8.593600000000000705e+01 -1.346054257004639787e+01
9.453000000000000114e+01 -1.362060517730950160e+01
1.039830000000000041e+02 -1.378790609137765522e+01
1.143810000000000002e+02 -1.396261096613370434e+01
1.258190000000000026e+02 -1.414489668049963456e+01
1.384010000000000105e+02 -1.433486209088720820e+01
1.522410000000000139e+02 -1.453275741693481038e+01
1.674650000000000034e+02 -1.473907039588951129e+01
1.842110000000000127e+02 -1.495487671847304156e+01
2.026330000000000098e+02 -1.518142010834847966e+01
2.228959999999999866e+02 -1.542051481359643716e+01
2.451850000000000023e+02 -1.567441674672412866e+01
2.697040000000000077e+02 -1.594593302177232452e+01
2.966739999999999782e+02 -1.623878663560298818e+01
3.263419999999999845e+02 -1.655843314391719190e+01
3.589759999999999991e+02 -1.691172968721840775e+01
3.948729999999999905e+02 -1.731036652406555021e+01
