# # theta [arcmin], log_e(xim)
5.000000000000000000e-01 -1.132885876515788404e+01
5.500000000000000444e-01 -1.130665710208572783e+01
6.049999999999999822e-01 -1.128612460975267062e+01
6.660000000000000364e-01 -1.126727862271155622e+01
7.319999999999999840e-01 -1.125065812827700462e+01
8.050000000000000488e-01 -1.123594469778232430e+01
8.860000000000000098e-01 -1.122329554081391123e+01
9.739999999999999769e-01 -1.121313351397973079e+01
1.072000000000000064e+00 -1.120537017947820679e+01
1.179000000000000048e+00 -1.120036689439703181e+01
1.296999999999999931e+00 -1.119814830233623937e+01
1.427000000000000046e+00 -1.119883323136917497e+01
1.568999999999999950e+00 -1.120252663307995356e+01
1.725999999999999979e+00 -1.120941556605184175e+01
1.899000000000000021e+00 -1.121964484368055892e+01
2.088999999999999968e+00 -1.123332294437039103e+01
2.297000000000000153e+00 -1.125040659706984947e+01
2.527000000000000135e+00 -1.127111326240104106e+01
2.779999999999999805e+00 -1.129542420146664305e+01
3.057999999999999829e+00 -1.132336848046188393e+01
3.363999999999999879e+00 -1.135503749181754074e+01
3.700000000000000178e+00 -1.139038133687882670e+01
4.070000000000000284e+00 -1.142940082626042297e+01
4.477000000000000313e+00 -1.147197931815718874e+01
4.924999999999999822e+00 -1.151809078228244942e+01
5.416999999999999815e+00 -1.156754861296135495e+01
5.958999999999999631e+00 -1.162041056930239868e+01
6.554999999999999716e+00 -1.167645101859116608e+01
7.209999999999999964e+00 -1.173535164865413627e+01
7.932000000000000384e+00 -1.179707618001070024e+01
8.724999999999999645e+00 -1.186115375397888272e+01
9.596999999999999531e+00 -1.192738782725346169e+01
1.055700000000000038e+01 -1.199560282776600317e+01
1.161299999999999955e+01 -1.206541718941385888e+01
1.277399999999999913e+01 -1.213635350450746664e+01
1.405100000000000016e+01 -1.220810170267503203e+01
1.545599999999999952e+01 -1.228034112287185664e+01
1.700199999999999889e+01 -1.235270525698864041e+01
1.870200000000000173e+01 -1.242484999260197931e+01
2.057199999999999918e+01 -1.249644687191188197e+01
2.262999999999999901e+01 -1.256718111733099441e+01
2.489300000000000068e+01 -1.263676202753553923e+01
2.738200000000000145e+01 -1.270506390576681355e+01
3.012000000000000099e+01 -1.277199492766243871e+01
3.313199999999999790e+01 -1.283759316530599115e+01
3.644500000000000028e+01 -1.290185850434157544e+01
4.009000000000000341e+01 -1.296491015697259641e+01
4.409899999999999665e+01 -1.302695047560336228e+01
4.850900000000000034e+01 -1.308824943161920729e+01
5.335900000000000176e+01 -1.314911554692679907e+01
5.869500000000000028e+01 -1.321000513486016281e+01
6.456499999999999773e+01 -1.327127182178964127e+01
7.102100000000000080e+01 -1.333326590667121891e+01
7.812399999999999523e+01 -1.339649763731084064e+01
8.593600000000000705e+01 -1.346141594020564725e+01
9.453000000000000114e+01 -1.352844467531844330e+01
1.039830000000000041e+02 -1.359802055789635844e+01
1.143810000000000002e+02 -1.367043060738170013e+01
1.258190000000000026e+02 -1.374601248078188043e+01
1.384010000000000105e+02 -1.382506152357435703e+01
1.522410000000000139e+02 -1.390789660720856169e+01
1.674650000000000034e+02 -1.399482504054122067e+01
1.842110000000000127e+02 -1.408614162850836138e+01
2.026330000000000098e+02 -1.418194915446736459e+01
2.228959999999999866e+02 -1.428233795677467732e+01
2.451850000000000023e+02 -1.438730649870905332e+01
2.697040000000000077e+02 -1.449679003907679053e+01
2.966739999999999782e+02 -1.461071903592611321e+01
3.263419999999999845e+02 -1.472901916354333629e+01
3.589759999999999991e+02 -1.485154164604751337e+01
3.948729999999999905e+02 -1.497829695417665441e+01
