# # theta [arcmin], log_e(xip)
5.000000000000000000e-01 -8.780733046619817017e+00
5.500000000000000444e-01 -8.821712213137812952e+00
6.049999999999999822e-01 -8.864607575578220988e+00
6.660000000000000364e-01 -8.909857332627387549e+00
7.319999999999999840e-01 -8.956413913573634034e+00
8.050000000000000488e-01 -9.005363235284484347e+00
8.860000000000000098e-01 -9.056939687610936929e+00
9.739999999999999769e-01 -9.110116827993525845e+00
1.072000000000000064e+00 -9.166272770142159132e+00
1.179000000000000048e+00 -9.224358975037917574e+00
1.296999999999999931e+00 -9.284988166730986592e+00
1.427000000000000046e+00 -9.348116302778525011e+00
1.568999999999999950e+00 -9.413203713976230347e+00
1.725999999999999979e+00 -9.481032002916306212e+00
1.899000000000000021e+00 -9.551350649948769700e+00
2.088999999999999968e+00 -9.623891836717330506e+00
2.297000000000000153e+00 -9.698347658834826746e+00
2.527000000000000135e+00 -9.775359280513674420e+00
2.779999999999999805e+00 -9.854395529168863632e+00
3.057999999999999829e+00 -9.935225515424463083e+00
3.363999999999999879e+00 -1.001782356102281391e+01
3.700000000000000178e+00 -1.010181703522141561e+01
4.070000000000000284e+00 -1.018721691391995776e+01
4.477000000000000313e+00 -1.027367538570995542e+01
4.924999999999999822e+00 -1.036099360287190230e+01
5.416999999999999815e+00 -1.044872347805883450e+01
5.958999999999999631e+00 -1.053689558554923522e+01
6.554999999999999716e+00 -1.062512803918030890e+01
7.209999999999999964e+00 -1.071311237115476800e+01
7.932000000000000384e+00 -1.080090893562029208e+01
8.724999999999999645e+00 -1.088802286450851042e+01
9.596999999999999531e+00 -1.097444751532858831e+01
1.055700000000000038e+01 -1.106024476501458587e+01
1.161299999999999955e+01 -1.114535815878174141e+01
1.277399999999999913e+01 -1.122973722467400925e+01
1.405100000000000016e+01 -1.131351164996058145e+01
1.545599999999999952e+01 -1.139686123895451786e+01
1.700199999999999889e+01 -1.147998404073608647e+01
1.870200000000000173e+01 -1.156311084700359970e+01
2.057199999999999918e+01 -1.164656532061950855e+01
2.262999999999999901e+01 -1.173064450558172744e+01
2.489300000000000068e+01 -1.181560016732538365e+01
2.738200000000000145e+01 -1.190181092813211627e+01
3.012000000000000099e+01 -1.198963585433676116e+01
3.313199999999999790e+01 -1.207949144966509003e+01
3.644500000000000028e+01 -1.217171914266648436e+01
4.009000000000000341e+01 -1.226666610533214907e+01
4.409899999999999665e+01 -1.236465837901799425e+01
4.850900000000000034e+01 -1.246604176065927128e+01
5.335900000000000176e+01 -1.257110642741900719e+01
5.869500000000000028e+01 -1.268028544089968435e+01
6.456499999999999773e+01 -1.279386535045053286e+01
7.102100000000000080e+01 -1.291207165822994796e+01
7.812399999999999523e+01 -1.303530075172793623e+01
8.593600000000000705e+01 -1.316383871030363117e+01
9.453000000000000114e+01 -1.329797350629925923e+01
1.039830000000000041e+02 -1.343803828553024005e+01
1.143810000000000002e+02 -1.358423218422156609e+01
1.258190000000000026e+02 -1.373677516599411241e+01
1.384010000000000105e+02 -1.389575892845162386e+01
1.522410000000000139e+02 -1.406129422343561508e+01
1.674650000000000034e+02 -1.423347460336572290e+01
1.842110000000000127e+02 -1.441254860524096770e+01
2.026330000000000098e+02 -1.459878815648704631e+01
2.228959999999999866e+02 -1.479297055994882193e+01
2.451850000000000023e+02 -1.499642688418616210e+01
2.697040000000000077e+02 -1.521092679719908780e+01
2.966739999999999782e+02 -1.543855512245465356e+01
3.263419999999999845e+02 -1.568186211651185857e+01
3.589759999999999991e+02 -1.594325954034326642e+01
3.948729999999999905e+02 -1.622549357405517867e+01
