# # theta [arcmin], log_e(xim)
5.000000000000000000e-01 -1.135300972082123216e+01
5.500000000000000444e-01 -1.132641685280627364e+01
6.049999999999999822e-01 -1.130087359960718096e+01
6.660000000000000364e-01 -1.127631697420249601e+01
7.319999999999999840e-01 -1.125340061243554501e+01
8.050000000000000488e-01 -1.123165188309961415e+01
8.860000000000000098e-01 -1.121117334155577971e+01
9.739999999999999769e-01 -1.119253687961724530e+01
1.072000000000000064e+00 -1.117543374819554991e+01
1.179000000000000048e+00 -1.116039780915430768e+01
1.296999999999999931e+00 -1.114736124795058636e+01
1.427000000000000046e+00 -1.113646563899080100e+01
1.568999999999999950e+00 -1.112793793188422242e+01
1.725999999999999979e+00 -1.112184600253150357e+01
1.899000000000000021e+00 -1.111841480500564039e+01
2.088999999999999968e+00 -1.111784206074320025e+01
2.297000000000000153e+00 -1.112019442538682412e+01
2.527000000000000135e+00 -1.112560871321924161e+01
2.779999999999999805e+00 -1.113422262638221483e+01
3.057999999999999829e+00 -1.114616861467634834e+01
3.363999999999999879e+00 -1.116160613677354441e+01
3.700000000000000178e+00 -1.118061831887988866e+01
4.070000000000000284e+00 -1.120327546412080366e+01
4.477000000000000313e+00 -1.122959635291867642e+01
4.924999999999999822e+00 -1.125966482068580810e+01
5.416999999999999815e+00 -1.129345746020896257e+01
5.958999999999999631e+00 -1.133111904083432186e+01
6.554999999999999716e+00 -1.137258977417669747e+01
7.209999999999999964e+00 -1.141770801673806979e+01
7.932000000000000384e+00 -1.146653245740051830e+01
8.724999999999999645e+00 -1.151879244207141006e+01
9.596999999999999531e+00 -1.157442317406646382e+01
1.055700000000000038e+01 -1.163337965247837147e+01
1.161299999999999955e+01 -1.169542227712050675e+01
1.277399999999999913e+01 -1.176019970865655040e+01
1.405100000000000016e+01 -1.182749224757024997e+01
1.545599999999999952e+01 -1.189705456319089727e+01
1.700199999999999889e+01 -1.196857138124511799e+01
1.870200000000000173e+01 -1.204170564476855709e+01
2.057199999999999918e+01 -1.211608533436183599e+01
2.262999999999999901e+01 -1.219129063970393290e+01
2.489300000000000068e+01 -1.226687330784082697e+01
2.738200000000000145e+01 -1.234249094411772951e+01
3.012000000000000099e+01 -1.241777316873710468e+01
3.313199999999999790e+01 -1.249243798525510485e+01
3.644500000000000028e+01 -1.256611382030041568e+01
4.009000000000000341e+01 -1.263852218042976538e+01
4.409899999999999665e+01 -1.270946297969758376e+01
4.850900000000000034e+01 -1.277881303549107095e+01
5.335900000000000176e+01 -1.284649303964343403e+01
5.869500000000000028e+01 -1.291262811680101130e+01
6.456499999999999773e+01 -1.297726915519683644e+01
7.102100000000000080e+01 -1.304053825916870224e+01
7.812399999999999523e+01 -1.310277891115844184e+01
8.593600000000000705e+01 -1.316433394795222966e+01
9.453000000000000114e+01 -1.322556954866273848e+01
1.039830000000000041e+02 -1.328692262222465104e+01
1.143810000000000002e+02 -1.334872898898414206e+01
1.258190000000000026e+02 -1.341143307883470470e+01
1.384010000000000105e+02 -1.347548250789041013e+01
1.522410000000000139e+02 -1.354142449377915725e+01
1.674650000000000034e+02 -1.360985259236154121e+01
1.842110000000000127e+02 -1.368135648424586925e+01
2.026330000000000098e+02 -1.375631189351844696e+01
2.228959999999999866e+02 -1.383495447160589009e+01
2.451850000000000023e+02 -1.391729159870415522e+01
2.697040000000000077e+02 -1.400319020371349232e+01
2.966739999999999782e+02 -1.409252440549532714e+01
3.263419999999999845e+02 -1.418522572871456866e+01
3.589759999999999991e+02 -1.428125176425529119e+01
3.948729999999999905e+02 -1.438073745879096421e+01
