# # theta [arcmin], log_e(xim)
5.000000000000000000e-01 -1.087033711174270145e+01
5.500000000000000444e-01 -1.084551310240808597e+01
6.049999999999999822e-01 -1.082173469693783829e+01
6.660000000000000364e-01 -1.079895363054162338e+01
7.319999999999999840e-01 -1.077778641446121632e+01
8.050000000000000488e-01 -1.075780398558247875e+01
8.860000000000000098e-01 -1.073912176515762340e+01
9.739999999999999769e-01 -1.072228185981799697e+01
1.072000000000000064e+00 -1.070703012471853022e+01
1.179000000000000048e+00 -1.069387629682214857e+01
1.296999999999999931e+00 -1.068278538970269942e+01
1.427000000000000046e+00 -1.067391153607972676e+01
1.568999999999999950e+00 -1.066748089228884133e+01
1.725999999999999979e+00 -1.066360436699495651e+01
1.899000000000000021e+00 -1.066251986717667322e+01
2.088999999999999968e+00 -1.066443702788652637e+01
2.297000000000000153e+00 -1.066943340890630054e+01
2.527000000000000135e+00 -1.067769208868408448e+01
2.779999999999999805e+00 -1.068935459068361205e+01
3.057999999999999829e+00 -1.070456476936851509e+01
3.363999999999999879e+00 -1.072350129938550367e+01
3.700000000000000178e+00 -1.074624765745966215e+01
4.070000000000000284e+00 -1.077288658785730036e+01
4.477000000000000313e+00 -1.080342867073319191e+01
4.924999999999999822e+00 -1.083794989254166197e+01
5.416999999999999815e+00 -1.087639837258526043e+01
5.958999999999999631e+00 -1.091890493769355963e+01
6.554999999999999716e+00 -1.096536143720185486e+01
7.209999999999999964e+00 -1.101555475393682748e+01
7.932000000000000384e+00 -1.106950005307566798e+01
8.724999999999999645e+00 -1.112683891408866721e+01
9.596999999999999531e+00 -1.118743617788367395e+01
1.055700000000000038e+01 -1.125116907753023909e+01
1.161299999999999955e+01 -1.131770742644125427e+01
1.277399999999999913e+01 -1.138660740095907364e+01
1.405100000000000016e+01 -1.145757023143872644e+01
1.545599999999999952e+01 -1.153027774881148559e+01
1.700199999999999889e+01 -1.160435064118339454e+01
1.870200000000000173e+01 -1.167941154734088016e+01
2.057199999999999918e+01 -1.175507804856046334e+01
2.262999999999999901e+01 -1.183095527345666120e+01
2.489300000000000068e+01 -1.190665747586230339e+01
2.738200000000000145e+01 -1.198194717645503538e+01
3.012000000000000099e+01 -1.205660060778543929e+01
3.313199999999999790e+01 -1.213052185759305601e+01
3.644500000000000028e+01 -1.220356199984029644e+01
4.009000000000000341e+01 -1.227569414313255436e+01
4.409899999999999665e+01 -1.234697905255523409e+01
4.850900000000000034e+01 -1.241755495419823241e+01
5.335900000000000176e+01 -1.248759638615988088e+01
5.869500000000000028e+01 -1.255746016400076215e+01
6.456499999999999773e+01 -1.262740070764865763e+01
7.102100000000000080e+01 -1.269769124417235062e+01
7.812399999999999523e+01 -1.276879314810811650e+01
8.593600000000000705e+01 -1.284111772433038112e+01
9.453000000000000114e+01 -1.291506022538926146e+01
1.039830000000000041e+02 -1.299104524473366773e+01
1.143810000000000002e+02 -1.306935782476796604e+01
1.258190000000000026e+02 -1.315035398490625518e+01
1.384010000000000105e+02 -1.323433570298321449e+01
1.522410000000000139e+02 -1.332164331819202907e+01
1.674650000000000034e+02 -1.341260739550474135e+01
1.842110000000000127e+02 -1.350754950110414576e+01
2.026330000000000098e+02 -1.360660387157740914e+01
2.228959999999999866e+02 -1.370989907380167772e+01
2.451850000000000023e+02 -1.381745644998473033e+01
2.697040000000000077e+02 -1.392923103201046331e+01
2.966739999999999782e+02 -1.404517268409810882e+01
3.263419999999999845e+02 -1.416521130680852991e+01
3.589759999999999991e+02 -1.428921896141893377e+01
3.948729999999999905e+02 -1.441722378887529921e+01
