# # theta [arcmin], log_e(xip)
5.000000000000000000e-01 -9.661781829246928410e+00
5.500000000000000444e-01 -9.703702376303153798e+00
6.049999999999999822e-01 -9.747420652688852272e+00
6.660000000000000364e-01 -9.793333006626673054e+00
7.319999999999999840e-01 -9.840325165336672342e+00
8.050000000000000488e-01 -9.889434757220556094e+00
8.860000000000000098e-01 -9.940822924063370536e+00
9.739999999999999769e-01 -9.993394535932347722e+00
1.072000000000000064e+00 -1.004843217180999737e+01
1.179000000000000048e+00 -1.010481995576747316e+01
1.296999999999999931e+00 -1.016306456500191757e+01
1.427000000000000046e+00 -1.022302499565844869e+01
1.568999999999999950e+00 -1.028409606150045086e+01
1.725999999999999979e+00 -1.034691530949243798e+01
1.899000000000000021e+00 -1.041114387052821755e+01
2.088999999999999968e+00 -1.047644428646917980e+01
2.297000000000000153e+00 -1.054245758102630326e+01
2.527000000000000135e+00 -1.060966891011865521e+01
2.779999999999999805e+00 -1.067753594251012927e+01
3.057999999999999829e+00 -1.074580596431402846e+01
3.363999999999999879e+00 -1.081441867282241809e+01
3.700000000000000178e+00 -1.088304774447993317e+01
4.070000000000000284e+00 -1.095170239797153222e+01
4.477000000000000313e+00 -1.102012369944851500e+01
4.924999999999999822e+00 -1.108820101437325434e+01
5.416999999999999815e+00 -1.115565879613520828e+01
5.958999999999999631e+00 -1.122261534885233836e+01
6.554999999999999716e+00 -1.128889430769476476e+01
7.209999999999999964e+00 -1.135439467754951437e+01
7.932000000000000384e+00 -1.141930580419742292e+01
8.724999999999999645e+00 -1.148341520759628764e+01
9.596999999999999531e+00 -1.154687281079789507e+01
1.055700000000000038e+01 -1.160987599942090398e+01
1.161299999999999955e+01 -1.167252290148167582e+01
1.277399999999999913e+01 -1.173491305965981013e+01
1.405100000000000016e+01 -1.179726167440295015e+01
1.545599999999999952e+01 -1.185980030150284392e+01
1.700199999999999889e+01 -1.192275799640246525e+01
1.870200000000000173e+01 -1.198635896951915569e+01
2.057199999999999918e+01 -1.205088490363771925e+01
2.262999999999999901e+01 -1.211659873639651686e+01
2.489300000000000068e+01 -1.218370487964431703e+01
2.738200000000000145e+01 -1.225249278043902734e+01
3.012000000000000099e+01 -1.232323857163782854e+01
3.313199999999999790e+01 -1.239624139113178281e+01
3.644500000000000028e+01 -1.247175633319200827e+01
4.009000000000000341e+01 -1.255005138558481192e+01
4.409899999999999665e+01 -1.263136665327963293e+01
4.850900000000000034e+01 -1.271596870147823211e+01
5.335900000000000176e+01 -1.280409148099854200e+01
5.869500000000000028e+01 -1.289606082100495144e+01
6.456499999999999773e+01 -1.299210602610863852e+01
7.102100000000000080e+01 -1.309241436004447223e+01
7.812399999999999523e+01 -1.319726959114503373e+01
8.593600000000000705e+01 -1.330685548814707353e+01
9.453000000000000114e+01 -1.342136527804280988e+01
1.039830000000000041e+02 -1.354094868007936370e+01
1.143810000000000002e+02 -1.366562266520316093e+01
1.258190000000000026e+02 -1.379535309167011370e+01
1.384010000000000105e+02 -1.393006229489408909e+01
1.522410000000000139e+02 -1.406980156901836665e+01
1.674650000000000034e+02 -1.421490304183485875e+01
1.842110000000000127e+02 -1.436618209027746396e+01
2.026330000000000098e+02 -1.452481638917511120e+01
2.228959999999999866e+02 -1.469230417258058985e+01
2.451850000000000023e+02 -1.487020883732057186e+01
2.697040000000000077e+02 -1.505997173191388505e+01
2.966739999999999782e+02 -1.526293591908839531e+01
3.263419999999999845e+02 -1.548044373862027534e+01
3.589759999999999991e+02 -1.571366974930485050e+01
3.948729999999999905e+02 -1.596408098037990086e+01
