# # theta [arcmin], log_e(xip)
5.000000000000000000e-01 -8.494690291571059149e+00
5.500000000000000444e-01 -8.539554348961329922e+00
6.049999999999999822e-01 -8.586533087394936814e+00
6.660000000000000364e-01 -8.636093851382065978e+00
7.319999999999999840e-01 -8.687070302526079146e+00
8.050000000000000488e-01 -8.740629285516915203e+00
8.860000000000000098e-01 -8.796999029661705549e+00
9.739999999999999769e-01 -8.855023950411235134e+00
1.072000000000000064e+00 -8.916170391588876143e+00
1.179000000000000048e+00 -8.979250873481936068e+00
1.296999999999999931e+00 -9.044879324754406369e+00
1.427000000000000046e+00 -9.112949630768820697e+00
1.568999999999999950e+00 -9.182814703111475296e+00
1.725999999999999979e+00 -9.255245482748330588e+00
1.899000000000000021e+00 -9.329894362347575409e+00
2.088999999999999968e+00 -9.406399782440876933e+00
2.297000000000000153e+00 -9.484361909193609108e+00
2.527000000000000135e+00 -9.564371528089541385e+00
2.779999999999999805e+00 -9.645798662155151248e+00
3.057999999999999829e+00 -9.728343526029039623e+00
3.363999999999999879e+00 -9.811933144092366277e+00
3.700000000000000178e+00 -9.896167807354379065e+00
4.070000000000000284e+00 -9.981055225636225714e+00
4.477000000000000313e+00 -1.006627475330954091e+01
4.924999999999999822e+00 -1.015169458520402834e+01
5.416999999999999815e+00 -1.023698154852205278e+01
5.958999999999999631e+00 -1.032231088577838918e+01
6.554999999999999716e+00 -1.040750142901986663e+01
7.209999999999999964e+00 -1.049247005216366624e+01
7.932000000000000384e+00 -1.057752607202896122e+01
8.724999999999999645e+00 -1.066246347287453311e+01
9.596999999999999531e+00 -1.074755716266830241e+01
1.055700000000000038e+01 -1.083315535985196121e+01
1.161299999999999955e+01 -1.091947873737590413e+01
1.277399999999999913e+01 -1.100672672875873381e+01
1.405100000000000016e+01 -1.109525909590738557e+01
1.545599999999999952e+01 -1.118545072757616410e+01
1.700199999999999889e+01 -1.127765573385817888e+01
1.870200000000000173e+01 -1.137221440792953331e+01
2.057199999999999918e+01 -1.146953652786790734e+01
2.262999999999999901e+01 -1.156998080176985688e+01
2.489300000000000068e+01 -1.167381055344286622e+01
2.738200000000000145e+01 -1.178140992971458267e+01
3.012000000000000099e+01 -1.189312729408078084e+01
3.313199999999999790e+01 -1.200935849414870127e+01
3.644500000000000028e+01 -1.213041226470087075e+01
4.009000000000000341e+01 -1.225660854260497068e+01
4.409899999999999665e+01 -1.238822397681331289e+01
4.850900000000000034e+01 -1.252556356434195095e+01
5.335900000000000176e+01 -1.266887570124056772e+01
5.869500000000000028e+01 -1.281860694253620991e+01
6.456499999999999773e+01 -1.297501506703543761e+01
7.102100000000000080e+01 -1.313826869907173389e+01
7.812399999999999523e+01 -1.330880320263665872e+01
8.593600000000000705e+01 -1.348692289448652382e+01
9.453000000000000114e+01 -1.367296033255266607e+01
1.039830000000000041e+02 -1.386740329513965264e+01
1.143810000000000002e+02 -1.407053533250313393e+01
1.258190000000000026e+02 -1.428274937283417678e+01
1.384010000000000105e+02 -1.450439165122854845e+01
1.522410000000000139e+02 -1.473610754847535631e+01
1.674650000000000034e+02 -1.497886586867883985e+01
1.842110000000000127e+02 -1.523455747593487430e+01
2.026330000000000098e+02 -1.550527821926429262e+01
2.228959999999999866e+02 -1.579449735764040597e+01
2.451850000000000023e+02 -1.610708152969521834e+01
2.697040000000000077e+02 -1.645023590418334791e+01
2.966739999999999782e+02 -1.683568369080116156e+01
3.263419999999999845e+02 -1.728475211840750347e+01
3.589759999999999991e+02 -1.783883223058118617e+01
3.948729999999999905e+02 -1.861696561565994301e+01
