# # theta [arcmin], log_e(xip)
5.000000000000000000e-01 -8.957791816654538053e+00
5.500000000000000444e-01 -9.002583389115216050e+00
6.049999999999999822e-01 -9.049441654313023164e+00
6.660000000000000364e-01 -9.098833881572657489e+00
7.319999999999999840e-01 -9.149598110020797037e+00
8.050000000000000488e-01 -9.202900119428498726e+00
8.860000000000000098e-01 -9.258968904208760620e+00
9.739999999999999769e-01 -9.316662460908554877e+00
1.072000000000000064e+00 -9.377445921600010337e+00
1.179000000000000048e+00 -9.440149715401494390e+00
1.296999999999999931e+00 -9.505396768038608002e+00
1.427000000000000046e+00 -9.573095764431304389e+00
1.568999999999999950e+00 -9.642622257115453621e+00
1.725999999999999979e+00 -9.714762376082870077e+00
1.899000000000000021e+00 -9.789192726950126655e+00
2.088999999999999968e+00 -9.865575772585343017e+00
2.297000000000000153e+00 -9.943534014526157705e+00
2.527000000000000135e+00 -1.002367996340727174e+01
2.779999999999999805e+00 -1.010540179866477928e+01
3.057999999999999829e+00 -1.018841050153885419e+01
3.363999999999999879e+00 -1.027263683567315233e+01
3.700000000000000178e+00 -1.035766980247992031e+01
4.070000000000000284e+00 -1.044349622248214793e+01
4.477000000000000313e+00 -1.052975507954882062e+01
4.924999999999999822e+00 -1.061625760854858314e+01
5.416999999999999815e+00 -1.070259053701391316e+01
5.958999999999999631e+00 -1.078883694317073427e+01
6.554999999999999716e+00 -1.087469973153871194e+01
7.209999999999999964e+00 -1.095996951891812543e+01
7.932000000000000384e+00 -1.104481988588258368e+01
8.724999999999999645e+00 -1.112890328872251011e+01
9.596999999999999531e+00 -1.121235727629352574e+01
1.055700000000000038e+01 -1.129539523892887942e+01
1.161299999999999955e+01 -1.137811663861171674e+01
1.277399999999999913e+01 -1.146061673631060529e+01
1.405100000000000016e+01 -1.154316479972150233e+01
1.545599999999999952e+01 -1.162606146484226244e+01
1.700199999999999889e+01 -1.170960882044870033e+01
1.870200000000000173e+01 -1.179411890089581405e+01
2.057199999999999918e+01 -1.187997792670776676e+01
2.262999999999999901e+01 -1.196753428473837388e+01
2.489300000000000068e+01 -1.205706763914472113e+01
2.738200000000000145e+01 -1.214897328898962847e+01
3.012000000000000099e+01 -1.224361543917805761e+01
3.313199999999999790e+01 -1.234140314128490701e+01
3.644500000000000028e+01 -1.244266548441339637e+01
4.009000000000000341e+01 -1.254773906861202271e+01
4.409899999999999665e+01 -1.265692515378152549e+01
4.850900000000000034e+01 -1.277054309830513112e+01
5.335900000000000176e+01 -1.288885690709581766e+01
5.869500000000000028e+01 -1.301228281869655312e+01
6.456499999999999773e+01 -1.314108045412379866e+01
7.102100000000000080e+01 -1.327543880219220540e+01
7.812399999999999523e+01 -1.341574030145196161e+01
8.593600000000000705e+01 -1.356224525609754217e+01
9.453000000000000114e+01 -1.371522640526199410e+01
1.039830000000000041e+02 -1.387501770438897353e+01
1.143810000000000002e+02 -1.404180908097178460e+01
1.258190000000000026e+02 -1.421582440662063007e+01
1.384010000000000105e+02 -1.439717969316687807e+01
1.522410000000000139e+02 -1.458607499571106558e+01
1.674650000000000034e+02 -1.478276306023876252e+01
1.842110000000000127e+02 -1.498777767531727179e+01
2.026330000000000098e+02 -1.520166052950884072e+01
2.228959999999999866e+02 -1.542559668044111731e+01
2.451850000000000023e+02 -1.566143311972477470e+01
2.697040000000000077e+02 -1.591158811395554906e+01
2.966739999999999782e+02 -1.617918019727381562e+01
3.263419999999999845e+02 -1.646861089060177008e+01
3.589759999999999991e+02 -1.678471307823645375e+01
3.948729999999999905e+02 -1.713443713139811919e+01
