# # theta [arcmin], log_e(xim)
5.000000000000000000e-01 -1.208370068843135847e+01
5.500000000000000444e-01 -1.205786180021532239e+01
6.049999999999999822e-01 -1.203340083143719852e+01
6.660000000000000364e-01 -1.201028499822050044e+01
7.319999999999999840e-01 -1.198914614005777857e+01
8.050000000000000488e-01 -1.196955792802822671e+01
8.860000000000000098e-01 -1.195164610932904914e+01
9.739999999999999769e-01 -1.193593528538425019e+01
1.072000000000000064e+00 -1.192219063417346270e+01
1.179000000000000048e+00 -1.191088218173010915e+01
1.296999999999999931e+00 -1.190197012951105826e+01
1.427000000000000046e+00 -1.189558012088505912e+01
1.568999999999999950e+00 -1.189188005290815120e+01
1.725999999999999979e+00 -1.189097099910245525e+01
1.899000000000000021e+00 -1.189303193842752293e+01
2.088999999999999968e+00 -1.189820551891668998e+01
2.297000000000000153e+00 -1.190649367267509717e+01
2.527000000000000135e+00 -1.191804333337307753e+01
2.779999999999999805e+00 -1.193290373131391569e+01
3.057999999999999829e+00 -1.195114008171401210e+01
3.363999999999999879e+00 -1.197285758258667165e+01
3.700000000000000178e+00 -1.199805930069119064e+01
4.070000000000000284e+00 -1.202675960980067416e+01
4.477000000000000313e+00 -1.205889755292505505e+01
4.924999999999999822e+00 -1.209448869567497731e+01
5.416999999999999815e+00 -1.213342533963019321e+01
5.958999999999999631e+00 -1.217579565464590097e+01
6.554999999999999716e+00 -1.222146043259082049e+01
7.209999999999999964e+00 -1.227018821612393751e+01
7.932000000000000384e+00 -1.232198755222657027e+01
8.724999999999999645e+00 -1.237651464451768213e+01
9.596999999999999531e+00 -1.243365453169701240e+01
1.055700000000000038e+01 -1.249331294890961530e+01
1.161299999999999955e+01 -1.255520638170328240e+01
1.277399999999999913e+01 -1.261894794138837206e+01
1.405100000000000016e+01 -1.268429233434725489e+01
1.545599999999999952e+01 -1.275097224962991582e+01
1.700199999999999889e+01 -1.281865860671316604e+01
1.870200000000000173e+01 -1.288701224276904078e+01
2.057199999999999918e+01 -1.295566785701764978e+01
2.262999999999999901e+01 -1.302422356841574747e+01
2.489300000000000068e+01 -1.309226200393457518e+01
2.738200000000000145e+01 -1.315947767061861029e+01
3.012000000000000099e+01 -1.322554848320515575e+01
3.313199999999999790e+01 -1.329024134682189739e+01
3.644500000000000028e+01 -1.335324743428514971e+01
4.009000000000000341e+01 -1.341434668692792620e+01
4.409899999999999665e+01 -1.347339996109900717e+01
4.850900000000000034e+01 -1.353033988644150476e+01
5.335900000000000176e+01 -1.358514673565499464e+01
5.869500000000000028e+01 -1.363797711256886558e+01
6.456499999999999773e+01 -1.368891667430217218e+01
7.102100000000000080e+01 -1.373811072422281399e+01
7.812399999999999523e+01 -1.378590030073588046e+01
8.593600000000000705e+01 -1.383262752088770853e+01
9.453000000000000114e+01 -1.387865740792555336e+01
1.039830000000000041e+02 -1.392441289402503557e+01
1.143810000000000002e+02 -1.397022986609663420e+01
1.258190000000000026e+02 -1.401657564229860498e+01
1.384010000000000105e+02 -1.406399025076416542e+01
1.522410000000000139e+02 -1.411315610135555332e+01
1.674650000000000034e+02 -1.416482621940205000e+01
1.842110000000000127e+02 -1.421971715832563099e+01
2.026330000000000098e+02 -1.427822497816115543e+01
2.228959999999999866e+02 -1.434044761463965401e+01
2.451850000000000023e+02 -1.440612154751906537e+01
2.697040000000000077e+02 -1.447480409466276541e+01
2.966739999999999782e+02 -1.454613429360589016e+01
3.263419999999999845e+02 -1.461993259837537273e+01
3.589759999999999991e+02 -1.469620782026338901e+01
3.948729999999999905e+02 -1.477526766306485051e+01
