# # theta [arcmin], log_e(xim)
5.000000000000000000e-01 -1.136783599994841154e+01
5.500000000000000444e-01 -1.134109541877412042e+01
6.049999999999999822e-01 -1.131506772215229795e+01
6.660000000000000364e-01 -1.128965072226198529e+01
7.319999999999999840e-01 -1.126549679871568443e+01
8.050000000000000488e-01 -1.124208415546859996e+01
8.860000000000000098e-01 -1.121947555849987843e+01
9.739999999999999769e-01 -1.119826364132715035e+01
1.072000000000000064e+00 -1.117805164799847262e+01
1.179000000000000048e+00 -1.115940719809817239e+01
1.296999999999999931e+00 -1.114221192487170420e+01
1.427000000000000046e+00 -1.112659356826706514e+01
1.568999999999999950e+00 -1.111281131440070880e+01
1.725999999999999979e+00 -1.110086217283383725e+01
1.899000000000000021e+00 -1.109098679416917577e+01
2.088999999999999968e+00 -1.108340534587038206e+01
2.297000000000000153e+00 -1.107822393667711758e+01
2.527000000000000135e+00 -1.107552380119378199e+01
2.779999999999999805e+00 -1.107550830422537480e+01
3.057999999999999829e+00 -1.107835343663909633e+01
3.363999999999999879e+00 -1.108424395528643025e+01
3.700000000000000178e+00 -1.109333459684264156e+01
4.070000000000000284e+00 -1.110572785850441591e+01
4.477000000000000313e+00 -1.112151871411310466e+01
4.924999999999999822e+00 -1.114085514041468095e+01
5.416999999999999815e+00 -1.116381626926303383e+01
5.958999999999999631e+00 -1.119059779271523958e+01
6.554999999999999716e+00 -1.122124439916166061e+01
7.209999999999999964e+00 -1.125570440412849571e+01
7.932000000000000384e+00 -1.129409600598487273e+01
8.724999999999999645e+00 -1.133629088173288757e+01
9.596999999999999531e+00 -1.138232097655386532e+01
1.055700000000000038e+01 -1.143223804209328698e+01
1.161299999999999955e+01 -1.148592137955123249e+01
1.277399999999999913e+01 -1.154314336136661368e+01
1.405100000000000016e+01 -1.160378868716361112e+01
1.545599999999999952e+01 -1.166772438819517888e+01
1.700199999999999889e+01 -1.173475250826154515e+01
1.870200000000000173e+01 -1.180464541200946016e+01
2.057199999999999918e+01 -1.187712565266429543e+01
2.262999999999999901e+01 -1.195184973986208021e+01
2.489300000000000068e+01 -1.202842867828733020e+01
2.738200000000000145e+01 -1.210654971546851222e+01
3.012000000000000099e+01 -1.218583913068721003e+01
3.313199999999999790e+01 -1.226597276736011644e+01
3.644500000000000028e+01 -1.234648525954621867e+01
4.009000000000000341e+01 -1.242695076487425432e+01
4.409899999999999665e+01 -1.250697829874402878e+01
4.850900000000000034e+01 -1.258621158568899290e+01
5.335900000000000176e+01 -1.266428146779733588e+01
5.869500000000000028e+01 -1.274100791850937675e+01
6.456499999999999773e+01 -1.281609485808053428e+01
7.102100000000000080e+01 -1.288932058565095495e+01
7.812399999999999523e+01 -1.296070254096311736e+01
8.593600000000000705e+01 -1.303027474485180015e+01
9.453000000000000114e+01 -1.309812452628470858e+01
1.039830000000000041e+02 -1.316446744342714048e+01
1.143810000000000002e+02 -1.322945539124030390e+01
1.258190000000000026e+02 -1.329341448498590417e+01
1.384010000000000105e+02 -1.335671829183878501e+01
1.522410000000000139e+02 -1.341992340999476774e+01
1.674650000000000034e+02 -1.348370706010566877e+01
1.842110000000000127e+02 -1.354883330014637899e+01
2.026330000000000098e+02 -1.361593209513471336e+01
2.228959999999999866e+02 -1.368551001646458865e+01
2.451850000000000023e+02 -1.375772950467117361e+01
2.697040000000000077e+02 -1.383241107047226492e+01
2.966739999999999782e+02 -1.390925733052684166e+01
3.263419999999999845e+02 -1.398802409105994649e+01
3.589759999999999991e+02 -1.406856784700217489e+01
3.948729999999999905e+02 -1.415108861448369915e+01
