# # theta [arcmin], log_e(xip)
5.000000000000000000e-01 -9.137161474135515604e+00
5.500000000000000444e-01 -9.177091299785617551e+00
6.049999999999999822e-01 -9.218882451880348938e+00
6.660000000000000364e-01 -9.262948741222061244e+00
7.319999999999999840e-01 -9.308252032699559919e+00
8.050000000000000488e-01 -9.355828331743586190e+00
8.860000000000000098e-01 -9.405880186283830824e+00
9.739999999999999769e-01 -9.457384786896726681e+00
1.072000000000000064e+00 -9.511646836385359904e+00
1.179000000000000048e+00 -9.567619069566047685e+00
1.296999999999999931e+00 -9.625855512907591560e+00
1.427000000000000046e+00 -9.686273224375973712e+00
1.568999999999999950e+00 -9.748315394595321592e+00
1.725999999999999979e+00 -9.812683327497083496e+00
1.899000000000000021e+00 -9.879090203043810803e+00
2.088999999999999968e+00 -9.947235699066432346e+00
2.297000000000000153e+00 -1.001678727826246451e+01
2.527000000000000135e+00 -1.008829660057274680e+01
2.779999999999999805e+00 -1.016122358381717916e+01
3.057999999999999829e+00 -1.023531491331465126e+01
3.363999999999999879e+00 -1.031051217605655346e+01
3.700000000000000178e+00 -1.038644804051393855e+01
4.070000000000000284e+00 -1.046311064049819528e+01
4.477000000000000313e+00 -1.054017462968477581e+01
4.924999999999999822e+00 -1.061746090003027909e+01
5.416999999999999815e+00 -1.069458323020073998e+01
5.958999999999999631e+00 -1.077159163565297995e+01
6.554999999999999716e+00 -1.084818547501113351e+01
7.209999999999999964e+00 -1.092414595976386416e+01
7.932000000000000384e+00 -1.099958341007457641e+01
8.724999999999999645e+00 -1.107414293131038896e+01
9.596999999999999531e+00 -1.114789631479292176e+01
1.055700000000000038e+01 -1.122098074054202677e+01
1.161299999999999955e+01 -1.129342855457621653e+01
1.277399999999999913e+01 -1.136528852498813613e+01
1.405100000000000016e+01 -1.143675455071696412e+01
1.545599999999999952e+01 -1.150805733357336713e+01
1.700199999999999889e+01 -1.157943884151837288e+01
1.870200000000000173e+01 -1.165115174707542955e+01
2.057199999999999918e+01 -1.172352255334983973e+01
2.262999999999999901e+01 -1.179685485422049318e+01
2.489300000000000068e+01 -1.187139788053646861e+01
2.738200000000000145e+01 -1.194749955850269174e+01
3.012000000000000099e+01 -1.202548926515665428e+01
3.313199999999999790e+01 -1.210572915411799855e+01
3.644500000000000028e+01 -1.218852117764401477e+01
4.009000000000000341e+01 -1.227417334369355828e+01
4.409899999999999665e+01 -1.236296508053544940e+01
4.850900000000000034e+01 -1.245519524904347541e+01
5.335900000000000176e+01 -1.255111719970116013e+01
5.869500000000000028e+01 -1.265109242654997246e+01
6.456499999999999773e+01 -1.275536089653586380e+01
7.102100000000000080e+01 -1.286411024437663286e+01
7.812399999999999523e+01 -1.297764763840935309e+01
8.593600000000000705e+01 -1.309617237576460624e+01
9.453000000000000114e+01 -1.321988966095363871e+01
1.039830000000000041e+02 -1.334898986209531024e+01
1.143810000000000002e+02 -1.348351618918836259e+01
1.258190000000000026e+02 -1.362347467176066118e+01
1.384010000000000105e+02 -1.376880637747058778e+01
1.522410000000000139e+02 -1.391957768818354602e+01
1.674650000000000034e+02 -1.407611301532573655e+01
1.842110000000000127e+02 -1.423925552936245076e+01
2.026330000000000098e+02 -1.441023894093728330e+01
2.228959999999999866e+02 -1.459072825080450286e+01
2.451850000000000023e+02 -1.478251711941193669e+01
2.697040000000000077e+02 -1.498732696584580815e+01
2.966739999999999782e+02 -1.520694289591002857e+01
3.263419999999999845e+02 -1.544327691483625387e+01
3.589759999999999991e+02 -1.569813281133812488e+01
3.948729999999999905e+02 -1.597393297126513723e+01
