# # theta [arcmin], log_e(xip)
5.000000000000000000e-01 -9.286019978500457128e+00
5.500000000000000444e-01 -9.333342930674239923e+00
6.049999999999999822e-01 -9.382669499793205858e+00
6.660000000000000364e-01 -9.434438628876774757e+00
7.319999999999999840e-01 -9.487385088904227715e+00
8.050000000000000488e-01 -9.542668547093731135e+00
8.860000000000000098e-01 -9.600459090613068014e+00
9.739999999999999769e-01 -9.659512256589859902e+00
1.072000000000000064e+00 -9.721257666610485515e+00
1.179000000000000048e+00 -9.784429774154043358e+00
1.296999999999999931e+00 -9.849583628808696645e+00
1.427000000000000046e+00 -9.916546044722132081e+00
1.568999999999999950e+00 -9.984627762244757676e+00
1.725999999999999979e+00 -1.005452697734064493e+01
1.899000000000000021e+00 -1.012585415575269288e+01
2.088999999999999968e+00 -1.019822646602318272e+01
2.297000000000000153e+00 -1.027124135530482008e+01
2.527000000000000135e+00 -1.034543004416964251e+01
2.779999999999999805e+00 -1.042019443706125692e+01
3.057999999999999829e+00 -1.049526549198806258e+01
3.363999999999999879e+00 -1.057059317708058543e+01
3.700000000000000178e+00 -1.064584724644236324e+01
4.070000000000000284e+00 -1.072106934149583601e+01
4.477000000000000313e+00 -1.079601781344603495e+01
4.924999999999999822e+00 -1.087062746690380521e+01
5.416999999999999815e+00 -1.094466090004909020e+01
5.958999999999999631e+00 -1.101832312998225660e+01
6.554999999999999716e+00 -1.109150958288163125e+01
7.209999999999999964e+00 -1.116419227342961129e+01
7.932000000000000384e+00 -1.123667801939414090e+01
8.724999999999999645e+00 -1.130882447787333511e+01
9.596999999999999531e+00 -1.138089156803289370e+01
1.055700000000000038e+01 -1.145319441874415922e+01
1.161299999999999955e+01 -1.152593127504937343e+01
1.277399999999999913e+01 -1.159928541781900790e+01
1.405100000000000016e+01 -1.167357191336135713e+01
1.545599999999999952e+01 -1.174911512286019644e+01
1.700199999999999889e+01 -1.182622487744102813e+01
1.870200000000000173e+01 -1.190519472254735689e+01
2.057199999999999918e+01 -1.198637968064780068e+01
2.262999999999999901e+01 -1.207010589579657811e+01
2.489300000000000068e+01 -1.215661470437343183e+01
2.738200000000000145e+01 -1.224625047257085697e+01
3.012000000000000099e+01 -1.233933344619657468e+01
3.313199999999999790e+01 -1.243621261479721518e+01
3.644500000000000028e+01 -1.253717369284953875e+01
4.009000000000000341e+01 -1.264251647749160767e+01
4.409899999999999665e+01 -1.275249746805611650e+01
4.850900000000000034e+01 -1.286740028028528116e+01
5.335900000000000176e+01 -1.298746672966483651e+01
5.869500000000000028e+01 -1.311307316537175360e+01
6.456499999999999773e+01 -1.324445587295856086e+01
7.102100000000000080e+01 -1.338179105785837208e+01
7.812399999999999523e+01 -1.352542487649644443e+01
8.593600000000000705e+01 -1.367558341184470194e+01
9.453000000000000114e+01 -1.383253373351764459e+01
1.039830000000000041e+02 -1.399658277550761731e+01
1.143810000000000002e+02 -1.416788874619323124e+01
1.258190000000000026e+02 -1.434660487761954073e+01
1.384010000000000105e+02 -1.453281232587612948e+01
1.522410000000000139e+02 -1.472671027109427833e+01
1.674650000000000034e+02 -1.492870982112345146e+01
1.842110000000000127e+02 -1.513976727252815913e+01
2.026330000000000098e+02 -1.536102951615273859e+01
2.228959999999999866e+02 -1.559420948854873856e+01
2.451850000000000023e+02 -1.584144469820161127e+01
2.697040000000000077e+02 -1.610532060051333048e+01
2.966739999999999782e+02 -1.638917052285372122e+01
3.263419999999999845e+02 -1.669785307664747265e+01
3.589759999999999991e+02 -1.703720560310204135e+01
3.948729999999999905e+02 -1.741646961503919044e+01
