# # theta [arcmin], log_e(xip)
5.000000000000000000e-01 -9.514875258703643368e+00
5.500000000000000444e-01 -9.559399249062979109e+00
6.049999999999999822e-01 -9.605889209217155056e+00
6.660000000000000364e-01 -9.654788073590362174e+00
7.319999999999999840e-01 -9.704930671424381927e+00
8.050000000000000488e-01 -9.757447964570939547e+00
8.860000000000000098e-01 -9.812543435582535167e+00
9.739999999999999769e-01 -9.869071633170191760e+00
1.072000000000000064e+00 -9.928444810141902721e+00
1.179000000000000048e+00 -9.989494125419616566e+00
1.296999999999999931e+00 -1.005280297442036641e+01
1.427000000000000046e+00 -1.011825527920851187e+01
1.568999999999999950e+00 -1.018522519484053213e+01
1.725999999999999979e+00 -1.025444600962162411e+01
1.899000000000000021e+00 -1.032558338773885964e+01
2.088999999999999968e+00 -1.039829482453585641e+01
2.297000000000000153e+00 -1.047220680152020122e+01
2.527000000000000135e+00 -1.054788571263017438e+01
2.779999999999999805e+00 -1.062474206922438924e+01
3.057999999999999829e+00 -1.070249937580459054e+01
3.363999999999999879e+00 -1.078109088652123226e+01
3.700000000000000178e+00 -1.086013736525827333e+01
4.070000000000000284e+00 -1.093962995822396778e+01
4.477000000000000313e+00 -1.101924254124559610e+01
4.924999999999999822e+00 -1.109880789758292430e+01
5.416999999999999815e+00 -1.117795363911678663e+01
5.958999999999999631e+00 -1.125675960173168200e+01
6.554999999999999716e+00 -1.133495419028022688e+01
7.209999999999999964e+00 -1.141234013237309242e+01
7.932000000000000384e+00 -1.148906344112564781e+01
8.724999999999999645e+00 -1.156478976445542806e+01
9.596999999999999531e+00 -1.163961721564995067e+01
1.055700000000000038e+01 -1.171370301058509789e+01
1.161299999999999955e+01 -1.178709603033827058e+01
1.277399999999999913e+01 -1.185984429776387472e+01
1.405100000000000016e+01 -1.193214579385326068e+01
1.545599999999999952e+01 -1.200422693158179932e+01
1.700199999999999889e+01 -1.207631817651035000e+01
1.870200000000000173e+01 -1.214866014175158604e+01
2.057199999999999918e+01 -1.222156422277063648e+01
2.262999999999999901e+01 -1.229531815269474748e+01
2.489300000000000068e+01 -1.237015585670234508e+01
2.738200000000000145e+01 -1.244641398468250415e+01
3.012000000000000099e+01 -1.252441188320333332e+01
3.313199999999999790e+01 -1.260450514053335880e+01
3.644500000000000028e+01 -1.268699130760443161e+01
4.009000000000000341e+01 -1.277217774356680380e+01
4.409899999999999665e+01 -1.286034648095442989e+01
4.850900000000000034e+01 -1.295179857790311218e+01
5.335900000000000176e+01 -1.304679589941902407e+01
5.869500000000000028e+01 -1.314571235557585105e+01
6.456499999999999773e+01 -1.324880850842065350e+01
7.102100000000000080e+01 -1.335629491030314320e+01
7.812399999999999523e+01 -1.346851813874197390e+01
8.593600000000000705e+01 -1.358572272883209386e+01
9.453000000000000114e+01 -1.370817389617005233e+01
1.039830000000000041e+02 -1.383614856409220728e+01
1.143810000000000002e+02 -1.396982535125741087e+01
1.258190000000000026e+02 -1.410937302309124419e+01
1.384010000000000105e+02 -1.425485121808611311e+01
1.522410000000000139e+02 -1.440629557343022960e+01
1.674650000000000034e+02 -1.456371811948101325e+01
1.842110000000000127e+02 -1.472724443807583228e+01
2.026330000000000098e+02 -1.489707341767559790e+01
2.228959999999999866e+02 -1.507386563318340755e+01
2.451850000000000023e+02 -1.525887994816542559e+01
2.697040000000000077e+02 -1.545382593979986119e+01
2.966739999999999782e+02 -1.566063219706976106e+01
3.263419999999999845e+02 -1.588142717517103897e+01
3.589759999999999991e+02 -1.611813525174241946e+01
3.948729999999999905e+02 -1.637277011785187852e+01
