# # theta [arcmin], log_e(xim)
5.000000000000000000e-01 -1.151225069268026502e+01
5.500000000000000444e-01 -1.149055945927088906e+01
6.049999999999999822e-01 -1.147034980901343104e+01
6.660000000000000364e-01 -1.145163094993530883e+01
7.319999999999999840e-01 -1.143493717385829100e+01
8.050000000000000488e-01 -1.141994709262610819e+01
8.860000000000000098e-01 -1.140681383147204819e+01
9.739999999999999769e-01 -1.139597388598927630e+01
1.072000000000000064e+00 -1.138732330075310273e+01
1.179000000000000048e+00 -1.138124829034588892e+01
1.296999999999999931e+00 -1.137777326156943225e+01
1.427000000000000046e+00 -1.137703011868719472e+01
1.568999999999999950e+00 -1.137915360126119424e+01
1.725999999999999979e+00 -1.138432822528194066e+01
1.899000000000000021e+00 -1.139272668291358137e+01
2.088999999999999968e+00 -1.140448370123661981e+01
2.297000000000000153e+00 -1.141959087171618314e+01
2.527000000000000135e+00 -1.143827264127506993e+01
2.779999999999999805e+00 -1.146054840806548647e+01
3.057999999999999829e+00 -1.148647926885534787e+01
3.363999999999999879e+00 -1.151618667694594222e+01
3.700000000000000178e+00 -1.154965283309326551e+01
4.070000000000000284e+00 -1.158690672207571737e+01
4.477000000000000313e+00 -1.162786583233931736e+01
4.924999999999999822e+00 -1.167253521846233966e+01
5.416999999999999815e+00 -1.172076312633101836e+01
5.958999999999999631e+00 -1.177263653228020779e+01
6.554999999999999716e+00 -1.182796407176996567e+01
7.209999999999999964e+00 -1.188646031312212514e+01
7.932000000000000384e+00 -1.194811731692133883e+01
8.724999999999999645e+00 -1.201249632849305726e+01
9.596999999999999531e+00 -1.207942836470848746e+01
1.055700000000000038e+01 -1.214876476508313630e+01
1.161299999999999955e+01 -1.222014418691745341e+01
1.277399999999999913e+01 -1.229310176813180178e+01
1.405100000000000016e+01 -1.236733354315257749e+01
1.545599999999999952e+01 -1.244251650511136376e+01
1.700199999999999889e+01 -1.251826874651940713e+01
1.870200000000000173e+01 -1.259421437360797214e+01
2.057199999999999918e+01 -1.266998128700841519e+01
2.262999999999999901e+01 -1.274519383975105669e+01
2.489300000000000068e+01 -1.281948264200723919e+01
2.738200000000000145e+01 -1.289263435796400259e+01
3.012000000000000099e+01 -1.296445533673512074e+01
3.313199999999999790e+01 -1.303487782118877369e+01
3.644500000000000028e+01 -1.310379386302064475e+01
4.009000000000000341e+01 -1.317121806865558753e+01
4.409899999999999665e+01 -1.323725584478141393e+01
4.850900000000000034e+01 -1.330209010368476541e+01
5.335900000000000176e+01 -1.336595583981110735e+01
5.869500000000000028e+01 -1.342925749158228399e+01
6.456499999999999773e+01 -1.349231173896663094e+01
7.102100000000000080e+01 -1.355545202658052872e+01
7.812399999999999523e+01 -1.361918912502926560e+01
8.593600000000000705e+01 -1.368398505078349281e+01
9.453000000000000114e+01 -1.375028570990291676e+01
1.039830000000000041e+02 -1.381855769577681770e+01
1.143810000000000002e+02 -1.388913008019831352e+01
1.258190000000000026e+02 -1.396238752218271628e+01
1.384010000000000105e+02 -1.403866423432974209e+01
1.522410000000000139e+02 -1.411832142908552967e+01
1.674650000000000034e+02 -1.420170347354955886e+01
1.842110000000000127e+02 -1.428914187933547097e+01
2.026330000000000098e+02 -1.438080503920111752e+01
2.228959999999999866e+02 -1.447687132217097350e+01
2.451850000000000023e+02 -1.457740606848531506e+01
2.697040000000000077e+02 -1.468233873272818535e+01
2.966739999999999782e+02 -1.479157677227577139e+01
3.263419999999999845e+02 -1.490502109354128812e+01
3.589759999999999991e+02 -1.502243705347771829e+01
3.948729999999999905e+02 -1.514380057425585768e+01
