# # theta [arcmin], log_e(xip)
5.000000000000000000e-01 -8.840346322437591553e+00
5.500000000000000444e-01 -8.886164136571650829e+00
6.049999999999999822e-01 -8.934080029855042682e+00
6.660000000000000364e-01 -8.984555511990937049e+00
7.319999999999999840e-01 -9.036387064852744899e+00
8.050000000000000488e-01 -9.090745645090533955e+00
8.860000000000000098e-01 -9.147842681918408658e+00
9.739999999999999769e-01 -9.206488798816030439e+00
1.072000000000000064e+00 -9.268147466752360231e+00
1.179000000000000048e+00 -9.331600169570995362e+00
1.296999999999999931e+00 -9.397446516677652184e+00
1.427000000000000046e+00 -9.465557706697470763e+00
1.568999999999999950e+00 -9.535271247075336021e+00
1.725999999999999979e+00 -9.607338625275476218e+00
1.899000000000000021e+00 -9.681396715130819786e+00
2.088999999999999968e+00 -9.757074560121118623e+00
2.297000000000000153e+00 -9.833967086918105949e+00
2.527000000000000135e+00 -9.912647375922672310e+00
2.779999999999999805e+00 -9.992487523650872561e+00
3.057999999999999829e+00 -1.007318915697072548e+01
3.363999999999999879e+00 -1.015467853129438325e+01
3.700000000000000178e+00 -1.023656511758035315e+01
4.070000000000000284e+00 -1.031885300774666803e+01
4.477000000000000313e+00 -1.040122783075346824e+01
4.924999999999999822e+00 -1.048355822243956759e+01
5.416999999999999815e+00 -1.056551714639053507e+01
5.958999999999999631e+00 -1.064726508938091776e+01
6.554999999999999716e+00 -1.072861715456749110e+01
7.209999999999999964e+00 -1.080948098405502478e+01
7.932000000000000384e+00 -1.089013744598945799e+01
8.724999999999999645e+00 -1.097037678071830413e+01
9.596999999999999531e+00 -1.105044695353563178e+01
1.055700000000000038e+01 -1.113066620856268152e+01
1.161299999999999955e+01 -1.121123398414538386e+01
1.277399999999999913e+01 -1.129233557146642397e+01
1.405100000000000016e+01 -1.137431026681148083e+01
1.545599999999999952e+01 -1.145751441020668082e+01
1.700199999999999889e+01 -1.154229135282094987e+01
1.870200000000000173e+01 -1.162897265807340119e+01
2.057199999999999918e+01 -1.171795678749535341e+01
2.262999999999999901e+01 -1.180960105816399697e+01
2.489300000000000068e+01 -1.190417603008298109e+01
2.738200000000000145e+01 -1.200206298516614645e+01
3.012000000000000099e+01 -1.210361100756109920e+01
3.313199999999999790e+01 -1.220920715296981029e+01
3.644500000000000028e+01 -1.231916027189421925e+01
4.009000000000000341e+01 -1.243378888566869911e+01
4.409899999999999665e+01 -1.255336800137353848e+01
4.850900000000000034e+01 -1.267819563904260427e+01
5.335900000000000176e+01 -1.280851843226104059e+01
5.869500000000000028e+01 -1.294474494632142125e+01
6.456499999999999773e+01 -1.308711786258516874e+01
7.102100000000000080e+01 -1.323580478906470859e+01
7.812399999999999523e+01 -1.339118509642590382e+01
8.593600000000000705e+01 -1.355351174488139065e+01
9.453000000000000114e+01 -1.372306538747338145e+01
1.039830000000000041e+02 -1.390021510681996020e+01
1.143810000000000002e+02 -1.408516072024131560e+01
1.258190000000000026e+02 -1.427814556233125032e+01
1.384010000000000105e+02 -1.447933954775156451e+01
1.522410000000000139e+02 -1.468909243655630625e+01
1.674650000000000034e+02 -1.490798164248785440e+01
1.842110000000000127e+02 -1.513722652374157995e+01
2.026330000000000098e+02 -1.537822138529475247e+01
2.228959999999999866e+02 -1.563317816323209719e+01
2.451850000000000023e+02 -1.590499677894795383e+01
2.697040000000000077e+02 -1.619756319073929163e+01
2.966739999999999782e+02 -1.651640869615135898e+01
3.263419999999999845e+02 -1.686995388537426166e+01
3.589759999999999991e+02 -1.727018087085535214e+01
3.948729999999999905e+02 -1.774004753757278507e+01
