# # theta [arcmin], log_e(xim)
5.000000000000000000e-01 -1.161762431069100643e+01
5.500000000000000444e-01 -1.158505808173138973e+01
6.049999999999999822e-01 -1.155299898966391936e+01
6.660000000000000364e-01 -1.152127502573975271e+01
7.319999999999999840e-01 -1.149067681202754088e+01
8.050000000000000488e-01 -1.146051899039770738e+01
8.860000000000000098e-01 -1.143082395500837833e+01
9.739999999999999769e-01 -1.140230669817786335e+01
1.072000000000000064e+00 -1.137436772561745002e+01
1.179000000000000048e+00 -1.134769835590338971e+01
1.296999999999999931e+00 -1.132207951097519505e+01
1.427000000000000046e+00 -1.129762378088168262e+01
1.568999999999999950e+00 -1.127464269217323611e+01
1.725999999999999979e+00 -1.125299955549088082e+01
1.899000000000000021e+00 -1.123294346210965600e+01
2.088999999999999968e+00 -1.121470561048614023e+01
2.297000000000000153e+00 -1.119841257970344195e+01
2.527000000000000135e+00 -1.118401963871426297e+01
2.779999999999999805e+00 -1.117177703594173721e+01
3.057999999999999829e+00 -1.116186656150663836e+01
3.363999999999999879e+00 -1.115444644934786922e+01
3.700000000000000178e+00 -1.114970141333017928e+01
4.070000000000000284e+00 -1.114770543449753859e+01
4.477000000000000313e+00 -1.114858239639132087e+01
4.924999999999999822e+00 -1.115248910403832383e+01
5.416999999999999815e+00 -1.115956661319259169e+01
5.958999999999999631e+00 -1.116999271391539850e+01
6.554999999999999716e+00 -1.118388290301264654e+01
7.209999999999999964e+00 -1.120125102504246861e+01
7.932000000000000384e+00 -1.122222196164132413e+01
8.724999999999999645e+00 -1.124680135451355234e+01
9.596999999999999531e+00 -1.127507696334733112e+01
1.055700000000000038e+01 -1.130716411255378162e+01
1.161299999999999955e+01 -1.134305274102101002e+01
1.277399999999999913e+01 -1.138263431627065891e+01
1.405100000000000016e+01 -1.142589492149761021e+01
1.545599999999999952e+01 -1.147281956678576442e+01
1.700199999999999889e+01 -1.152334718290883409e+01
1.870200000000000173e+01 -1.157739924153710831e+01
2.057199999999999918e+01 -1.163484092735253483e+01
2.262999999999999901e+01 -1.169547436760529102e+01
2.489300000000000068e+01 -1.175907130203250262e+01
2.738200000000000145e+01 -1.182546104295495581e+01
3.012000000000000099e+01 -1.189441519324771157e+01
3.313199999999999790e+01 -1.196572969551825949e+01
3.644500000000000028e+01 -1.203903902261480852e+01
4.009000000000000341e+01 -1.211396942069513827e+01
4.409899999999999665e+01 -1.219014732922026312e+01
4.850900000000000034e+01 -1.226718748748486831e+01
5.335900000000000176e+01 -1.234462393104617917e+01
5.869500000000000028e+01 -1.242210330355406711e+01
6.456499999999999773e+01 -1.249906881280572257e+01
7.102100000000000080e+01 -1.257497489637992061e+01
7.812399999999999523e+01 -1.264945116967698091e+01
8.593600000000000705e+01 -1.272209675805500950e+01
9.453000000000000114e+01 -1.279252344310050837e+01
1.039830000000000041e+02 -1.286045883397697942e+01
1.143810000000000002e+02 -1.292564347606156616e+01
1.258190000000000026e+02 -1.298820143361898083e+01
1.384010000000000105e+02 -1.304851225966344863e+01
1.522410000000000139e+02 -1.310727626244600863e+01
1.674650000000000034e+02 -1.316530428189625113e+01
1.842110000000000127e+02 -1.322326385384006819e+01
2.026330000000000098e+02 -1.328115807400400605e+01
2.228959999999999866e+02 -1.333831100658048996e+01
2.451850000000000023e+02 -1.339337910811495291e+01
2.697040000000000077e+02 -1.344488744360884702e+01
2.966739999999999782e+02 -1.349193831245566777e+01
3.263419999999999845e+02 -1.353447401823165208e+01
3.589759999999999991e+02 -1.357328071429187766e+01
3.948729999999999905e+02 -1.360996657446484548e+01
