# # theta [arcmin], log_e(xip)
5.000000000000000000e-01 -8.833967708204649938e+00
5.500000000000000444e-01 -8.876621923551590854e+00
6.049999999999999822e-01 -8.921269015027176508e+00
6.660000000000000364e-01 -8.968356224596931270e+00
7.319999999999999840e-01 -9.016783007278466044e+00
8.050000000000000488e-01 -9.067666152660059709e+00
8.860000000000000098e-01 -9.121233026397481680e+00
9.739999999999999769e-01 -9.176400887686618546e+00
1.072000000000000064e+00 -9.234578352927181655e+00
1.179000000000000048e+00 -9.294657744692578660e+00
1.296999999999999931e+00 -9.357246523549182626e+00
1.427000000000000046e+00 -9.422270158233187587e+00
1.568999999999999950e+00 -9.489142389085650109e+00
1.725999999999999979e+00 -9.558633683000621772e+00
1.899000000000000021e+00 -9.630449076097088223e+00
2.088999999999999968e+00 -9.704278397331068007e+00
2.297000000000000153e+00 -9.779772104045072467e+00
2.527000000000000135e+00 -9.857540473725469710e+00
2.779999999999999805e+00 -9.937007315033607568e+00
3.057999999999999829e+00 -1.001790518252824214e+01
3.363999999999999879e+00 -1.010017784698217902e+01
3.700000000000000178e+00 -1.018343084672629040e+01
4.070000000000000284e+00 -1.026765621869202150e+01
4.477000000000000313e+00 -1.035250055455477813e+01
4.924999999999999822e+00 -1.043777015260553220e+01
5.416999999999999815e+00 -1.052304418049504875e+01
5.958999999999999631e+00 -1.060838145649660014e+01
6.554999999999999716e+00 -1.069345801706535148e+01
7.209999999999999964e+00 -1.077803191725408460e+01
7.932000000000000384e+00 -1.086223338255196502e+01
8.724999999999999645e+00 -1.094567149379794557e+01
9.596999999999999531e+00 -1.102843170162749331e+01
1.055700000000000038e+01 -1.111067418233784210e+01
1.161299999999999955e+01 -1.119244542456733882e+01
1.277399999999999913e+01 -1.127379597241325904e+01
1.405100000000000016e+01 -1.135494783156579146e+01
1.545599999999999952e+01 -1.143616073939903544e+01
1.700199999999999889e+01 -1.151770175329679269e+01
1.870200000000000173e+01 -1.159985619066680584e+01
2.057199999999999918e+01 -1.168298724093285124e+01
2.262999999999999901e+01 -1.176742604937437342e+01
2.489300000000000068e+01 -1.185344335421911488e+01
2.738200000000000145e+01 -1.194142498998544077e+01
3.012000000000000099e+01 -1.203173084245249136e+01
3.313199999999999790e+01 -1.212476716625763018e+01
3.644500000000000028e+01 -1.222086410174374826e+01
4.009000000000000341e+01 -1.232035842870925713e+01
4.409899999999999665e+01 -1.242355699040347972e+01
4.850900000000000034e+01 -1.253078529789556228e+01
5.335900000000000176e+01 -1.264231598107666699e+01
5.869500000000000028e+01 -1.275856436997380428e+01
6.456499999999999773e+01 -1.287979805562442159e+01
7.102100000000000080e+01 -1.300622079767140526e+01
7.812399999999999523e+01 -1.313821383482263627e+01
8.593600000000000705e+01 -1.327604150223662138e+01
9.453000000000000114e+01 -1.341998131414725215e+01
1.039830000000000041e+02 -1.357035583958209379e+01
1.143810000000000002e+02 -1.372734859315475120e+01
1.258190000000000026e+02 -1.389115672792251210e+01
1.384010000000000105e+02 -1.406185288195350758e+01
1.522410000000000139e+02 -1.423956218013416652e+01
1.674650000000000034e+02 -1.442445704112972393e+01
1.842110000000000127e+02 -1.461698219788225472e+01
2.026330000000000098e+02 -1.481769283952331229e+01
2.228959999999999866e+02 -1.502773094697213097e+01
2.451850000000000023e+02 -1.524874852918443224e+01
2.697040000000000077e+02 -1.548275397590992775e+01
2.966739999999999782e+02 -1.573219603826432156e+01
3.263419999999999845e+02 -1.600029661542993509e+01
3.589759999999999991e+02 -1.629018659934884639e+01
3.948729999999999905e+02 -1.660617771477517124e+01
