# # theta [arcmin], log_e(xip)
5.000000000000000000e-01 -9.137233043156196999e+00
5.500000000000000444e-01 -9.170193165073891706e+00
6.049999999999999822e-01 -9.204741077325751419e+00
6.660000000000000364e-01 -9.241233488018584907e+00
7.319999999999999840e-01 -9.278824265871350008e+00
8.050000000000000488e-01 -9.318389832942585826e+00
8.860000000000000098e-01 -9.360119968920699307e+00
9.739999999999999769e-01 -9.403184254781349338e+00
1.072000000000000064e+00 -9.448697566100774381e+00
1.179000000000000048e+00 -9.495809827404716685e+00
1.296999999999999931e+00 -9.545016502561979976e+00
1.427000000000000046e+00 -9.596282891995485897e+00
1.568999999999999950e+00 -9.649171588928233234e+00
1.725999999999999979e+00 -9.704318547683492113e+00
1.899000000000000021e+00 -9.761522126571549052e+00
2.088999999999999968e+00 -9.820565241058009320e+00
2.297000000000000153e+00 -9.881201736397128954e+00
2.527000000000000135e+00 -9.943960233073616095e+00
2.779999999999999805e+00 -1.000841549510051998e+01
3.057999999999999829e+00 -1.007438619988683648e+01
3.363999999999999879e+00 -1.014185870754511321e+01
3.700000000000000178e+00 -1.021053241302755765e+01
4.070000000000000284e+00 -1.028042438921727175e+01
4.477000000000000313e+00 -1.035125637737291271e+01
4.924999999999999822e+00 -1.042286564462052034e+01
5.416999999999999815e+00 -1.049487701974331344e+01
5.958999999999999631e+00 -1.056730042207021469e+01
6.554999999999999716e+00 -1.063979195213189932e+01
7.209999999999999964e+00 -1.071206803154844422e+01
7.932000000000000384e+00 -1.078412836202579506e+01
8.724999999999999645e+00 -1.085550650342737278e+01
9.596999999999999531e+00 -1.092612150498668200e+01
1.055700000000000038e+01 -1.099593090825871045e+01
1.161299999999999955e+01 -1.106478216614038246e+01
1.277399999999999913e+01 -1.113253956083592300e+01
1.405100000000000016e+01 -1.119919633175361540e+01
1.545599999999999952e+01 -1.126478651764088212e+01
1.700199999999999889e+01 -1.132936717324827924e+01
1.870200000000000173e+01 -1.139302112531541411e+01
2.057199999999999918e+01 -1.145591961832361783e+01
2.262999999999999901e+01 -1.151823171826447201e+01
2.489300000000000068e+01 -1.158010309215333677e+01
2.738200000000000145e+01 -1.164178754723981690e+01
3.012000000000000099e+01 -1.170354471257949669e+01
3.313199999999999790e+01 -1.176568115994861152e+01
3.644500000000000028e+01 -1.182846902225538877e+01
4.009000000000000341e+01 -1.189219299595448653e+01
4.409899999999999665e+01 -1.195713176522025378e+01
4.850900000000000034e+01 -1.202358993505550444e+01
5.335900000000000176e+01 -1.209183776380034736e+01
5.869500000000000028e+01 -1.216222591813012421e+01
6.456499999999999773e+01 -1.223500930134494880e+01
7.102100000000000080e+01 -1.231039969539778234e+01
7.812399999999999523e+01 -1.238867808261432479e+01
8.593600000000000705e+01 -1.247003819136463854e+01
9.453000000000000114e+01 -1.255465102670193467e+01
1.039830000000000041e+02 -1.264263283335004040e+01
1.143810000000000002e+02 -1.273398237512258646e+01
1.258190000000000026e+02 -1.282871513797404361e+01
1.384010000000000105e+02 -1.292691419945983178e+01
1.522410000000000139e+02 -1.302891675111954939e+01
1.674650000000000034e+02 -1.313544456427629292e+01
1.842110000000000127e+02 -1.324774407735547577e+01
2.026330000000000098e+02 -1.336743753104843435e+01
2.228959999999999866e+02 -1.349634362668798993e+01
2.451850000000000023e+02 -1.363616927109956656e+01
2.697040000000000077e+02 -1.378827775974478342e+01
2.966739999999999782e+02 -1.395376795773150214e+01
3.263419999999999845e+02 -1.413355301116916607e+01
3.589759999999999991e+02 -1.432820893423706643e+01
3.948729999999999905e+02 -1.453840441641328773e+01
