# # theta [arcmin], log_e(xim)
5.000000000000000000e-01 -1.193135864623901732e+01
5.500000000000000444e-01 -1.190843568778015005e+01
6.049999999999999822e-01 -1.188696734491097473e+01
6.660000000000000364e-01 -1.186695035198509984e+01
7.319999999999999840e-01 -1.184894534392060095e+01
8.050000000000000488e-01 -1.183259960298240365e+01
8.860000000000000098e-01 -1.181805431790573913e+01
9.739999999999999769e-01 -1.180576937012087591e+01
1.072000000000000064e+00 -1.179559956494223805e+01
1.179000000000000048e+00 -1.178795077325582064e+01
1.296999999999999931e+00 -1.178282367849430479e+01
1.427000000000000046e+00 -1.178034305601254772e+01
1.568999999999999950e+00 -1.178064701409533122e+01
1.725999999999999979e+00 -1.178388782737006402e+01
1.899000000000000021e+00 -1.179023247829681686e+01
2.088999999999999968e+00 -1.179981092147143329e+01
2.297000000000000153e+00 -1.181260981073657490e+01
2.527000000000000135e+00 -1.182881882663384054e+01
2.779999999999999805e+00 -1.184845974161346582e+01
3.057999999999999829e+00 -1.187158738163246419e+01
3.363999999999999879e+00 -1.189830872006345963e+01
3.700000000000000178e+00 -1.192860728640822288e+01
4.070000000000000284e+00 -1.196250078034951514e+01
4.477000000000000313e+00 -1.199991005815109446e+01
4.924999999999999822e+00 -1.204084146750603779e+01
5.416999999999999815e+00 -1.208516046630958840e+01
5.958999999999999631e+00 -1.213295490635247731e+01
6.554999999999999716e+00 -1.218405893506922943e+01
7.209999999999999964e+00 -1.223821657032354793e+01
7.932000000000000384e+00 -1.229543624136416646e+01
8.724999999999999645e+00 -1.235533233908813067e+01
9.596999999999999531e+00 -1.241777341589268424e+01
1.055700000000000038e+01 -1.248265204802626194e+01
1.161299999999999955e+01 -1.254965961192399959e+01
1.277399999999999913e+01 -1.261838504290870056e+01
1.405100000000000016e+01 -1.268856870121786429e+01
1.545599999999999952e+01 -1.275992929916158936e+01
1.700199999999999889e+01 -1.283212133447486814e+01
1.870200000000000173e+01 -1.290479292700760894e+01
2.057199999999999918e+01 -1.297757495852010479e+01
2.262999999999999901e+01 -1.305007108832022134e+01
2.489300000000000068e+01 -1.312186999913540575e+01
2.738200000000000145e+01 -1.319268659769868535e+01
3.012000000000000099e+01 -1.326222907516189053e+01
3.313199999999999790e+01 -1.333030309497626575e+01
3.644500000000000028e+01 -1.339665154994796481e+01
4.009000000000000341e+01 -1.346111841764015615e+01
4.409899999999999665e+01 -1.352363379553861655e+01
4.850900000000000034e+01 -1.358420441145831425e+01
5.335900000000000176e+01 -1.364289175434003809e+01
5.869500000000000028e+01 -1.369993885439033221e+01
6.456499999999999773e+01 -1.375551954860252835e+01
7.102100000000000080e+01 -1.380985856063598760e+01
7.812399999999999523e+01 -1.386337216837321584e+01
8.593600000000000705e+01 -1.391646756110815097e+01
9.453000000000000114e+01 -1.396955957629257128e+01
1.039830000000000041e+02 -1.402311398492675032e+01
1.143810000000000002e+02 -1.407748290923977308e+01
1.258190000000000026e+02 -1.413309130774192646e+01
1.384010000000000105e+02 -1.419035049086113531e+01
1.522410000000000139e+02 -1.424974588832492906e+01
1.674650000000000034e+02 -1.431180379031117589e+01
1.842110000000000127e+02 -1.437708436156186131e+01
2.026330000000000098e+02 -1.444601501327261239e+01
2.228959999999999866e+02 -1.451897194757302856e+01
2.451850000000000023e+02 -1.459611154064214134e+01
2.697040000000000077e+02 -1.467733322786289207e+01
2.966739999999999782e+02 -1.476243783263374354e+01
3.263419999999999845e+02 -1.485123453008374739e+01
3.589759999999999991e+02 -1.494346134214323740e+01
3.948729999999999905e+02 -1.503908522973999595e+01
