# # theta [arcmin], log_e(xip)
5.000000000000000000e-01 -8.731841678184609989e+00
5.500000000000000444e-01 -8.768021452181438136e+00
6.049999999999999822e-01 -8.805938495565236224e+00
6.660000000000000364e-01 -8.845991051541256311e+00
7.319999999999999840e-01 -8.887259544217645413e+00
8.050000000000000488e-01 -8.930715169107301676e+00
8.860000000000000098e-01 -8.976578198313834633e+00
9.739999999999999769e-01 -9.023948775707850700e+00
1.072000000000000064e+00 -9.074067116694898516e+00
1.179000000000000048e+00 -9.126014848664503631e+00
1.296999999999999931e+00 -9.180354476485925730e+00
1.427000000000000046e+00 -9.237068096502767389e+00
1.568999999999999950e+00 -9.295690003157758952e+00
1.725999999999999979e+00 -9.356946583013908025e+00
1.899000000000000021e+00 -9.420637665920702730e+00
2.088999999999999968e+00 -9.486545490677864123e+00
2.297000000000000153e+00 -9.554415880349909074e+00
2.527000000000000135e+00 -9.624863429728094388e+00
2.779999999999999805e+00 -9.697434007004813949e+00
3.057999999999999829e+00 -9.771943633629707193e+00
3.363999999999999879e+00 -9.848395383020594807e+00
3.700000000000000178e+00 -9.926465740592455234e+00
4.070000000000000284e+00 -1.000618694545731024e+01
4.477000000000000313e+00 -1.008725174943509373e+01
4.924999999999999822e+00 -1.016948093429077282e+01
5.416999999999999815e+00 -1.025244861085380776e+01
5.958999999999999631e+00 -1.033616826831174151e+01
6.554999999999999716e+00 -1.042024506857200628e+01
7.209999999999999964e+00 -1.050434729900609909e+01
7.932000000000000384e+00 -1.058847531189537072e+01
8.724999999999999645e+00 -1.067208526762193088e+01
9.596999999999999531e+00 -1.075508618131702399e+01
1.055700000000000038e+01 -1.083744034435631853e+01
1.161299999999999955e+01 -1.091898665228661791e+01
1.277399999999999913e+01 -1.099957862214972337e+01
1.405100000000000016e+01 -1.107923512952052469e+01
1.545599999999999952e+01 -1.115802479412349690e+01
1.700199999999999889e+01 -1.123604931678729635e+01
1.870200000000000173e+01 -1.131344775355792720e+01
2.057199999999999918e+01 -1.139046184480425516e+01
2.262999999999999901e+01 -1.146732418942961473e+01
2.489300000000000068e+01 -1.154423833569080848e+01
2.738200000000000145e+01 -1.162153703736851185e+01
3.012000000000000099e+01 -1.169954954435426586e+01
3.313199999999999790e+01 -1.177866471831090500e+01
3.644500000000000028e+01 -1.185921382245117428e+01
4.009000000000000341e+01 -1.194153505214611144e+01
4.409899999999999665e+01 -1.202595601780668488e+01
4.850900000000000034e+01 -1.211282805212679747e+01
5.335900000000000176e+01 -1.220245400072986364e+01
5.869500000000000028e+01 -1.229525561508469522e+01
6.456499999999999773e+01 -1.239152670348692808e+01
7.102100000000000080e+01 -1.249150844274825367e+01
7.812399999999999523e+01 -1.259556775560939279e+01
8.593600000000000705e+01 -1.270396822378948087e+01
9.453000000000000114e+01 -1.281696430695225963e+01
1.039830000000000041e+02 -1.293481094220732963e+01
1.143810000000000002e+02 -1.305761409722800437e+01
1.258190000000000026e+02 -1.318544376213967695e+01
1.384010000000000105e+02 -1.331825418143727369e+01
1.522410000000000139e+02 -1.345605448495268597e+01
1.674650000000000034e+02 -1.359898163514950120e+01
1.842110000000000127e+02 -1.374752579444745137e+01
2.026330000000000098e+02 -1.390250869867786676e+01
2.228959999999999866e+02 -1.406525325064039222e+01
2.451850000000000023e+02 -1.423737673124633574e+01
2.697040000000000077e+02 -1.442051207175121341e+01
2.966739999999999782e+02 -1.461620263821264665e+01
3.263419999999999845e+02 -1.482596692488406731e+01
3.589759999999999991e+02 -1.505099776547339374e+01
3.948729999999999905e+02 -1.529271917513479906e+01
