# # theta [arcmin], log_e(xim)
5.000000000000000000e-01 -1.187191522889579964e+01
5.500000000000000444e-01 -1.185014588140817082e+01
6.049999999999999822e-01 -1.182980293903489510e+01
6.660000000000000364e-01 -1.181088981936484394e+01
7.319999999999999840e-01 -1.179393888903361898e+01
8.050000000000000488e-01 -1.177862023943409220e+01
8.860000000000000098e-01 -1.176507644306137479e+01
9.739999999999999769e-01 -1.175374659809002331e+01
1.072000000000000064e+00 -1.174450878111714580e+01
1.179000000000000048e+00 -1.173775118032937925e+01
1.296999999999999931e+00 -1.173348460874441024e+01
1.427000000000000046e+00 -1.173183449454004013e+01
1.568999999999999950e+00 -1.173293455883280245e+01
1.725999999999999979e+00 -1.173694990415225803e+01
1.899000000000000021e+00 -1.174404788799088095e+01
2.088999999999999968e+00 -1.175436054087161786e+01
2.297000000000000153e+00 -1.176787707119929571e+01
2.527000000000000135e+00 -1.178479967597429656e+01
2.779999999999999805e+00 -1.180515184717475918e+01
3.057999999999999829e+00 -1.182899370613373868e+01
3.363999999999999879e+00 -1.185643925524185427e+01
3.700000000000000178e+00 -1.188747696085115813e+01
4.070000000000000284e+00 -1.192213281654500356e+01
4.477000000000000313e+00 -1.196033303884216714e+01
4.924999999999999822e+00 -1.200209103719417847e+01
5.416999999999999815e+00 -1.204727665758712973e+01
5.958999999999999631e+00 -1.209598707056794353e+01
6.554999999999999716e+00 -1.214806188393069242e+01
7.209999999999999964e+00 -1.220325103003387568e+01
7.932000000000000384e+00 -1.226157351620704894e+01
8.724999999999999645e+00 -1.232264781095559769e+01
9.596999999999999531e+00 -1.238635212877630387e+01
1.055700000000000038e+01 -1.245258948637428809e+01
1.161299999999999955e+01 -1.252105931884559276e+01
1.277399999999999913e+01 -1.259135960862247039e+01
1.405100000000000016e+01 -1.266324092148622427e+01
1.545599999999999952e+01 -1.273643249261591492e+01
1.700199999999999889e+01 -1.281059631595239701e+01
1.870200000000000173e+01 -1.288538753485407540e+01
2.057199999999999918e+01 -1.296044097579394005e+01
2.262999999999999901e+01 -1.303536491716478629e+01
2.489300000000000068e+01 -1.310974581469944233e+01
2.738200000000000145e+01 -1.318329295196412509e+01
3.012000000000000099e+01 -1.325570564505696325e+01
3.313199999999999790e+01 -1.332677840747955678e+01
3.644500000000000028e+01 -1.339623459363092195e+01
4.009000000000000341e+01 -1.346390061953683848e+01
4.409899999999999665e+01 -1.352968370536911635e+01
4.850900000000000034e+01 -1.359356532434600950e+01
5.335900000000000176e+01 -1.365558117845879949e+01
5.869500000000000028e+01 -1.371595485769482003e+01
6.456499999999999773e+01 -1.377483897475523378e+01
7.102100000000000080e+01 -1.383244209079948206e+01
7.812399999999999523e+01 -1.388917442874561026e+01
8.593600000000000705e+01 -1.394543486395486021e+01
9.453000000000000114e+01 -1.400163256733821981e+01
1.039830000000000041e+02 -1.405823354148454030e+01
1.143810000000000002e+02 -1.411559576560249951e+01
1.258190000000000026e+02 -1.417415186249486680e+01
1.384010000000000105e+02 -1.423430257615845207e+01
1.522410000000000139e+02 -1.429650621884508688e+01
1.674650000000000034e+02 -1.436124548239373944e+01
1.842110000000000127e+02 -1.442903173304359932e+01
2.026330000000000098e+02 -1.450027318731990711e+01
2.228959999999999866e+02 -1.457540712849885978e+01
2.451850000000000023e+02 -1.465471595087204015e+01
2.697040000000000077e+02 -1.473823418662234630e+01
2.966739999999999782e+02 -1.482584140152083130e+01
3.263419999999999845e+02 -1.491735345944692348e+01
3.589759999999999991e+02 -1.501248523970416571e+01
3.948729999999999905e+02 -1.511112215655248825e+01
