# # theta [arcmin], log_e(xip)
5.000000000000000000e-01 -9.620071366051398343e+00
5.500000000000000444e-01 -9.665802719976642976e+00
6.049999999999999822e-01 -9.713483085029427144e+00
6.660000000000000364e-01 -9.763544583069101890e+00
7.319999999999999840e-01 -9.814771795494376505e+00
8.050000000000000488e-01 -9.868295906723197675e+00
8.860000000000000098e-01 -9.924292277764765302e+00
9.739999999999999769e-01 -9.981565641337756034e+00
1.072000000000000064e+00 -1.004151360244479285e+01
1.179000000000000048e+00 -1.010291897177392784e+01
1.296999999999999931e+00 -1.016633289270197871e+01
1.427000000000000046e+00 -1.023159808584158448e+01
1.568999999999999950e+00 -1.029805367099931068e+01
1.725999999999999979e+00 -1.036639069004361602e+01
1.899000000000000021e+00 -1.043623743266240034e+01
2.088999999999999968e+00 -1.050722483485965242e+01
2.297000000000000153e+00 -1.057896064404078729e+01
2.527000000000000135e+00 -1.065196860066862783e+01
2.779999999999999805e+00 -1.072565608269985837e+01
3.057999999999999829e+00 -1.079974921216646067e+01
3.363999999999999879e+00 -1.087418220124503776e+01
3.700000000000000178e+00 -1.094860590001706591e+01
4.070000000000000284e+00 -1.102303220240952442e+01
4.477000000000000313e+00 -1.109718466640281953e+01
4.924999999999999822e+00 -1.117095124917661586e+01
5.416999999999999815e+00 -1.124404325774860069e+01
5.958999999999999631e+00 -1.131660156679409290e+01
6.554999999999999716e+00 -1.138845108857322330e+01
7.209999999999999964e+00 -1.145949560466604389e+01
7.932000000000000384e+00 -1.152995738821436156e+01
8.724999999999999645e+00 -1.159962114634241814e+01
9.596999999999999531e+00 -1.166866846186169049e+01
1.055700000000000038e+01 -1.173733156296117741e+01
1.161299999999999955e+01 -1.180573680297542616e+01
1.277399999999999913e+01 -1.187400409089914710e+01
1.405100000000000016e+01 -1.194238372035167473e+01
1.545599999999999952e+01 -1.201114191949104892e+01
1.700199999999999889e+01 -1.208053874778480896e+01
1.870200000000000173e+01 -1.215082982081565355e+01
2.057199999999999918e+01 -1.222233110083031704e+01
2.262999999999999901e+01 -1.229533455306495782e+01
2.489300000000000068e+01 -1.237006748718006399e+01
2.738200000000000145e+01 -1.244685052160847860e+01
3.012000000000000099e+01 -1.252598649209864945e+01
3.313199999999999790e+01 -1.260780532781376984e+01
3.644500000000000028e+01 -1.269258328897549326e+01
4.009000000000000341e+01 -1.278060975474427430e+01
4.409899999999999665e+01 -1.287214098962710551e+01
4.850900000000000034e+01 -1.296745798244619507e+01
5.335900000000000176e+01 -1.306680474252863711e+01
5.869500000000000028e+01 -1.317053575744168015e+01
6.456499999999999773e+01 -1.327889263380332352e+01
7.102100000000000080e+01 -1.339207129057480650e+01
7.812399999999999523e+01 -1.351039778666287283e+01
8.593600000000000705e+01 -1.363409441093005903e+01
9.453000000000000114e+01 -1.376341348669192932e+01
1.039830000000000041e+02 -1.389861046745390638e+01
1.143810000000000002e+02 -1.403982942469113304e+01
1.258190000000000026e+02 -1.418717818981241585e+01
1.384010000000000105e+02 -1.434065808566698053e+01
1.522410000000000139e+02 -1.450027834391580761e+01
1.674650000000000034e+02 -1.466610859126995514e+01
1.842110000000000127e+02 -1.483848990925797651e+01
2.026330000000000098e+02 -1.501798748167770015e+01
2.228959999999999866e+02 -1.520568764712642462e+01
2.451850000000000023e+02 -1.540313022875945492e+01
2.697040000000000077e+02 -1.561205967928477101e+01
2.966739999999999782e+02 -1.583437943211845322e+01
3.263419999999999845e+02 -1.607233865362059078e+01
3.589759999999999991e+02 -1.632784184893645119e+01
3.948729999999999905e+02 -1.660315135645727835e+01
