# # theta [arcmin], log_e(xim)
5.000000000000000000e-01 -1.151742105500923863e+01
5.500000000000000444e-01 -1.149434515302463389e+01
6.049999999999999822e-01 -1.147285511286236925e+01
6.660000000000000364e-01 -1.145295611662209545e+01
7.319999999999999840e-01 -1.143521007879424545e+01
8.050000000000000488e-01 -1.141927120089243886e+01
8.860000000000000098e-01 -1.140528884161194512e+01
9.739999999999999769e-01 -1.139371234126627819e+01
1.072000000000000064e+00 -1.138441440314430686e+01
1.179000000000000048e+00 -1.137778636539937693e+01
1.296999999999999931e+00 -1.137383505236855186e+01
1.427000000000000046e+00 -1.137268363775821811e+01
1.568999999999999950e+00 -1.137445217864268088e+01
1.725999999999999979e+00 -1.137930582623950748e+01
1.899000000000000021e+00 -1.138740179877724223e+01
2.088999999999999968e+00 -1.139885598269249734e+01
2.297000000000000153e+00 -1.141363956247178102e+01
2.527000000000000135e+00 -1.143195211355686958e+01
2.779999999999999805e+00 -1.145379560681539743e+01
3.057999999999999829e+00 -1.147920929714373806e+01
3.363999999999999879e+00 -1.150829321044673392e+01
3.700000000000000178e+00 -1.154101140840102246e+01
4.070000000000000284e+00 -1.157737332355110738e+01
4.477000000000000313e+00 -1.161728070830585757e+01
4.924999999999999822e+00 -1.166072339961446680e+01
5.416999999999999815e+00 -1.170754035610756638e+01
5.958999999999999631e+00 -1.175780363617700353e+01
6.554999999999999716e+00 -1.181131654132814468e+01
7.209999999999999964e+00 -1.186779004860051145e+01
7.932000000000000384e+00 -1.192720697357365900e+01
8.724999999999999645e+00 -1.198913551425772361e+01
9.596999999999999531e+00 -1.205340615227740031e+01
1.055700000000000038e+01 -1.211986962850877703e+01
1.161299999999999955e+01 -1.218817221842704690e+01
1.277399999999999913e+01 -1.225785932476991036e+01
1.405100000000000016e+01 -1.232863380325237834e+01
1.545599999999999952e+01 -1.240018107538901049e+01
1.700199999999999889e+01 -1.247213152669632663e+01
1.870200000000000173e+01 -1.254412408844150484e+01
2.057199999999999918e+01 -1.261579851781601569e+01
2.262999999999999901e+01 -1.268678945652584744e+01
2.489300000000000068e+01 -1.275674365751829598e+01
2.738200000000000145e+01 -1.282545722785681797e+01
3.012000000000000099e+01 -1.289274761610067621e+01
3.313199999999999790e+01 -1.295855378117531131e+01
3.644500000000000028e+01 -1.302277327862450740e+01
4.009000000000000341e+01 -1.308542218345886177e+01
4.409899999999999665e+01 -1.314660689085481771e+01
4.850900000000000034e+01 -1.320651104055756342e+01
5.335900000000000176e+01 -1.326536864868910826e+01
5.869500000000000028e+01 -1.332357911026126729e+01
6.456499999999999773e+01 -1.338145216211740696e+01
7.102100000000000080e+01 -1.343931704667841309e+01
7.812399999999999523e+01 -1.349767374437295864e+01
8.593600000000000705e+01 -1.355698055797980750e+01
9.453000000000000114e+01 -1.361767989156954961e+01
1.039830000000000041e+02 -1.368023606043021090e+01
1.143810000000000002e+02 -1.374497660788249931e+01
1.258190000000000026e+02 -1.381228476642875691e+01
1.384010000000000105e+02 -1.388251323263595616e+01
1.522410000000000139e+02 -1.395605436591667825e+01
1.674650000000000034e+02 -1.403330581195212723e+01
1.842110000000000127e+02 -1.411465675981763113e+01
2.026330000000000098e+02 -1.420030327007591886e+01
2.228959999999999866e+02 -1.429039262747280681e+01
2.451850000000000023e+02 -1.438493610463358863e+01
2.697040000000000077e+02 -1.448385469300739814e+01
2.966739999999999782e+02 -1.458706954350949836e+01
3.263419999999999845e+02 -1.469448888673570863e+01
3.589759999999999991e+02 -1.480596034021969842e+01
3.948729999999999905e+02 -1.492152759423357544e+01
