# # theta [arcmin], log_e(xim)
5.000000000000000000e-01 -1.191535568301960168e+01
5.500000000000000444e-01 -1.188444040758438192e+01
6.049999999999999822e-01 -1.185428162857065182e+01
6.660000000000000364e-01 -1.182475024123992924e+01
7.319999999999999840e-01 -1.179660290003019618e+01
8.050000000000000488e-01 -1.176923071241040297e+01
8.860000000000000098e-01 -1.174269114425431937e+01
9.739999999999999769e-01 -1.171766012940120127e+01
1.072000000000000064e+00 -1.169364754161483155e+01
1.179000000000000048e+00 -1.167129712394254426e+01
1.296999999999999931e+00 -1.165045248664222477e+01
1.427000000000000046e+00 -1.163124480691312357e+01
1.568999999999999950e+00 -1.161395869020229732e+01
1.725999999999999979e+00 -1.159854348585875350e+01
1.899000000000000021e+00 -1.158524554405002327e+01
2.088999999999999968e+00 -1.157428674555311865e+01
2.297000000000000153e+00 -1.156577196495733340e+01
2.527000000000000135e+00 -1.155973545597724872e+01
2.779999999999999805e+00 -1.155638322172856824e+01
3.057999999999999829e+00 -1.155587691266739725e+01
3.363999999999999879e+00 -1.155837628097424563e+01
3.700000000000000178e+00 -1.156402172613852031e+01
4.070000000000000284e+00 -1.157288377132412371e+01
4.477000000000000313e+00 -1.158503841312378135e+01
4.924999999999999822e+00 -1.160060739400236329e+01
5.416999999999999815e+00 -1.161965614109156242e+01
5.958999999999999631e+00 -1.164234520773825565e+01
6.554999999999999716e+00 -1.166870737452957485e+01
7.209999999999999964e+00 -1.169867641541832448e+01
7.932000000000000384e+00 -1.173234446105963968e+01
8.724999999999999645e+00 -1.176959154497082238e+01
9.596999999999999531e+00 -1.181043904200196515e+01
1.055700000000000038e+01 -1.185493321431128422e+01
1.161299999999999955e+01 -1.190296368183732412e+01
1.277399999999999913e+01 -1.195431831402088285e+01
1.405100000000000016e+01 -1.200889745222357874e+01
1.545599999999999952e+01 -1.206658882878488370e+01
1.700199999999999889e+01 -1.212722468204856341e+01
1.870200000000000173e+01 -1.219061434312379255e+01
2.057199999999999918e+01 -1.225651577509448309e+01
2.262999999999999901e+01 -1.232462310057750621e+01
2.489300000000000068e+01 -1.239459184811610548e+01
2.738200000000000145e+01 -1.246614370141154993e+01
3.012000000000000099e+01 -1.253893954918195064e+01
3.313199999999999790e+01 -1.261267640165201165e+01
3.644500000000000028e+01 -1.268689911095116862e+01
4.009000000000000341e+01 -1.276116995717232783e+01
4.409899999999999665e+01 -1.283506712937321836e+01
4.850900000000000034e+01 -1.290818025106182532e+01
5.335900000000000176e+01 -1.298005901753932889e+01
5.869500000000000028e+01 -1.305040371120825426e+01
6.456499999999999773e+01 -1.311877183472201125e+01
7.102100000000000080e+01 -1.318477562732621600e+01
7.812399999999999523e+01 -1.324824808062033910e+01
8.593600000000000705e+01 -1.330904422210195470e+01
9.453000000000000114e+01 -1.336707408688405252e+01
1.039830000000000041e+02 -1.342237244941688878e+01
1.143810000000000002e+02 -1.347498084973963195e+01
1.258190000000000026e+02 -1.352527674397592428e+01
1.384010000000000105e+02 -1.357387190045382752e+01
1.522410000000000139e+02 -1.362167388862618367e+01
1.674650000000000034e+02 -1.366971554685425971e+01
1.842110000000000127e+02 -1.371893663156961196e+01
2.026330000000000098e+02 -1.376970866375322267e+01
2.228959999999999866e+02 -1.382175481280882501e+01
2.451850000000000023e+02 -1.387410178602774025e+01
2.697040000000000077e+02 -1.392549854163405065e+01
2.966739999999999782e+02 -1.397508711460745623e+01
3.263419999999999845e+02 -1.402261997088412215e+01
3.589759999999999991e+02 -1.406847434569096400e+01
3.948729999999999905e+02 -1.411380608775566614e+01
