# # theta [arcmin], log_e(xim)
5.000000000000000000e-01 -1.092499103320839104e+01
5.500000000000000444e-01 -1.090061313908275764e+01
6.049999999999999822e-01 -1.087721673745754991e+01
6.660000000000000364e-01 -1.085475075414164614e+01
7.319999999999999840e-01 -1.083382041527072204e+01
8.050000000000000488e-01 -1.081399851947767132e+01
8.860000000000000098e-01 -1.079539498794589569e+01
9.739999999999999769e-01 -1.077854901283858702e+01
1.072000000000000064e+00 -1.076320279043511086e+01
1.179000000000000048e+00 -1.074986470357296398e+01
1.296999999999999931e+00 -1.073849834242686185e+01
1.427000000000000046e+00 -1.072925728170161008e+01
1.568999999999999950e+00 -1.072237257449093129e+01
1.725999999999999979e+00 -1.071795255876813791e+01
1.899000000000000021e+00 -1.071624022842370216e+01
2.088999999999999968e+00 -1.071745186697681085e+01
2.297000000000000153e+00 -1.072167473696534046e+01
2.527000000000000135e+00 -1.072909287329065364e+01
2.779999999999999805e+00 -1.073986143080988498e+01
3.057999999999999829e+00 -1.075413662195689390e+01
3.363999999999999879e+00 -1.077210684101374305e+01
3.700000000000000178e+00 -1.079387274917149675e+01
4.070000000000000284e+00 -1.081952731590551231e+01
4.477000000000000313e+00 -1.084909742037408442e+01
4.924999999999999822e+00 -1.088267335674993852e+01
5.416999999999999815e+00 -1.092022035989420914e+01
5.958999999999999631e+00 -1.096188058829621781e+01
6.554999999999999716e+00 -1.100756313786881435e+01
7.209999999999999964e+00 -1.105706640009071684e+01
7.932000000000000384e+00 -1.111041805988985054e+01
8.724999999999999645e+00 -1.116727122653127324e+01
9.596999999999999531e+00 -1.122750068829467374e+01
1.055700000000000038e+01 -1.129099224581256955e+01
1.161299999999999955e+01 -1.135742284228683019e+01
1.277399999999999913e+01 -1.142635426817902200e+01
1.405100000000000016e+01 -1.149748823452192603e+01
1.545599999999999952e+01 -1.157050849836006456e+01
1.700199999999999889e+01 -1.164503455526071107e+01
1.870200000000000173e+01 -1.172068446767403493e+01
2.057199999999999918e+01 -1.179706807538126334e+01
2.262999999999999901e+01 -1.187378013179334424e+01
2.489300000000000068e+01 -1.195042147895171603e+01
2.738200000000000145e+01 -1.202673837958312042e+01
3.012000000000000099e+01 -1.210248860687364214e+01
3.313199999999999790e+01 -1.217755613385759084e+01
3.644500000000000028e+01 -1.225177151268549380e+01
4.009000000000000341e+01 -1.232508571236483341e+01
4.409899999999999665e+01 -1.239753925110395727e+01
4.850900000000000034e+01 -1.246925048085670440e+01
5.335900000000000176e+01 -1.254037655467345047e+01
5.869500000000000028e+01 -1.261125859260740434e+01
6.456499999999999773e+01 -1.268213909659366223e+01
7.102100000000000080e+01 -1.275328117284272267e+01
7.812399999999999523e+01 -1.282514108293498900e+01
8.593600000000000705e+01 -1.289812602450923151e+01
9.453000000000000114e+01 -1.297262958051611825e+01
1.039830000000000041e+02 -1.304907760030320141e+01
1.143810000000000002e+02 -1.312775790172163681e+01
1.258190000000000026e+02 -1.320903190408293426e+01
1.384010000000000105e+02 -1.329320508059233319e+01
1.522410000000000139e+02 -1.338061998983757839e+01
1.674650000000000034e+02 -1.347160884551618487e+01
1.842110000000000127e+02 -1.356649343313205236e+01
2.026330000000000098e+02 -1.366541953597956827e+01
2.228959999999999866e+02 -1.376853155677027907e+01
2.451850000000000023e+02 -1.387585723716033748e+01
2.697040000000000077e+02 -1.398733868388582557e+01
2.966739999999999782e+02 -1.410291906783770877e+01
3.263419999999999845e+02 -1.422251850563755227e+01
3.589759999999999991e+02 -1.434597289279130372e+01
3.948729999999999905e+02 -1.447331511236200186e+01
