# # theta [arcmin], log_e(xim)
5.000000000000000000e-01 -1.218356798573942079e+01
5.500000000000000444e-01 -1.215169336769145580e+01
6.049999999999999822e-01 -1.212058527925515072e+01
6.660000000000000364e-01 -1.209010797320590669e+01
7.319999999999999840e-01 -1.206104234449017198e+01
8.050000000000000488e-01 -1.203275937511931382e+01
8.860000000000000098e-01 -1.200531508111396661e+01
9.739999999999999769e-01 -1.197940459257526413e+01
1.072000000000000064e+00 -1.195451642426132643e+01
1.179000000000000048e+00 -1.193131169235691402e+01
1.296999999999999931e+00 -1.190962495361970852e+01
1.427000000000000046e+00 -1.188958797902029474e+01
1.568999999999999950e+00 -1.187149119531950170e+01
1.725999999999999979e+00 -1.185527254473817393e+01
1.899000000000000021e+00 -1.184117942433289095e+01
2.088999999999999968e+00 -1.182943316583451576e+01
2.297000000000000153e+00 -1.182013795377095100e+01
2.527000000000000135e+00 -1.181331608332207495e+01
2.779999999999999805e+00 -1.180917291576480288e+01
3.057999999999999829e+00 -1.180786527788577089e+01
3.363999999999999879e+00 -1.180954509197294300e+01
3.700000000000000178e+00 -1.181434722951098060e+01
4.070000000000000284e+00 -1.182233221868103712e+01
4.477000000000000313e+00 -1.183356842820962385e+01
4.924999999999999822e+00 -1.184816787813441508e+01
5.416999999999999815e+00 -1.186618880647671581e+01
5.958999999999999631e+00 -1.188777863625740316e+01
6.554999999999999716e+00 -1.191296208402289381e+01
7.209999999999999964e+00 -1.194166431773810899e+01
7.932000000000000384e+00 -1.197396443709839886e+01
8.724999999999999645e+00 -1.200973905079790249e+01
9.596999999999999531e+00 -1.204900052298967061e+01
1.055700000000000038e+01 -1.209178584793080447e+01
1.161299999999999955e+01 -1.213798119353305616e+01
1.277399999999999913e+01 -1.218737317550790067e+01
1.405100000000000016e+01 -1.223985944516943292e+01
1.545599999999999952e+01 -1.229532864890069632e+01
1.700199999999999889e+01 -1.235361765756656993e+01
1.870200000000000173e+01 -1.241454361753633862e+01
2.057199999999999918e+01 -1.247787375730607629e+01
2.262999999999999901e+01 -1.254331449822988098e+01
2.489300000000000068e+01 -1.261053875280587810e+01
2.738200000000000145e+01 -1.267928525805972662e+01
3.012000000000000099e+01 -1.274923380643363657e+01
3.313199999999999790e+01 -1.282009852739887457e+01
3.644500000000000028e+01 -1.289144215077431177e+01
4.009000000000000341e+01 -1.296283759791413459e+01
4.409899999999999665e+01 -1.303387001576329496e+01
4.850900000000000034e+01 -1.310412619045703764e+01
5.335900000000000176e+01 -1.317314522365640883e+01
5.869500000000000028e+01 -1.324059751479180136e+01
6.456499999999999773e+01 -1.330600200115030773e+01
7.102100000000000080e+01 -1.336892142095283198e+01
7.812399999999999523e+01 -1.342912973522164499e+01
8.593600000000000705e+01 -1.348642050271690884e+01
9.453000000000000114e+01 -1.354062653226239554e+01
1.039830000000000041e+02 -1.359170162806350213e+01
1.143810000000000002e+02 -1.363965150490353473e+01
1.258190000000000026e+02 -1.368489115105771425e+01
1.384010000000000105e+02 -1.372814274450567140e+01
1.522410000000000139e+02 -1.377045019801770387e+01
1.674650000000000034e+02 -1.381293886759645595e+01
1.842110000000000127e+02 -1.385652309146926164e+01
2.026330000000000098e+02 -1.390133721882545537e+01
2.228959999999999866e+02 -1.394663456495404397e+01
2.451850000000000023e+02 -1.399082535950074657e+01
2.697040000000000077e+02 -1.403204487347448826e+01
2.966739999999999782e+02 -1.406908290485450586e+01
3.263419999999999845e+02 -1.410173835505393392e+01
3.589759999999999991e+02 -1.413076254513959640e+01
3.948729999999999905e+02 -1.415787312859106351e+01
