# # theta [arcmin], log_e(xim)
5.000000000000000000e-01 -1.191107216805196423e+01
5.500000000000000444e-01 -1.188830991673512649e+01
6.049999999999999822e-01 -1.186699224170742006e+01
6.660000000000000364e-01 -1.184711664517988616e+01
7.319999999999999840e-01 -1.182923954926648058e+01
8.050000000000000488e-01 -1.181301067260845272e+01
8.860000000000000098e-01 -1.179857107907827363e+01
9.739999999999999769e-01 -1.178637779546616748e+01
1.072000000000000064e+00 -1.177628754709221859e+01
1.179000000000000048e+00 -1.176870443019576484e+01
1.296999999999999931e+00 -1.176362933682150747e+01
1.427000000000000046e+00 -1.176118722880461220e+01
1.568999999999999950e+00 -1.176151567872395276e+01
1.725999999999999979e+00 -1.176476766106750027e+01
1.899000000000000021e+00 -1.177110983737079053e+01
2.088999999999999968e+00 -1.178067276199503333e+01
2.297000000000000153e+00 -1.179344339461951030e+01
2.527000000000000135e+00 -1.180961155217353209e+01
2.779999999999999805e+00 -1.182919962308463546e+01
3.057999999999999829e+00 -1.185226314305038642e+01
3.363999999999999879e+00 -1.187890917275311864e+01
3.700000000000000178e+00 -1.190912235600005786e+01
4.070000000000000284e+00 -1.194292099882176217e+01
4.477000000000000313e+00 -1.198022682862660915e+01
4.924999999999999822e+00 -1.202104724741192321e+01
5.416999999999999815e+00 -1.206524935354235240e+01
5.958999999999999631e+00 -1.211292261535181147e+01
6.554999999999999716e+00 -1.216390339896165962e+01
7.209999999999999964e+00 -1.221793877034524201e+01
7.932000000000000384e+00 -1.227504016019575417e+01
8.724999999999999645e+00 -1.233482644049979982e+01
9.596999999999999531e+00 -1.239717165167180113e+01
1.055700000000000038e+01 -1.246197314520774491e+01
1.161299999999999955e+01 -1.252892907933631683e+01
1.277399999999999913e+01 -1.259763573604370457e+01
1.405100000000000016e+01 -1.266784083925813498e+01
1.545599999999999952e+01 -1.273927101652289551e+01
1.700199999999999889e+01 -1.281158814153101666e+01
1.870200000000000173e+01 -1.288444747651227473e+01
2.057199999999999918e+01 -1.295748600621781499e+01
2.262999999999999901e+01 -1.303031122648968498e+01
2.489300000000000068e+01 -1.310251467273835502e+01
2.738200000000000145e+01 -1.317380878862421589e+01
3.012000000000000099e+01 -1.324389787851611899e+01
3.313199999999999790e+01 -1.331258122803058797e+01
3.644500000000000028e+01 -1.337958802237298528e+01
4.009000000000000341e+01 -1.344474939232671851e+01
4.409899999999999665e+01 -1.350797585946627244e+01
4.850900000000000034e+01 -1.356925535042996955e+01
5.335900000000000176e+01 -1.362862609375050837e+01
5.869500000000000028e+01 -1.368631115989365732e+01
6.456499999999999773e+01 -1.374246364853856051e+01
7.102100000000000080e+01 -1.379728662713425180e+01
7.812399999999999523e+01 -1.385118467971446421e+01
8.593600000000000705e+01 -1.390454856900826996e+01
9.453000000000000114e+01 -1.395778243759826331e+01
1.039830000000000041e+02 -1.401134504453750829e+01
1.143810000000000002e+02 -1.406558629659521031e+01
1.258190000000000026e+02 -1.412093062253901721e+01
1.384010000000000105e+02 -1.417779003514287339e+01
1.522410000000000139e+02 -1.423665179707750639e+01
1.674650000000000034e+02 -1.429804808941133487e+01
1.842110000000000127e+02 -1.436254833181813240e+01
2.026330000000000098e+02 -1.443059989169201707e+01
2.228959999999999866e+02 -1.450260847228519090e+01
2.451850000000000023e+02 -1.457876437287196758e+01
2.697040000000000077e+02 -1.465899679183815252e+01
2.966739999999999782e+02 -1.474312212940978029e+01
3.263419999999999845e+02 -1.483094837114398423e+01
3.589759999999999991e+02 -1.492221147153600391e+01
3.948729999999999905e+02 -1.501687809228853610e+01
