# # theta [arcmin], log_e(xip)
5.000000000000000000e-01 -8.793797515983056812e+00
5.500000000000000444e-01 -8.839696548713440905e+00
6.049999999999999822e-01 -8.887722957394259993e+00
6.660000000000000364e-01 -8.938348753407051817e+00
7.319999999999999840e-01 -8.990377072305646422e+00
8.050000000000000488e-01 -9.044992048989938027e+00
8.860000000000000098e-01 -9.102420933156693650e+00
9.739999999999999769e-01 -9.161479734099604144e+00
1.072000000000000064e+00 -9.223654411760431771e+00
1.179000000000000048e+00 -9.287732453997087134e+00
1.296999999999999931e+00 -9.354332689784975230e+00
1.427000000000000046e+00 -9.423340418027295939e+00
1.568999999999999950e+00 -9.494098021724697745e+00
1.725999999999999979e+00 -9.567381668728199173e+00
1.899000000000000021e+00 -9.642836909325382067e+00
2.088999999999999968e+00 -9.720096734272690497e+00
2.297000000000000153e+00 -9.798756074681103101e+00
2.527000000000000135e+00 -9.879409372573267234e+00
2.779999999999999805e+00 -9.961418617735452230e+00
3.057999999999999829e+00 -1.004447939092341713e+01
3.363999999999999879e+00 -1.012851287326835603e+01
3.700000000000000178e+00 -1.021311071316255514e+01
4.070000000000000284e+00 -1.029826883648688352e+01
4.477000000000000313e+00 -1.038364851325818172e+01
4.924999999999999822e+00 -1.046909746942178643e+01
5.416999999999999815e+00 -1.055425555162098838e+01
5.958999999999999631e+00 -1.063926711537977710e+01
6.554999999999999716e+00 -1.072391598432514215e+01
7.209999999999999964e+00 -1.080807948302299870e+01
7.932000000000000384e+00 -1.089202376131634686e+01
8.724999999999999645e+00 -1.097550270191333333e+01
9.596999999999999531e+00 -1.105875083086443667e+01
1.055700000000000038e+01 -1.114207595651278204e+01
1.161299999999999955e+01 -1.122566598179671971e+01
1.277399999999999913e+01 -1.130969241877080123e+01
1.405100000000000016e+01 -1.139449197423895477e+01
1.545599999999999952e+01 -1.148042148944929863e+01
1.700199999999999889e+01 -1.156782419851770527e+01
1.870200000000000173e+01 -1.165703743501156708e+01
2.057199999999999918e+01 -1.174846705533265556e+01
2.262999999999999901e+01 -1.184247424413072203e+01
2.489300000000000068e+01 -1.193933488184491409e+01
2.738200000000000145e+01 -1.203944018820086015e+01
3.012000000000000099e+01 -1.214314742506257794e+01
3.313199999999999790e+01 -1.225085727258515256e+01
3.644500000000000028e+01 -1.236288646837691552e+01
4.009000000000000341e+01 -1.247956204546361292e+01
4.409899999999999665e+01 -1.260116978723476144e+01
4.850900000000000034e+01 -1.272801584111008921e+01
5.335900000000000176e+01 -1.286035340646060732e+01
5.869500000000000028e+01 -1.299860843137671829e+01
6.456499999999999773e+01 -1.314303405134400649e+01
7.102100000000000080e+01 -1.329380256258255777e+01
7.812399999999999523e+01 -1.345131824041407675e+01
8.593600000000000705e+01 -1.361585264792345207e+01
9.453000000000000114e+01 -1.378770280247375801e+01
1.039830000000000041e+02 -1.396726667371650343e+01
1.143810000000000002e+02 -1.415476961416243462e+01
1.258190000000000026e+02 -1.435050063798641773e+01
1.384010000000000105e+02 -1.455466440023350394e+01
1.522410000000000139e+02 -1.476765025373236284e+01
1.674650000000000034e+02 -1.499002262310911782e+01
1.842110000000000127e+02 -1.522291620229709075e+01
2.026330000000000098e+02 -1.546755852087165550e+01
2.228959999999999866e+02 -1.572612518736886855e+01
2.451850000000000023e+02 -1.600164683831507162e+01
2.697040000000000077e+02 -1.629817624059588965e+01
2.966739999999999782e+02 -1.662168700526639142e+01
3.263419999999999845e+02 -1.698163099532418485e+01
3.589759999999999991e+02 -1.739120490850714162e+01
3.948729999999999905e+02 -1.787662713530588476e+01
