# # theta [arcmin], log_e(xim)
5.000000000000000000e-01 -1.114707752192535217e+01
5.500000000000000444e-01 -1.112426001757913419e+01
6.049999999999999822e-01 -1.110263070509521910e+01
6.660000000000000364e-01 -1.108216759919153027e+01
7.319999999999999840e-01 -1.106343645392605346e+01
8.050000000000000488e-01 -1.104606677586857089e+01
8.860000000000000098e-01 -1.103018948718454517e+01
9.739999999999999769e-01 -1.101629329337792207e+01
1.072000000000000064e+00 -1.100420004508927718e+01
1.179000000000000048e+00 -1.099435907836240922e+01
1.296999999999999931e+00 -1.098676778025026124e+01
1.427000000000000046e+00 -1.098157394611751236e+01
1.568999999999999950e+00 -1.097896629698814408e+01
1.725999999999999979e+00 -1.097909528672894730e+01
1.899000000000000021e+00 -1.098217545661489503e+01
2.088999999999999968e+00 -1.098839044588132907e+01
2.297000000000000153e+00 -1.099778775164010902e+01
2.527000000000000135e+00 -1.101057626479256868e+01
2.779999999999999805e+00 -1.102685350065793024e+01
3.057999999999999829e+00 -1.104673597531591334e+01
3.363999999999999879e+00 -1.107038617663229729e+01
3.700000000000000178e+00 -1.109785331925071183e+01
4.070000000000000284e+00 -1.112920575010649138e+01
4.477000000000000313e+00 -1.116442302515553919e+01
4.924999999999999822e+00 -1.120355944777493917e+01
5.416999999999999815e+00 -1.124652933938936705e+01
5.958999999999999631e+00 -1.129345585431855703e+01
6.554999999999999716e+00 -1.134420346436022164e+01
7.209999999999999964e+00 -1.139853841136116763e+01
7.932000000000000384e+00 -1.145647897115187952e+01
8.724999999999999645e+00 -1.151764176926940664e+01
9.596999999999999531e+00 -1.158188944401742759e+01
1.055700000000000038e+01 -1.164910309866140281e+01
1.161299999999999955e+01 -1.171895111709876858e+01
1.277399999999999913e+01 -1.179099204810055923e+01
1.405100000000000016e+01 -1.186493729812933395e+01
1.545599999999999952e+01 -1.194047637884400004e+01
1.700199999999999889e+01 -1.201723569342956566e+01
1.870200000000000173e+01 -1.209484008412814582e+01
2.057199999999999918e+01 -1.217290927957987812e+01
2.262999999999999901e+01 -1.225104846357591271e+01
2.489300000000000068e+01 -1.232886126323532672e+01
2.738200000000000145e+01 -1.240609799371812372e+01
3.012000000000000099e+01 -1.248251703130850920e+01
3.313199999999999790e+01 -1.255799945116832106e+01
3.644500000000000028e+01 -1.263237208896226349e+01
4.009000000000000341e+01 -1.270558286398057746e+01
4.409899999999999665e+01 -1.277766754740815003e+01
4.850900000000000034e+01 -1.284873890158564613e+01
5.335900000000000176e+01 -1.291895366375235987e+01
5.869500000000000028e+01 -1.298865756249225711e+01
6.456499999999999773e+01 -1.305810114443081815e+01
7.102100000000000080e+01 -1.312756186616317500e+01
7.812399999999999523e+01 -1.319751212174280575e+01
8.593600000000000705e+01 -1.326837923480309023e+01
9.453000000000000114e+01 -1.334057598084869056e+01
1.039830000000000041e+02 -1.341455024790652573e+01
1.143810000000000002e+02 -1.349061435150097132e+01
1.258190000000000026e+02 -1.356915060507443016e+01
1.384010000000000105e+02 -1.365048522212874715e+01
1.522410000000000139e+02 -1.373497904669775771e+01
1.674650000000000034e+02 -1.382297706306815321e+01
1.842110000000000127e+02 -1.391481577732269059e+01
2.026330000000000098e+02 -1.401067422277152730e+01
2.228959999999999866e+02 -1.411075273613464454e+01
2.451850000000000023e+02 -1.421514489808723880e+01
2.697040000000000077e+02 -1.432382533654190659e+01
2.966739999999999782e+02 -1.443674348509859584e+01
3.263419999999999845e+02 -1.455382917818231370e+01
3.589759999999999991e+02 -1.467487833427215982e+01
3.948729999999999905e+02 -1.479987966888679907e+01
