# # theta [arcmin], log_e(xim)
5.000000000000000000e-01 -1.129157391833773261e+01
5.500000000000000444e-01 -1.126917412039688848e+01
6.049999999999999822e-01 -1.124786560611472730e+01
6.660000000000000364e-01 -1.122761946313980630e+01
7.319999999999999840e-01 -1.120898822649971471e+01
8.050000000000000488e-01 -1.119159659829068865e+01
8.860000000000000098e-01 -1.117556433781500225e+01
9.739999999999999769e-01 -1.116137533046334518e+01
1.072000000000000064e+00 -1.114883458716976961e+01
1.179000000000000048e+00 -1.113839252841032135e+01
1.296999999999999931e+00 -1.113003389960105949e+01
1.427000000000000046e+00 -1.112389940733050686e+01
1.568999999999999950e+00 -1.112018294687712583e+01
1.725999999999999979e+00 -1.111901687694681407e+01
1.899000000000000021e+00 -1.112061584541645409e+01
2.088999999999999968e+00 -1.112516889828735955e+01
2.297000000000000153e+00 -1.113273167020075149e+01
2.527000000000000135e+00 -1.114349936368208382e+01
2.779999999999999805e+00 -1.115758591226961371e+01
3.057999999999999829e+00 -1.117512197200694679e+01
3.363999999999999879e+00 -1.119627772731294968e+01
3.700000000000000178e+00 -1.122112488522470031e+01
4.070000000000000284e+00 -1.124974614813279494e+01
4.477000000000000313e+00 -1.128214633899296260e+01
4.924999999999999822e+00 -1.131840692801320536e+01
5.416999999999999815e+00 -1.135847882894232797e+01
5.958999999999999631e+00 -1.140250905192872288e+01
6.554999999999999716e+00 -1.145040804738715323e+01
7.209999999999999964e+00 -1.150198552493189474e+01
7.932000000000000384e+00 -1.155729603992777399e+01
8.724999999999999645e+00 -1.161601445139404021e+01
9.596999999999999531e+00 -1.167805226259022788e+01
1.055700000000000038e+01 -1.174334051466540707e+01
1.161299999999999955e+01 -1.181160229216264135e+01
1.277399999999999913e+01 -1.188244931801271953e+01
1.405100000000000016e+01 -1.195563787069760942e+01
1.545599999999999952e+01 -1.203089873910342966e+01
1.700199999999999889e+01 -1.210789258776790511e+01
1.870200000000000173e+01 -1.218626433197565184e+01
2.057199999999999918e+01 -1.226563752906762694e+01
2.262999999999999901e+01 -1.234560049530714210e+01
2.489300000000000068e+01 -1.242571782329524943e+01
2.738200000000000145e+01 -1.250567886219035962e+01
3.012000000000000099e+01 -1.258515681098203665e+01
3.313199999999999790e+01 -1.266392701680137556e+01
3.644500000000000028e+01 -1.274168732820399974e+01
4.009000000000000341e+01 -1.281824499912862159e+01
4.409899999999999665e+01 -1.289348748738251871e+01
4.850900000000000034e+01 -1.296737961611438728e+01
5.335900000000000176e+01 -1.303993075861402140e+01
5.869500000000000028e+01 -1.311135617948937870e+01
6.456499999999999773e+01 -1.318179283870970231e+01
7.102100000000000080e+01 -1.325142761976139028e+01
7.812399999999999523e+01 -1.332066920470611926e+01
8.593600000000000705e+01 -1.338990366439428925e+01
9.453000000000000114e+01 -1.345952355059965377e+01
1.039830000000000041e+02 -1.352997829469719271e+01
1.143810000000000002e+02 -1.360160635830884956e+01
1.258190000000000026e+02 -1.367482903852973131e+01
1.384010000000000105e+02 -1.375001874135725188e+01
1.522410000000000139e+02 -1.382759467772665118e+01
1.674650000000000034e+02 -1.390797272720354449e+01
1.842110000000000127e+02 -1.399157004252306535e+01
2.026330000000000098e+02 -1.407867382154656077e+01
2.228959999999999866e+02 -1.416961580640040630e+01
2.451850000000000023e+02 -1.426462305451162926e+01
2.697040000000000077e+02 -1.436375494603563752e+01
2.966739999999999782e+02 -1.446697505850001875e+01
3.263419999999999845e+02 -1.457420925256589861e+01
3.589759999999999991e+02 -1.468524695661057322e+01
3.948729999999999905e+02 -1.480000946927673056e+01
