# # theta [arcmin], log_e(xim)
5.000000000000000000e-01 -1.136086897643161997e+01
5.500000000000000444e-01 -1.133694312528932713e+01
6.049999999999999822e-01 -1.131456489032910007e+01
6.660000000000000364e-01 -1.129373049906890714e+01
7.319999999999999840e-01 -1.127502257060094593e+01
8.050000000000000488e-01 -1.125807551623610792e+01
8.860000000000000098e-01 -1.124303345138977228e+01
9.739999999999999769e-01 -1.123036800092272358e+01
1.072000000000000064e+00 -1.121992605464993709e+01
1.179000000000000048e+00 -1.121212185762847646e+01
1.296999999999999931e+00 -1.120695220098369838e+01
1.427000000000000046e+00 -1.120454263924640692e+01
1.568999999999999950e+00 -1.120502835027700428e+01
1.725999999999999979e+00 -1.120856180708098826e+01
1.899000000000000021e+00 -1.121530692314748734e+01
2.088999999999999968e+00 -1.122539140347152831e+01
2.297000000000000153e+00 -1.123879378582704547e+01
2.527000000000000135e+00 -1.125570595052423251e+01
2.779999999999999805e+00 -1.127614255406023780e+01
3.057999999999999829e+00 -1.130015310906024872e+01
3.363999999999999879e+00 -1.132784023065355150e+01
3.700000000000000178e+00 -1.135917829511359756e+01
4.070000000000000284e+00 -1.139418111374797427e+01
4.477000000000000313e+00 -1.143276030325603188e+01
4.924999999999999822e+00 -1.147491028587351991e+01
5.416999999999999815e+00 -1.152048295096148500e+01
5.958999999999999631e+00 -1.156955338425318303e+01
6.554999999999999716e+00 -1.162193462885686301e+01
7.209999999999999964e+00 -1.167734631962862046e+01
7.932000000000000384e+00 -1.173577380986214180e+01
8.724999999999999645e+00 -1.179679547922400396e+01
9.596999999999999531e+00 -1.186024587078084913e+01
1.055700000000000038e+01 -1.192597969777418498e+01
1.161299999999999955e+01 -1.199364664250517620e+01
1.277399999999999913e+01 -1.206279445761592584e+01
1.405100000000000016e+01 -1.213312650518457581e+01
1.545599999999999952e+01 -1.220432856731915372e+01
1.700199999999999889e+01 -1.227603105442695508e+01
1.870200000000000173e+01 -1.234787241286090165e+01
2.057199999999999918e+01 -1.241949138646855211e+01
2.262999999999999901e+01 -1.249052208191794300e+01
2.489300000000000068e+01 -1.256061073132021377e+01
2.738200000000000145e+01 -1.262955336459975086e+01
3.012000000000000099e+01 -1.269716884729380624e+01
3.313199999999999790e+01 -1.276339815814947443e+01
3.644500000000000028e+01 -1.282814123788994642e+01
4.009000000000000341e+01 -1.289141714632411428e+01
4.409899999999999665e+01 -1.295333604856093324e+01
4.850900000000000034e+01 -1.301408537176225089e+01
5.335900000000000176e+01 -1.307390183865488709e+01
5.869500000000000028e+01 -1.313318673923816604e+01
6.456499999999999773e+01 -1.319225004106166921e+01
7.102100000000000080e+01 -1.325142193096150045e+01
7.812399999999999523e+01 -1.331120091718110920e+01
8.593600000000000705e+01 -1.337204214410926717e+01
9.453000000000000114e+01 -1.343438459159133203e+01
1.039830000000000041e+02 -1.349868724616635696e+01
1.143810000000000002e+02 -1.356527104052641874e+01
1.258190000000000026e+02 -1.363451571419830444e+01
1.384010000000000105e+02 -1.370677006088473426e+01
1.522410000000000139e+02 -1.378242593988799669e+01
1.674650000000000034e+02 -1.386187549038709399e+01
1.842110000000000127e+02 -1.394549362477794219e+01
2.026330000000000098e+02 -1.403344059827559853e+01
2.228959999999999866e+02 -1.412582181666889269e+01
2.451850000000000023e+02 -1.422263118568912610e+01
2.697040000000000077e+02 -1.432380039954522744e+01
2.966739999999999782e+02 -1.442926225564008291e+01
3.263419999999999845e+02 -1.453894397127919724e+01
3.589759999999999991e+02 -1.465273020788647607e+01
3.948729999999999905e+02 -1.477070299388052810e+01
