# # theta [arcmin], log_e(xip)
5.000000000000000000e-01 -9.948195420626452901e+00
5.500000000000000444e-01 -9.986826118923261220e+00
6.049999999999999822e-01 -1.002716593163106218e+01
6.660000000000000364e-01 -1.006961297762801522e+01
7.319999999999999840e-01 -1.011317208416618207e+01
8.050000000000000488e-01 -1.015884442621498884e+01
8.860000000000000098e-01 -1.020682919859581972e+01
9.739999999999999769e-01 -1.025615453907732366e+01
1.072000000000000064e+00 -1.030807984166162505e+01
1.179000000000000048e+00 -1.036161541863500268e+01
1.296999999999999931e+00 -1.041730598361890081e+01
1.427000000000000046e+00 -1.047508918457690541e+01
1.568999999999999950e+00 -1.053445236049775424e+01
1.725999999999999979e+00 -1.059608808253672052e+01
1.899000000000000021e+00 -1.065974664565707464e+01
2.088999999999999968e+00 -1.072516607540364220e+01
2.297000000000000153e+00 -1.079205368756730365e+01
2.527000000000000135e+00 -1.086097013898700325e+01
2.779999999999999805e+00 -1.093142574376996556e+01
3.057999999999999829e+00 -1.100320365017727831e+01
3.363999999999999879e+00 -1.107627504638728055e+01
3.700000000000000178e+00 -1.115030314180463122e+01
4.070000000000000284e+00 -1.122529614390977848e+01
4.477000000000000313e+00 -1.130094721428614335e+01
4.924999999999999822e+00 -1.137708075013998865e+01
5.416999999999999815e+00 -1.145330181454678176e+01
5.958999999999999631e+00 -1.152963102912137394e+01
6.554999999999999716e+00 -1.160572015128285983e+01
7.209999999999999964e+00 -1.168128317170680752e+01
7.932000000000000384e+00 -1.175633792477279904e+01
8.724999999999999645e+00 -1.183041499857661982e+01
9.596999999999999531e+00 -1.190344752856855415e+01
1.055700000000000038e+01 -1.197540769101872371e+01
1.161299999999999955e+01 -1.204614923147028094e+01
1.277399999999999913e+01 -1.211552853267328089e+01
1.405100000000000016e+01 -1.218353493844766788e+01
1.545599999999999952e+01 -1.225018755575122142e+01
1.700199999999999889e+01 -1.231551994516960313e+01
1.870200000000000173e+01 -1.237958590948680992e+01
2.057199999999999918e+01 -1.244251777184860330e+01
2.262999999999999901e+01 -1.250443771183378772e+01
2.489300000000000068e+01 -1.256544293293145209e+01
2.738200000000000145e+01 -1.262573698730828298e+01
3.012000000000000099e+01 -1.268552525612574478e+01
3.313199999999999790e+01 -1.274506354627854066e+01
3.644500000000000028e+01 -1.280457131968882223e+01
4.009000000000000341e+01 -1.286428404940953740e+01
4.409899999999999665e+01 -1.292443835695126353e+01
4.850900000000000034e+01 -1.298529767531605117e+01
5.335900000000000176e+01 -1.304710331915672583e+01
5.869500000000000028e+01 -1.311018483778384791e+01
6.456499999999999773e+01 -1.317479574133797726e+01
7.102100000000000080e+01 -1.324116380542885807e+01
7.812399999999999523e+01 -1.330960602291735739e+01
8.593600000000000705e+01 -1.338037662130522243e+01
9.453000000000000114e+01 -1.345373265628963999e+01
1.039830000000000041e+02 -1.352993470203007398e+01
1.143810000000000002e+02 -1.360917792158382156e+01
1.258190000000000026e+02 -1.369165886281743560e+01
1.384010000000000105e+02 -1.377751174487306329e+01
1.522410000000000139e+02 -1.386681774718520010e+01
1.674650000000000034e+02 -1.395956974528497696e+01
1.842110000000000127e+02 -1.405574495428215265e+01
2.026330000000000098e+02 -1.415536687412904904e+01
2.228959999999999866e+02 -1.425873096147498842e+01
2.451850000000000023e+02 -1.436662706731384276e+01
2.697040000000000077e+02 -1.448050283390730186e+01
2.966739999999999782e+02 -1.460237321055117654e+01
3.263419999999999845e+02 -1.473443199711646123e+01
3.589759999999999991e+02 -1.487851490167417978e+01
3.948729999999999905e+02 -1.503607863863990524e+01
