# # theta [arcmin], log_e(xip)
5.000000000000000000e-01 -9.406193468503808219e+00
5.500000000000000444e-01 -9.451048277389977770e+00
6.049999999999999822e-01 -9.497915516811591630e+00
6.660000000000000364e-01 -9.547245322204426898e+00
7.319999999999999840e-01 -9.597864879401884153e+00
8.050000000000000488e-01 -9.650918644777071620e+00
8.860000000000000098e-01 -9.706615371394464731e+00
9.739999999999999769e-01 -9.763799699862065751e+00
1.072000000000000064e+00 -9.823902734293342931e+00
1.179000000000000048e+00 -9.885743709749799990e+00
1.296999999999999931e+00 -9.949914391559715909e+00
1.427000000000000046e+00 -1.001629841993396930e+01
1.568999999999999950e+00 -1.008426054896883706e+01
1.725999999999999979e+00 -1.015454407122143010e+01
1.899000000000000021e+00 -1.022680757989120792e+01
2.088999999999999968e+00 -1.030070090025838958e+01
2.297000000000000153e+00 -1.037583953701082962e+01
2.527000000000000135e+00 -1.045279450953078282e+01
2.779999999999999805e+00 -1.053096048214383629e+01
3.057999999999999829e+00 -1.061004951021894627e+01
3.363999999999999879e+00 -1.068998719049008095e+01
3.700000000000000178e+00 -1.077038020981774480e+01
4.070000000000000284e+00 -1.085121580533911612e+01
4.477000000000000313e+00 -1.093215614189736229e+01
4.924999999999999822e+00 -1.101303117107963914e+01
5.416999999999999815e+00 -1.109346475382002772e+01
5.958999999999999631e+00 -1.117354389314331442e+01
6.554999999999999716e+00 -1.125300495326645844e+01
7.209999999999999964e+00 -1.133166530459154764e+01
7.932000000000000384e+00 -1.140969401416334783e+01
8.724999999999999645e+00 -1.148678122357612352e+01
9.596999999999999531e+00 -1.156305911621440075e+01
1.055700000000000038e+01 -1.163872465682712409e+01
1.161299999999999955e+01 -1.171386828634416588e+01
1.277399999999999913e+01 -1.178857831286095958e+01
1.405100000000000016e+01 -1.186309745615691469e+01
1.545599999999999952e+01 -1.193769633583220546e+01
1.700199999999999889e+01 -1.201264647383023565e+01
1.870200000000000173e+01 -1.208822650075410188e+01
2.057199999999999918e+01 -1.216478330423343834e+01
2.262999999999999901e+01 -1.224263539021339753e+01
2.489300000000000068e+01 -1.232203920697522470e+01
2.738200000000000145e+01 -1.240335402455323255e+01
3.012000000000000099e+01 -1.248691602192683447e+01
3.313199999999999790e+01 -1.257309667124122754e+01
3.644500000000000028e+01 -1.266220114119570006e+01
4.009000000000000341e+01 -1.275454371716488744e+01
4.409899999999999665e+01 -1.285040604315199353e+01
4.850900000000000034e+01 -1.295008752684496223e+01
5.335900000000000176e+01 -1.305384201706128700e+01
5.869500000000000028e+01 -1.316204539694304110e+01
6.456499999999999773e+01 -1.327494362434042330e+01
7.102100000000000080e+01 -1.339272695120583201e+01
7.812399999999999523e+01 -1.351573268554778018e+01
8.593600000000000705e+01 -1.364418844047870039e+01
9.453000000000000114e+01 -1.377833905840030759e+01
1.039830000000000041e+02 -1.391845222362212553e+01
1.143810000000000002e+02 -1.406468319580241655e+01
1.258190000000000026e+02 -1.421718212067323250e+01
1.384010000000000105e+02 -1.437599081944930646e+01
1.522410000000000139e+02 -1.454117204597172375e+01
1.674650000000000034e+02 -1.471281737995284367e+01
1.842110000000000127e+02 -1.489122325517824841e+01
2.026330000000000098e+02 -1.507680002394480212e+01
2.228959999999999866e+02 -1.527049883526270868e+01
2.451850000000000023e+02 -1.547386721783428065e+01
2.697040000000000077e+02 -1.568888146467931399e+01
2.966739999999999782e+02 -1.591777128818968556e+01
3.263419999999999845e+02 -1.616324051730645550e+01
3.589759999999999991e+02 -1.642795898541614008e+01
3.948729999999999905e+02 -1.671494477618732333e+01
