# # theta [arcmin], log_e(xim)
5.000000000000000000e-01 -1.219284748477094737e+01
5.500000000000000444e-01 -1.216786013274782086e+01
6.049999999999999822e-01 -1.214345490541194295e+01
6.660000000000000364e-01 -1.211952565968675621e+01
7.319999999999999840e-01 -1.209667542832608866e+01
8.050000000000000488e-01 -1.207439739948037527e+01
8.860000000000000098e-01 -1.205273664031732395e+01
9.739999999999999769e-01 -1.203225111179435025e+01
1.072000000000000064e+00 -1.201254148509335451e+01
1.179000000000000048e+00 -1.199414681827270712e+01
1.296999999999999931e+00 -1.197693318565601572e+01
1.427000000000000046e+00 -1.196100761523308620e+01
1.568999999999999950e+00 -1.194661429144117193e+01
1.725999999999999979e+00 -1.193372408277422814e+01
1.899000000000000021e+00 -1.192255658888410252e+01
2.088999999999999968e+00 -1.191331766207710352e+01
2.297000000000000153e+00 -1.190610346965565292e+01
2.527000000000000135e+00 -1.190095692607210687e+01
2.779999999999999805e+00 -1.189807572404899005e+01
3.057999999999999829e+00 -1.189762473334969783e+01
3.363999999999999879e+00 -1.189977099825407691e+01
3.700000000000000178e+00 -1.190466771370247123e+01
4.070000000000000284e+00 -1.191239965452149008e+01
4.477000000000000313e+00 -1.192306372526493519e+01
4.924999999999999822e+00 -1.193680503332444154e+01
5.416999999999999815e+00 -1.195372157696873927e+01
5.958999999999999631e+00 -1.197399837209607121e+01
6.554999999999999716e+00 -1.199770703203438238e+01
7.209999999999999964e+00 -1.202482316320274158e+01
7.932000000000000384e+00 -1.205547312073968236e+01
8.724999999999999645e+00 -1.208959143465786035e+01
9.596999999999999531e+00 -1.212724445970519049e+01
1.055700000000000038e+01 -1.216852486941758116e+01
1.161299999999999955e+01 -1.221337967697938254e+01
1.277399999999999913e+01 -1.226165914253781253e+01
1.405100000000000016e+01 -1.231332450420568136e+01
1.545599999999999952e+01 -1.236833349068751886e+01
1.700199999999999889e+01 -1.242659762828952630e+01
1.870200000000000173e+01 -1.248801389475303658e+01
2.057199999999999918e+01 -1.255243721028674564e+01
2.262999999999999901e+01 -1.261966932543691833e+01
2.489300000000000068e+01 -1.268948480872649220e+01
2.738200000000000145e+01 -1.276173456033404818e+01
3.012000000000000099e+01 -1.283622098965894232e+01
3.313199999999999790e+01 -1.291278745147165985e+01
3.644500000000000028e+01 -1.299112943439724432e+01
4.009000000000000341e+01 -1.307095426472397648e+01
4.409899999999999665e+01 -1.315197706615211004e+01
4.850900000000000034e+01 -1.323391077015534378e+01
5.335900000000000176e+01 -1.331639543524250868e+01
5.869500000000000028e+01 -1.339919387508026105e+01
6.456499999999999773e+01 -1.348186230503416283e+01
7.102100000000000080e+01 -1.356394516117859794e+01
7.812399999999999523e+01 -1.364513844558677746e+01
8.593600000000000705e+01 -1.372505943701614761e+01
9.453000000000000114e+01 -1.380330040619326581e+01
1.039830000000000041e+02 -1.387952740186574729e+01
1.143810000000000002e+02 -1.395329968761478234e+01
1.258190000000000026e+02 -1.402433536356146249e+01
1.384010000000000105e+02 -1.409232245871981704e+01
1.522410000000000139e+02 -1.415705244356725245e+01
1.674650000000000034e+02 -1.421845773871379848e+01
1.842110000000000127e+02 -1.427679423672680770e+01
2.026330000000000098e+02 -1.433259304849385707e+01
2.228959999999999866e+02 -1.438680707578008544e+01
2.451850000000000023e+02 -1.444052294174476003e+01
2.697040000000000077e+02 -1.449463551108585335e+01
2.966739999999999782e+02 -1.454933245222416005e+01
3.263419999999999845e+02 -1.460366250497195217e+01
3.589759999999999991e+02 -1.465561161094048792e+01
3.948729999999999905e+02 -1.470307244356556176e+01
