# # theta [arcmin], log_e(xip)
5.000000000000000000e-01 -9.120112174505926816e+00
5.500000000000000444e-01 -9.168788723717971934e+00
6.049999999999999822e-01 -9.219547729902103583e+00
6.660000000000000364e-01 -9.272844377478300260e+00
7.319999999999999840e-01 -9.327379034746817510e+00
8.050000000000000488e-01 -9.384348699613221712e+00
8.860000000000000098e-01 -9.443932318156852190e+00
9.739999999999999769e-01 -9.504849428676966028e+00
1.072000000000000064e+00 -9.568577535544807944e+00
1.179000000000000048e+00 -9.633812538379817880e+00
1.296999999999999931e+00 -9.701129735609551830e+00
1.427000000000000046e+00 -9.770350987845896285e+00
1.568999999999999950e+00 -9.840764240394010542e+00
1.725999999999999979e+00 -9.913091321448822768e+00
1.899000000000000021e+00 -9.986928945870925389e+00
2.088999999999999968e+00 -1.006188018339609869e+01
2.297000000000000153e+00 -1.013752624089234189e+01
2.527000000000000135e+00 -1.021441641661464850e+01
2.779999999999999805e+00 -1.029193066041668203e+01
3.057999999999999829e+00 -1.036978892360513527e+01
3.363999999999999879e+00 -1.044794200654897942e+01
3.700000000000000178e+00 -1.052605251196133018e+01
4.070000000000000284e+00 -1.060416985092572695e+01
4.477000000000000313e+00 -1.068205145495159236e+01
4.924999999999999822e+00 -1.075964460661655764e+01
5.416999999999999815e+00 -1.083671897096853876e+01
5.958999999999999631e+00 -1.091350891236371901e+01
6.554999999999999716e+00 -1.098993098300474358e+01
7.209999999999999964e+00 -1.106598129825570354e+01
7.932000000000000384e+00 -1.114200763421508356e+01
8.724999999999999645e+00 -1.121788850612710498e+01
9.596999999999999531e+00 -1.129392408059685415e+01
1.055700000000000038e+01 -1.137046976272185184e+01
1.161299999999999955e+01 -1.144775964062846008e+01
1.277399999999999913e+01 -1.152600300444721171e+01
1.405100000000000016e+01 -1.160554899704680309e+01
1.545599999999999952e+01 -1.168675256205848711e+01
1.700199999999999889e+01 -1.176994901646821745e+01
1.870200000000000173e+01 -1.185545352110829320e+01
2.057199999999999918e+01 -1.194364422927429814e+01
2.262999999999999901e+01 -1.203486495289847724e+01
2.489300000000000068e+01 -1.212936534028597890e+01
2.738200000000000145e+01 -1.222750549691985533e+01
3.012000000000000099e+01 -1.232961795122225546e+01
3.313199999999999790e+01 -1.243606761429348673e+01
3.644500000000000028e+01 -1.254714818109305696e+01
4.009000000000000341e+01 -1.266316921045951815e+01
4.409899999999999665e+01 -1.278439048162124259e+01
4.850900000000000034e+01 -1.291110092768207629e+01
5.335900000000000176e+01 -1.304354249277573885e+01
5.869500000000000028e+01 -1.318211815889157634e+01
6.456499999999999773e+01 -1.332706736232086975e+01
7.102100000000000080e+01 -1.347856129228237521e+01
7.812399999999999523e+01 -1.363697699992053280e+01
8.593600000000000705e+01 -1.380256669240845113e+01
9.453000000000000114e+01 -1.397562766825807046e+01
1.039830000000000041e+02 -1.415654797920175767e+01
1.143810000000000002e+02 -1.434555043215407011e+01
1.258190000000000026e+02 -1.454289914104610659e+01
1.384010000000000105e+02 -1.474881164914584453e+01
1.522410000000000139e+02 -1.496369078819224718e+01
1.674650000000000034e+02 -1.518820304541390342e+01
1.842110000000000127e+02 -1.542371523115059340e+01
2.026330000000000098e+02 -1.567176054948186348e+01
2.228959999999999866e+02 -1.593472048274120034e+01
2.451850000000000023e+02 -1.621576625437185726e+01
2.697040000000000077e+02 -1.651923253933790292e+01
2.966739999999999782e+02 -1.685147083581897931e+01
3.263419999999999845e+02 -1.722250822882741161e+01
3.589759999999999991e+02 -1.764746347147844929e+01
3.948729999999999905e+02 -1.815722553631828973e+01
