# # theta [arcmin], log_e(xip)
5.000000000000000000e-01 -8.848411354884946789e+00
5.500000000000000444e-01 -8.878819659657493091e+00
6.049999999999999822e-01 -8.910689956722769978e+00
6.660000000000000364e-01 -8.944361877482952750e+00
7.319999999999999840e-01 -8.979068346401948730e+00
8.050000000000000488e-01 -9.015632509831183583e+00
8.860000000000000098e-01 -9.054249005072300349e+00
9.739999999999999769e-01 -9.094171082151918384e+00
1.072000000000000064e+00 -9.136454424468109181e+00
1.179000000000000048e+00 -9.180339919703557783e+00
1.296999999999999931e+00 -9.226318952269075169e+00
1.427000000000000046e+00 -9.274396342893174605e+00
1.568999999999999950e+00 -9.324200686572996943e+00
1.725999999999999979e+00 -9.376374177301372015e+00
1.899000000000000021e+00 -9.430777090071138957e+00
2.088999999999999968e+00 -9.487255417458904105e+00
2.297000000000000153e+00 -9.545627111576754587e+00
2.527000000000000135e+00 -9.606462660461437153e+00
2.779999999999999805e+00 -9.669417355040492268e+00
3.057999999999999829e+00 -9.734379578548423950e+00
3.363999999999999879e+00 -9.801402736127727167e+00
3.700000000000000178e+00 -9.870252409528053050e+00
4.070000000000000284e+00 -9.941012903628163144e+00
4.477000000000000313e+00 -1.001346738750710941e+01
4.924999999999999822e+00 -1.008750751079767660e+01
5.416999999999999815e+00 -1.016279288032453287e+01
5.958999999999999631e+00 -1.023937016302100034e+01
6.554999999999999716e+00 -1.031689915052847795e+01
7.209999999999999964e+00 -1.039508456993358365e+01
7.932000000000000384e+00 -1.047391492559772885e+01
8.724999999999999645e+00 -1.055284639053964035e+01
9.596999999999999531e+00 -1.063172816719529301e+01
1.055700000000000038e+01 -1.071042803832219725e+01
1.161299999999999955e+01 -1.078866341192085976e+01
1.277399999999999913e+01 -1.086615212025377097e+01
1.405100000000000016e+01 -1.094273210305289901e+01
1.545599999999999952e+01 -1.101826885806591605e+01
1.700199999999999889e+01 -1.109264728088286489e+01
1.870200000000000173e+01 -1.116577473268634613e+01
2.057199999999999918e+01 -1.123766016253353506e+01
2.262999999999999901e+01 -1.130831581013162790e+01
2.489300000000000068e+01 -1.137773744531033238e+01
2.738200000000000145e+01 -1.144605871875330116e+01
3.012000000000000099e+01 -1.151343989726783512e+01
3.313199999999999790e+01 -1.158011774421108164e+01
3.644500000000000028e+01 -1.164630646890369725e+01
4.009000000000000341e+01 -1.171224678236371020e+01
4.409899999999999665e+01 -1.177819811469290023e+01
4.850900000000000034e+01 -1.184446399237510583e+01
5.335900000000000176e+01 -1.191132534071632776e+01
5.869500000000000028e+01 -1.197916610315590624e+01
6.456499999999999773e+01 -1.204827212021413807e+01
7.102100000000000080e+01 -1.211889618216804898e+01
7.812399999999999523e+01 -1.219137577555577678e+01
8.593600000000000705e+01 -1.226597340439861838e+01
9.453000000000000114e+01 -1.234293552425420160e+01
1.039830000000000041e+02 -1.242248912441880115e+01
1.143810000000000002e+02 -1.250473477882511730e+01
1.258190000000000026e+02 -1.258975649688581377e+01
1.384010000000000105e+02 -1.267762755739284231e+01
1.522410000000000139e+02 -1.276856847681180795e+01
1.674650000000000034e+02 -1.286303795631709690e+01
1.842110000000000127e+02 -1.296188532908849744e+01
2.026330000000000098e+02 -1.306632856679235388e+01
2.228959999999999866e+02 -1.317793264284502541e+01
2.451850000000000023e+02 -1.329836931974277014e+01
2.697040000000000077e+02 -1.342914400506921879e+01
2.966739999999999782e+02 -1.357144265577989906e+01
3.263419999999999845e+02 -1.372617363714905636e+01
3.589759999999999991e+02 -1.389389597303949486e+01
3.948729999999999905e+02 -1.407507279178882875e+01
