# # theta [arcmin], log_e(xim)
5.000000000000000000e-01 -1.135507506612286832e+01
5.500000000000000444e-01 -1.133199487512241355e+01
6.049999999999999822e-01 -1.131011442531612410e+01
6.660000000000000364e-01 -1.128940758372620934e+01
7.319999999999999840e-01 -1.127044527726968148e+01
8.050000000000000488e-01 -1.125284688761953866e+01
8.860000000000000098e-01 -1.123673946992250272e+01
9.739999999999999769e-01 -1.122261086067308078e+01
1.072000000000000064e+00 -1.121027153225836059e+01
1.179000000000000048e+00 -1.120016938925211214e+01
1.296999999999999931e+00 -1.119229011531291640e+01
1.427000000000000046e+00 -1.118677416358178967e+01
1.568999999999999950e+00 -1.118380159011878661e+01
1.725999999999999979e+00 -1.118350877456567005e+01
1.899000000000000021e+00 -1.118610032661040421e+01
2.088999999999999968e+00 -1.119174889867956679e+01
2.297000000000000153e+00 -1.120049200116777577e+01
2.527000000000000135e+00 -1.121252239854915977e+01
2.779999999999999805e+00 -1.122792774216333278e+01
3.057999999999999829e+00 -1.124681744786726512e+01
3.363999999999999879e+00 -1.126934341014060870e+01
3.700000000000000178e+00 -1.129554971549098852e+01
4.070000000000000284e+00 -1.132550028716723034e+01
4.477000000000000313e+00 -1.135917486516430941e+01
4.924999999999999822e+00 -1.139663153748528757e+01
5.416999999999999815e+00 -1.143779387403587045e+01
5.958999999999999631e+00 -1.148279401119089727e+01
6.554999999999999716e+00 -1.153151742941451374e+01
7.209999999999999964e+00 -1.158375563039133560e+01
7.932000000000000384e+00 -1.163954888694618184e+01
8.724999999999999645e+00 -1.169855576963816191e+01
9.596999999999999531e+00 -1.176067630751477999e+01
1.055700000000000038e+01 -1.182583140110125441e+01
1.161299999999999955e+01 -1.189373649781594011e+01
1.277399999999999913e+01 -1.196399853333369911e+01
1.405100000000000016e+01 -1.203637105322565759e+01
1.545599999999999952e+01 -1.211058320906601082e+01
1.700199999999999889e+01 -1.218629629308897933e+01
1.870200000000000173e+01 -1.226315783852142260e+01
2.057199999999999918e+01 -1.234079514724356486e+01
2.262999999999999901e+01 -1.241880285438575271e+01
2.489300000000000068e+01 -1.249675387763508283e+01
2.738200000000000145e+01 -1.257434573150322876e+01
3.012000000000000099e+01 -1.265126222565681324e+01
3.313199999999999790e+01 -1.272728873032574270e+01
3.644500000000000028e+01 -1.280213631048466993e+01
4.009000000000000341e+01 -1.287562361921093235e+01
4.409899999999999665e+01 -1.294765069481389119e+01
4.850900000000000034e+01 -1.301819572292258975e+01
5.335900000000000176e+01 -1.308728440249684333e+01
5.869500000000000028e+01 -1.315514228362023985e+01
6.456499999999999773e+01 -1.322191910681378424e+01
7.102100000000000080e+01 -1.328781601779144417e+01
7.812399999999999523e+01 -1.335324869399911840e+01
8.593600000000000705e+01 -1.341861203852223561e+01
9.453000000000000114e+01 -1.348430717741933194e+01
1.039830000000000041e+02 -1.355079444587514637e+01
1.143810000000000002e+02 -1.361841615892448409e+01
1.258190000000000026e+02 -1.368759678968629601e+01
1.384010000000000105e+02 -1.375871726632888148e+01
1.522410000000000139e+02 -1.383221083453081057e+01
1.674650000000000034e+02 -1.390851813080392496e+01
1.842110000000000127e+02 -1.398808921135724148e+01
2.026330000000000098e+02 -1.407124625997323086e+01
2.228959999999999866e+02 -1.415832655374406635e+01
2.451850000000000023e+02 -1.424952962783531696e+01
2.697040000000000077e+02 -1.434488141987161924e+01
2.966739999999999782e+02 -1.444433455306971226e+01
3.263419999999999845e+02 -1.454781216587445236e+01
3.589759999999999991e+02 -1.465511181335041968e+01
3.948729999999999905e+02 -1.476620175905621934e+01
