# # theta [arcmin], log_e(xim)
5.000000000000000000e-01 -1.163649781390825311e+01
5.500000000000000444e-01 -1.161503183665804251e+01
6.049999999999999822e-01 -1.159506860200187184e+01
6.660000000000000364e-01 -1.157662050194060832e+01
7.319999999999999840e-01 -1.156021237459315820e+01
8.050000000000000488e-01 -1.154552903180660905e+01
8.860000000000000098e-01 -1.153272090829221241e+01
9.739999999999999769e-01 -1.152221457547775962e+01
1.072000000000000064e+00 -1.151391235178286365e+01
1.179000000000000048e+00 -1.150818770589600604e+01
1.296999999999999931e+00 -1.150506245958077756e+01
1.427000000000000046e+00 -1.150466368763435554e+01
1.568999999999999950e+00 -1.150711537627176106e+01
1.725999999999999979e+00 -1.151259751875046966e+01
1.899000000000000021e+00 -1.152127310981100905e+01
2.088999999999999968e+00 -1.153326889647464526e+01
2.297000000000000153e+00 -1.154856466341101751e+01
2.527000000000000135e+00 -1.156737721571804300e+01
2.779999999999999805e+00 -1.158971623260371331e+01
3.057999999999999829e+00 -1.161563405564709228e+01
3.363999999999999879e+00 -1.164524171047086654e+01
3.700000000000000178e+00 -1.167851534029308880e+01
4.070000000000000284e+00 -1.171547711721185614e+01
4.477000000000000313e+00 -1.175604037281459391e+01
4.924999999999999822e+00 -1.180020748412066922e+01
5.416999999999999815e+00 -1.184782899265894329e+01
5.958999999999999631e+00 -1.189899243934341122e+01
6.554999999999999716e+00 -1.195351476843005756e+01
7.209999999999999964e+00 -1.201112151198609013e+01
7.932000000000000384e+00 -1.207181626577234468e+01
8.724999999999999645e+00 -1.213518072504542999e+01
9.596999999999999531e+00 -1.220106619872520426e+01
1.055700000000000038e+01 -1.226934626033250986e+01
1.161299999999999955e+01 -1.233968609866442456e+01
1.277399999999999913e+01 -1.241164866355010155e+01
1.405100000000000016e+01 -1.248495488367970729e+01
1.545599999999999952e+01 -1.255930523545957378e+01
1.700199999999999889e+01 -1.263433781074216178e+01
1.870200000000000173e+01 -1.270968997822869362e+01
2.057199999999999918e+01 -1.278499368647287682e+01
2.262999999999999901e+01 -1.285986604486770979e+01
2.489300000000000068e+01 -1.293391935123437264e+01
2.738200000000000145e+01 -1.300690660094756801e+01
3.012000000000000099e+01 -1.307858958373291536e+01
3.313199999999999790e+01 -1.314884391237578143e+01
3.644500000000000028e+01 -1.321749197369593709e+01
4.009000000000000341e+01 -1.328447415491334205e+01
4.409899999999999665e+01 -1.334981808340572762e+01
4.850900000000000034e+01 -1.341363187339153029e+01
5.335900000000000176e+01 -1.347607557176610449e+01
5.869500000000000028e+01 -1.353749177506595736e+01
6.456499999999999773e+01 -1.359814124552634418e+01
7.102100000000000080e+01 -1.365832050172459233e+01
7.812399999999999523e+01 -1.371851180460305031e+01
8.593600000000000705e+01 -1.377916416401918376e+01
9.453000000000000114e+01 -1.384072078199233502e+01
1.039830000000000041e+02 -1.390365905395600166e+01
1.143810000000000002e+02 -1.396832904222489624e+01
1.258190000000000026e+02 -1.403514278121265768e+01
1.384010000000000105e+02 -1.410446704213381075e+01
1.522410000000000139e+02 -1.417670512861753629e+01
1.674650000000000034e+02 -1.425225675760308164e+01
1.842110000000000127e+02 -1.433152327815106020e+01
2.026330000000000098e+02 -1.441476802164529758e+01
2.228959999999999866e+02 -1.450227177227992392e+01
2.451850000000000023e+02 -1.459418882985928789e+01
2.697040000000000077e+02 -1.469050244902743962e+01
2.966739999999999782e+02 -1.479112834760532635e+01
3.263419999999999845e+02 -1.489596068180634347e+01
3.589759999999999991e+02 -1.500476487921017643e+01
3.948729999999999905e+02 -1.511748435909764865e+01
