# # theta [arcmin], log_e(xip)
5.000000000000000000e-01 -9.476605956706672274e+00
5.500000000000000444e-01 -9.509713317145680023e+00
6.049999999999999822e-01 -9.544337693727326766e+00
6.660000000000000364e-01 -9.580837257504402515e+00
7.319999999999999840e-01 -9.618372822890364660e+00
8.050000000000000488e-01 -9.657826787242584032e+00
8.860000000000000098e-01 -9.699396350047393867e+00
9.739999999999999769e-01 -9.742266214546196679e+00
1.072000000000000064e+00 -9.787560282191963168e+00
1.179000000000000048e+00 -9.834450042045512319e+00
1.296999999999999931e+00 -9.883448482606475238e+00
1.427000000000000046e+00 -9.934545083310419855e+00
1.568999999999999950e+00 -9.987330354764978324e+00
1.725999999999999979e+00 -1.004246942924163832e+01
1.899000000000000021e+00 -1.009979591017821754e+01
2.088999999999999968e+00 -1.015913131028287175e+01
2.297000000000000153e+00 -1.022026756011168658e+01
2.527000000000000135e+00 -1.028378328367534067e+01
2.779999999999999805e+00 -1.034929820618439145e+01
3.057999999999999829e+00 -1.041667897259257636e+01
3.363999999999999879e+00 -1.048596386236547140e+01
3.700000000000000178e+00 -1.055689530834307099e+01
4.070000000000000284e+00 -1.062954477647859974e+01
4.477000000000000313e+00 -1.070367399038580025e+01
4.924999999999999822e+00 -1.077916095083164905e+01
5.416999999999999815e+00 -1.085565056981009313e+01
5.958999999999999631e+00 -1.093318441271591723e+01
6.554999999999999716e+00 -1.101141529563409804e+01
7.209999999999999964e+00 -1.109004489029367768e+01
7.932000000000000384e+00 -1.116906487528707004e+01
8.724999999999999645e+00 -1.124793465290085770e+01
9.596999999999999531e+00 -1.132651229027302087e+01
1.055700000000000038e+01 -1.140467662454123143e+01
1.161299999999999955e+01 -1.148215865480007736e+01
1.277399999999999913e+01 -1.155868399917713774e+01
1.405100000000000016e+01 -1.163409924270072082e+01
1.545599999999999952e+01 -1.170827414749995832e+01
1.700199999999999889e+01 -1.178109096410726409e+01
1.870200000000000173e+01 -1.185244961394188046e+01
2.057199999999999918e+01 -1.192234136719778093e+01
2.262999999999999901e+01 -1.199075112670369592e+01
2.489300000000000068e+01 -1.205764281287398454e+01
2.738200000000000145e+01 -1.212310946812138646e+01
3.012000000000000099e+01 -1.218726227506389925e+01
3.313199999999999790e+01 -1.225028350075787564e+01
3.644500000000000028e+01 -1.231233111978773032e+01
4.009000000000000341e+01 -1.237358898247000916e+01
4.409899999999999665e+01 -1.243426165378248882e+01
4.850900000000000034e+01 -1.249459827367503628e+01
5.335900000000000176e+01 -1.255483412653153330e+01
5.869500000000000028e+01 -1.261530905606807096e+01
6.456499999999999773e+01 -1.267628397634438642e+01
7.102100000000000080e+01 -1.273800206274198565e+01
7.812399999999999523e+01 -1.280079885345927337e+01
8.593600000000000705e+01 -1.286495251464603129e+01
9.453000000000000114e+01 -1.293074021498540738e+01
1.039830000000000041e+02 -1.299845204705264656e+01
1.143810000000000002e+02 -1.306831089308474603e+01
1.258190000000000026e+02 -1.314054873318937844e+01
1.384010000000000105e+02 -1.321532825957044111e+01
1.522410000000000139e+02 -1.329276743058792754e+01
1.674650000000000034e+02 -1.337292309055436057e+01
1.842110000000000127e+02 -1.345590441419229499e+01
2.026330000000000098e+02 -1.354194389075802718e+01
2.228959999999999866e+02 -1.363160775200398867e+01
2.451850000000000023e+02 -1.372595142925207945e+01
2.697040000000000077e+02 -1.382659951380491137e+01
2.966739999999999782e+02 -1.393560880916501787e+01
3.263419999999999845e+02 -1.405512691907540557e+01
3.589759999999999991e+02 -1.418689501543593323e+01
3.948729999999999905e+02 -1.433213781202167247e+01
