# # theta [arcmin], log_e(xim)
5.000000000000000000e-01 -1.131016341246598778e+01
5.500000000000000444e-01 -1.128387141511630709e+01
6.049999999999999822e-01 -1.125844915183102835e+01
6.660000000000000364e-01 -1.123381451991011382e+01
7.319999999999999840e-01 -1.121061441963947480e+01
8.050000000000000488e-01 -1.118836026516043525e+01
8.860000000000000098e-01 -1.116713746937391605e+01
9.739999999999999769e-01 -1.114752430543842543e+01
1.072000000000000064e+00 -1.112917849758324706e+01
1.179000000000000048e+00 -1.111264912861855159e+01
1.296999999999999931e+00 -1.109785133837474724e+01
1.427000000000000046e+00 -1.108492551774582324e+01
1.568999999999999950e+00 -1.107411649399921849e+01
1.725999999999999979e+00 -1.106547040466998766e+01
1.899000000000000021e+00 -1.105922717317429083e+01
2.088999999999999968e+00 -1.105560188888186701e+01
2.297000000000000153e+00 -1.105469081932449171e+01
2.527000000000000135e+00 -1.105661769732848221e+01
2.779999999999999805e+00 -1.106156071543764696e+01
3.057999999999999829e+00 -1.106968556033746154e+01
3.363999999999999879e+00 -1.108117551660424027e+01
3.700000000000000178e+00 -1.109615912370691682e+01
4.070000000000000284e+00 -1.111473340816198885e+01
4.477000000000000313e+00 -1.113696332066260375e+01
4.924999999999999822e+00 -1.116297236207093668e+01
5.416999999999999815e+00 -1.119279096531663598e+01
5.958999999999999631e+00 -1.122659755898813039e+01
6.554999999999999716e+00 -1.126438164907136752e+01
7.209999999999999964e+00 -1.130603244113511074e+01
7.932000000000000384e+00 -1.135163944519338841e+01
8.724999999999999645e+00 -1.140098613723076504e+01
9.596999999999999531e+00 -1.145404448005253428e+01
1.055700000000000038e+01 -1.151080471535025396e+01
1.161299999999999955e+01 -1.157106339367238235e+01
1.277399999999999913e+01 -1.163450287767905422e+01
1.405100000000000016e+01 -1.170092752531796876e+01
1.545599999999999952e+01 -1.177011480249935182e+01
1.700199999999999889e+01 -1.184176931188315329e+01
1.870200000000000173e+01 -1.191556671392429934e+01
2.057199999999999918e+01 -1.199114063683794029e+01
2.262999999999999901e+01 -1.206806737563581144e+01
2.489300000000000068e+01 -1.214588727311080874e+01
2.738200000000000145e+01 -1.222423743082212866e+01
3.012000000000000099e+01 -1.230271659440915322e+01
3.313199999999999790e+01 -1.238100381860872012e+01
3.644500000000000028e+01 -1.245867590399600822e+01
4.009000000000000341e+01 -1.253539371282276704e+01
4.409899999999999665e+01 -1.261089186227108350e+01
4.850900000000000034e+01 -1.268497785655868348e+01
5.335900000000000176e+01 -1.275749355340605540e+01
5.869500000000000028e+01 -1.282849411017899222e+01
6.456499999999999773e+01 -1.289795822224702349e+01
7.102100000000000080e+01 -1.296594184933432103e+01
7.812399999999999523e+01 -1.303273750452296831e+01
8.593600000000000705e+01 -1.309864196798643299e+01
9.453000000000000114e+01 -1.316398412834557519e+01
1.039830000000000041e+02 -1.322917828350872682e+01
1.143810000000000002e+02 -1.329454175065526300e+01
1.258190000000000026e+02 -1.336050572540734471e+01
1.384010000000000105e+02 -1.342749141626027942e+01
1.522410000000000139e+02 -1.349602535899165545e+01
1.674650000000000034e+02 -1.356667742778113528e+01
1.842110000000000127e+02 -1.364004159330754540e+01
2.026330000000000098e+02 -1.371654162502219521e+01
2.228959999999999866e+02 -1.379649647678299473e+01
2.451850000000000023e+02 -1.387997910821653136e+01
2.697040000000000077e+02 -1.396684764964546410e+01
2.966739999999999782e+02 -1.405693672238177783e+01
3.263419999999999845e+02 -1.415011555895548412e+01
3.589759999999999991e+02 -1.424626947434472335e+01
3.948729999999999905e+02 -1.434553174332811842e+01
