# # theta [arcmin], log_e(xim)
5.000000000000000000e-01 -1.153574352812674597e+01
5.500000000000000444e-01 -1.151255353414507354e+01
6.049999999999999822e-01 -1.149098590685168553e+01
6.660000000000000364e-01 -1.147104578999120506e+01
7.319999999999999840e-01 -1.145329710396271317e+01
8.050000000000000488e-01 -1.143739229460840434e+01
8.860000000000000098e-01 -1.142348246344394980e+01
9.739999999999999769e-01 -1.141201463449409204e+01
1.072000000000000064e+00 -1.140286192588473568e+01
1.179000000000000048e+00 -1.139641078889744996e+01
1.296999999999999931e+00 -1.139266904620483345e+01
1.427000000000000046e+00 -1.139175439740340856e+01
1.568999999999999950e+00 -1.139378335327621450e+01
1.725999999999999979e+00 -1.139891843836014651e+01
1.899000000000000021e+00 -1.140731128148880558e+01
2.088999999999999968e+00 -1.141907362074778121e+01
2.297000000000000153e+00 -1.143416789041893722e+01
2.527000000000000135e+00 -1.145279225799593803e+01
2.779999999999999805e+00 -1.147494012996701507e+01
3.057999999999999829e+00 -1.150064517730843328e+01
3.363999999999999879e+00 -1.153000051748285593e+01
3.700000000000000178e+00 -1.156296459877762395e+01
4.070000000000000284e+00 -1.159954066590250221e+01
4.477000000000000313e+00 -1.163962448010564898e+01
4.924999999999999822e+00 -1.168320003893754944e+01
5.416999999999999815e+00 -1.173010098546093083e+01
5.958999999999999631e+00 -1.178039414482824476e+01
6.554999999999999716e+00 -1.183387839147752985e+01
7.209999999999999964e+00 -1.189026021776602171e+01
7.932000000000000384e+00 -1.194951892191402187e+01
8.724999999999999645e+00 -1.201121927429899472e+01
9.596999999999999531e+00 -1.207518877951333813e+01
1.055700000000000038e+01 -1.214127603270112843e+01
1.161299999999999955e+01 -1.220912489891990660e+01
1.277399999999999913e+01 -1.227827996353342499e+01
1.405100000000000016e+01 -1.234844344802343663e+01
1.545599999999999952e+01 -1.241930126265727452e+01
1.700199999999999889e+01 -1.249048486976721328e+01
1.870200000000000173e+01 -1.256163620728294283e+01
2.057199999999999918e+01 -1.263239843247368910e+01
2.262999999999999901e+01 -1.270241236513633076e+01
2.489300000000000068e+01 -1.277133228004769983e+01
2.738200000000000145e+01 -1.283896270708869025e+01
3.012000000000000099e+01 -1.290513126426227153e+01
3.313199999999999790e+01 -1.296978908227594651e+01
3.644500000000000028e+01 -1.303284585176363564e+01
4.009000000000000341e+01 -1.309432903753617516e+01
4.409899999999999665e+01 -1.315435675081070777e+01
4.850900000000000034e+01 -1.321312541570224575e+01
5.335900000000000176e+01 -1.327087904709831179e+01
5.869500000000000028e+01 -1.332802439271471151e+01
6.456499999999999773e+01 -1.338487815319808050e+01
7.102100000000000080e+01 -1.344177487953912653e+01
7.812399999999999523e+01 -1.349921551878187920e+01
8.593600000000000705e+01 -1.355765799439177322e+01
9.453000000000000114e+01 -1.361754697798041569e+01
1.039830000000000041e+02 -1.367934463875451456e+01
1.143810000000000002e+02 -1.374337409939549204e+01
1.258190000000000026e+02 -1.381001866604734474e+01
1.384010000000000105e+02 -1.387963199276111403e+01
1.522410000000000139e+02 -1.395260864655053901e+01
1.674650000000000034e+02 -1.402935163675506303e+01
1.842110000000000127e+02 -1.411025041139478198e+01
2.026330000000000098e+02 -1.419548951475868215e+01
2.228959999999999866e+02 -1.428519311875800213e+01
2.451850000000000023e+02 -1.437935183572089493e+01
2.697040000000000077e+02 -1.447786940120867705e+01
2.966739999999999782e+02 -1.458065440259670709e+01
3.263419999999999845e+02 -1.468765211652136671e+01
3.589759999999999991e+02 -1.479873280523758439e+01
3.948729999999999905e+02 -1.491391056916483926e+01
