# # theta [arcmin], log_e(xip)
5.000000000000000000e-01 -9.026591500946658186e+00
5.500000000000000444e-01 -9.071628545997688420e+00
6.049999999999999822e-01 -9.118716980029853758e+00
6.660000000000000364e-01 -9.168313983030158099e+00
7.319999999999999840e-01 -9.219244597188705370e+00
8.050000000000000488e-01 -9.272665451251254964e+00
8.860000000000000098e-01 -9.328793331981781733e+00
9.739999999999999769e-01 -9.386469740003722251e+00
1.072000000000000064e+00 -9.447144302871091526e+00
1.179000000000000048e+00 -9.509632109882307560e+00
1.296999999999999931e+00 -9.574537680949736895e+00
1.427000000000000046e+00 -9.641750869572103255e+00
1.568999999999999950e+00 -9.710634810515264448e+00
1.725999999999999979e+00 -9.781950682451643786e+00
1.899000000000000021e+00 -9.855359321681936180e+00
2.088999999999999968e+00 -9.930512046850584085e+00
2.297000000000000153e+00 -1.000702439875704108e+01
2.527000000000000135e+00 -1.008548388222215308e+01
2.779999999999999805e+00 -1.016528097996208935e+01
3.057999999999999829e+00 -1.024612745013551773e+01
3.363999999999999879e+00 -1.032795323367200702e+01
3.700000000000000178e+00 -1.041036265655776916e+01
4.070000000000000284e+00 -1.049334808641869721e+01
4.477000000000000313e+00 -1.057657096342994230e+01
4.924999999999999822e+00 -1.065986424469392091e+01
5.416999999999999815e+00 -1.074284872525118928e+01
5.958999999999999631e+00 -1.082562685399963165e+01
6.554999999999999716e+00 -1.090793704666743480e+01
7.209999999999999964e+00 -1.098960502752263579e+01
7.932000000000000384e+00 -1.107082246349750676e+01
8.724999999999999645e+00 -1.115128268120707133e+01
9.596999999999999531e+00 -1.123113873595699808e+01
1.055700000000000038e+01 -1.131061665740118194e+01
1.161299999999999955e+01 -1.138982592035965702e+01
1.277399999999999913e+01 -1.146887413038606773e+01
1.405100000000000016e+01 -1.154802987772435330e+01
1.545599999999999952e+01 -1.162758822375766954e+01
1.700199999999999889e+01 -1.170784399147820665e+01
1.870200000000000173e+01 -1.178909644499307952e+01
2.057199999999999918e+01 -1.187171664656111503e+01
2.262999999999999901e+01 -1.195604135122479228e+01
2.489300000000000068e+01 -1.204233911396022805e+01
2.738200000000000145e+01 -1.213098799334085420e+01
3.012000000000000099e+01 -1.222233963855404504e+01
3.313199999999999790e+01 -1.231678590604433055e+01
3.644500000000000028e+01 -1.241464487606163480e+01
4.009000000000000341e+01 -1.251624493762112600e+01
4.409899999999999665e+01 -1.262187813154997151e+01
4.850900000000000034e+01 -1.273185828100544548e+01
5.335900000000000176e+01 -1.284644750600051388e+01
5.869500000000000028e+01 -1.296605132074999034e+01
6.456499999999999773e+01 -1.309092818135144753e+01
7.102100000000000080e+01 -1.322127418168390989e+01
7.812399999999999523e+01 -1.335746248744798237e+01
8.593600000000000705e+01 -1.349974917523789841e+01
9.453000000000000114e+01 -1.364841008976145709e+01
1.039830000000000041e+02 -1.380377172841890498e+01
1.143810000000000002e+02 -1.396602303076689999e+01
1.258190000000000026e+02 -1.413536629643597564e+01
1.384010000000000105e+02 -1.431189643843612735e+01
1.522410000000000139e+02 -1.449576895687215305e+01
1.674650000000000034e+02 -1.468719558259594571e+01
1.842110000000000127e+02 -1.488668240303386625e+01
2.026330000000000098e+02 -1.509482455608771367e+01
2.228959999999999866e+02 -1.531282631622885226e+01
2.451850000000000023e+02 -1.554243948619670768e+01
2.697040000000000077e+02 -1.578583082451545572e+01
2.966739999999999782e+02 -1.604573405998375435e+01
3.263419999999999845e+02 -1.632588567323868034e+01
3.589759999999999991e+02 -1.663009880106974947e+01
3.948729999999999905e+02 -1.696388458368302210e+01
