# # theta [arcmin], log_e(xip)
5.000000000000000000e-01 -9.737925827041010507e+00
5.500000000000000444e-01 -9.777579040379952957e+00
6.049999999999999822e-01 -9.819018838709776986e+00
6.660000000000000364e-01 -9.862645654213954671e+00
7.319999999999999840e-01 -9.907424492122689941e+00
8.050000000000000488e-01 -9.954371036170735820e+00
8.860000000000000098e-01 -1.000367347950071384e+01
9.739999999999999769e-01 -1.005431346553109506e+01
1.072000000000000064e+00 -1.010756183363002947e+01
1.179000000000000048e+00 -1.016237823687437647e+01
1.296999999999999931e+00 -1.021929177171337066e+01
1.427000000000000046e+00 -1.027820689322180492e+01
1.568999999999999950e+00 -1.033856707043190859e+01
1.725999999999999979e+00 -1.040103966047855266e+01
1.899000000000000021e+00 -1.046532966689811062e+01
2.088999999999999968e+00 -1.053113167727167543e+01
2.297000000000000153e+00 -1.059811142286592833e+01
2.527000000000000135e+00 -1.066678684767430418e+01
2.779999999999999805e+00 -1.073662442140336815e+01
3.057999999999999829e+00 -1.080737255467613878e+01
3.363999999999999879e+00 -1.087896528385114614e+01
3.700000000000000178e+00 -1.095104709574626156e+01
4.070000000000000284e+00 -1.102360032905024134e+01
4.477000000000000313e+00 -1.109631272326000051e+01
4.924999999999999822e+00 -1.116901311759953508e+01
5.416999999999999815e+00 -1.124133390325260606e+01
5.958999999999999631e+00 -1.131331915394608956e+01
6.554999999999999716e+00 -1.138468089801278005e+01
7.209999999999999964e+00 -1.145520482032275567e+01
7.932000000000000384e+00 -1.152497841076974439e+01
8.724999999999999645e+00 -1.159365429130268232e+01
9.596999999999999531e+00 -1.166127444061115526e+01
1.055700000000000038e+01 -1.172793010228433630e+01
1.161299999999999955e+01 -1.179361457858609441e+01
1.277399999999999913e+01 -1.185832959243074214e+01
1.405100000000000016e+01 -1.192220810057285441e+01
1.545599999999999952e+01 -1.198541105172589560e+01
1.700199999999999889e+01 -1.204810986955461694e+01
1.870200000000000173e+01 -1.211048704911103258e+01
2.057199999999999918e+01 -1.217279223338838534e+01
2.262999999999999901e+01 -1.223525967288856542e+01
2.489300000000000068e+01 -1.229808201899458631e+01
2.738200000000000145e+01 -1.236154236157000064e+01
3.012000000000000099e+01 -1.242591365623990995e+01
3.313199999999999790e+01 -1.249150099286270255e+01
3.644500000000000028e+01 -1.255856520498777940e+01
4.009000000000000341e+01 -1.262737723856802674e+01
4.409899999999999665e+01 -1.269819068578608778e+01
4.850900000000000034e+01 -1.277128018822670263e+01
5.335900000000000176e+01 -1.284688889023872527e+01
5.869500000000000028e+01 -1.292534657656479169e+01
6.456499999999999773e+01 -1.300689412759821550e+01
7.102100000000000080e+01 -1.309173427435268877e+01
7.812399999999999523e+01 -1.318016040688054780e+01
8.593600000000000705e+01 -1.327238019675211689e+01
9.453000000000000114e+01 -1.336861308165177675e+01
1.039830000000000041e+02 -1.346906182392983631e+01
1.143810000000000002e+02 -1.357382478116978142e+01
1.258190000000000026e+02 -1.368293962643487660e+01
1.384010000000000105e+02 -1.379635421789807559e+01
1.522410000000000139e+02 -1.391404387650408481e+01
1.674650000000000034e+02 -1.403610087156576647e+01
1.842110000000000127e+02 -1.416291772359637591e+01
2.026330000000000098e+02 -1.429526363904071928e+01
2.228959999999999866e+02 -1.443445382811557565e+01
2.451850000000000023e+02 -1.458224787554692981e+01
2.697040000000000077e+02 -1.474054666943702685e+01
2.966739999999999782e+02 -1.491104817827330820e+01
3.263419999999999845e+02 -1.509524767978580684e+01
3.589759999999999991e+02 -1.529427641177588271e+01
3.948729999999999905e+02 -1.550912985559495105e+01
