# # theta [arcmin], log_e(xip)
5.000000000000000000e-01 -8.751041332965719732e+00
5.500000000000000444e-01 -8.792034724255950451e+00
6.049999999999999822e-01 -8.834975772806144434e+00
6.660000000000000364e-01 -8.880300205409458414e+00
7.319999999999999840e-01 -8.926954012903721036e+00
8.050000000000000488e-01 -8.976017937857205808e+00
8.860000000000000098e-01 -9.027718860173230553e+00
9.739999999999999769e-01 -9.081016192273260401e+00
1.072000000000000064e+00 -9.137279519289316809e+00
1.179000000000000048e+00 -9.195444862954488485e+00
1.296999999999999931e+00 -9.256106443327078992e+00
1.427000000000000046e+00 -9.319201674912056532e+00
1.568999999999999950e+00 -9.384169491811181985e+00
1.725999999999999979e+00 -9.451765899862161646e+00
1.899000000000000021e+00 -9.521713268975581457e+00
2.088999999999999968e+00 -9.593716351179390145e+00
2.297000000000000153e+00 -9.667440727668070721e+00
2.527000000000000135e+00 -9.743488976462433726e+00
2.779999999999999805e+00 -9.821303692612131542e+00
3.057999999999999829e+00 -9.900626249969384673e+00
3.363999999999999879e+00 -9.981403041012240962e+00
3.700000000000000178e+00 -1.006324465234020238e+01
4.070000000000000284e+00 -1.014614144886514602e+01
4.477000000000000313e+00 -1.022974082112304473e+01
4.924999999999999822e+00 -1.031384480770552692e+01
5.416999999999999815e+00 -1.039802718263649339e+01
5.958999999999999631e+00 -1.048233544754534741e+01
6.554999999999999716e+00 -1.056643458316387552e+01
7.209999999999999964e+00 -1.065007390718483116e+01
7.932000000000000384e+00 -1.073336942222958434e+01
8.724999999999999645e+00 -1.081592272663473153e+01
9.596999999999999531e+00 -1.089780901746286723e+01
1.055700000000000038e+01 -1.097917913898366926e+01
1.161299999999999955e+01 -1.106007435266716321e+01
1.277399999999999913e+01 -1.114054431182656124e+01
1.405100000000000016e+01 -1.122080898903467094e+01
1.545599999999999952e+01 -1.130113006099962014e+01
1.700199999999999889e+01 -1.138177966561191390e+01
1.870200000000000173e+01 -1.146304446740450977e+01
2.057199999999999918e+01 -1.154529319355419403e+01
2.262999999999999901e+01 -1.162886215617005092e+01
2.489300000000000068e+01 -1.171402637518369794e+01
2.738200000000000145e+01 -1.180117369766047553e+01
3.012000000000000099e+01 -1.189066529537630501e+01
3.313199999999999790e+01 -1.198290621447770654e+01
3.644500000000000028e+01 -1.207822557811407904e+01
4.009000000000000341e+01 -1.217695665976397734e+01
4.409899999999999665e+01 -1.227940147514044789e+01
4.850900000000000034e+01 -1.238588208034643579e+01
5.335900000000000176e+01 -1.249666401254498993e+01
5.869500000000000028e+01 -1.261215274270535502e+01
6.456499999999999773e+01 -1.273260531494831582e+01
7.102100000000000080e+01 -1.285821532022607272e+01
7.812399999999999523e+01 -1.298934455362077323e+01
8.593600000000000705e+01 -1.312623837552134276e+01
9.453000000000000114e+01 -1.326915139493906892e+01
1.039830000000000041e+02 -1.341837470869013949e+01
1.143810000000000002e+02 -1.357404783206714960e+01
1.258190000000000026e+02 -1.373630758738664603e+01
1.384010000000000105e+02 -1.390517162409991059e+01
1.522410000000000139e+02 -1.408073588136037735e+01
1.674650000000000034e+02 -1.426321741797140064e+01
1.842110000000000127e+02 -1.445322795123194837e+01
2.026330000000000098e+02 -1.465160474784415179e+01
2.228959999999999866e+02 -1.485976251042974994e+01
2.451850000000000023e+02 -1.507952109386042139e+01
2.697040000000000077e+02 -1.531292867703110261e+01
2.966739999999999782e+02 -1.556240871371630874e+01
3.263419999999999845e+02 -1.583094496966981701e+01
3.589759999999999991e+02 -1.612166782357663664e+01
3.948729999999999905e+02 -1.643919553004031897e+01
