# # theta [arcmin], log_e(xip)
5.000000000000000000e-01 -9.162106553014240262e+00
5.500000000000000444e-01 -9.202392043793688359e+00
6.049999999999999822e-01 -9.244560871061906937e+00
6.660000000000000364e-01 -9.289040672747848504e+00
7.319999999999999840e-01 -9.334795139220847915e+00
8.050000000000000488e-01 -9.382883137381497818e+00
8.860000000000000098e-01 -9.433525549156737355e+00
9.739999999999999769e-01 -9.485703962763016861e+00
1.072000000000000064e+00 -9.540758770111448683e+00
1.179000000000000048e+00 -9.597648765383000935e+00
1.296999999999999931e+00 -9.656958466876501390e+00
1.427000000000000046e+00 -9.718627886135839944e+00
1.568999999999999950e+00 -9.782112752771919162e+00
1.725999999999999979e+00 -9.848155973008990927e+00
1.899000000000000021e+00 -9.916491944289225202e+00
2.088999999999999968e+00 -9.986838292386417848e+00
2.297000000000000153e+00 -1.005887549746027076e+01
2.527000000000000135e+00 -1.013320088769685334e+01
2.779999999999999805e+00 -1.020927820000127006e+01
3.057999999999999829e+00 -1.028686235795636605e+01
3.363999999999999879e+00 -1.036590816565986373e+01
3.700000000000000178e+00 -1.044603950927540659e+01
4.070000000000000284e+00 -1.052724935198443745e+01
4.477000000000000313e+00 -1.060919083201589785e+01
4.924999999999999822e+00 -1.069166347250846094e+01
5.416999999999999815e+00 -1.077423481362195368e+01
5.958999999999999631e+00 -1.085692786384249686e+01
6.554999999999999716e+00 -1.093938197645612043e+01
7.209999999999999964e+00 -1.102131018393555451e+01
7.932000000000000384e+00 -1.110277335802188681e+01
8.724999999999999645e+00 -1.118332032440226875e+01
9.596999999999999531e+00 -1.126295616318869364e+01
1.055700000000000038e+01 -1.134175248997878782e+01
1.161299999999999955e+01 -1.141966921121044187e+01
1.277399999999999913e+01 -1.149667915387682626e+01
1.405100000000000016e+01 -1.157291934199798611e+01
1.545599999999999952e+01 -1.164857143459480504e+01
1.700199999999999889e+01 -1.172383515605632454e+01
1.870200000000000173e+01 -1.179893626810424934e+01
2.057199999999999918e+01 -1.187418432760093623e+01
2.262999999999999901e+01 -1.194986746317488269e+01
2.489300000000000068e+01 -1.202623015909340332e+01
2.738200000000000145e+01 -1.210362851840225140e+01
3.012000000000000099e+01 -1.218240162776086954e+01
3.313199999999999790e+01 -1.226293383295803352e+01
3.644500000000000028e+01 -1.234554530975029252e+01
4.009000000000000341e+01 -1.243056110082243926e+01
4.409899999999999665e+01 -1.251828432385864254e+01
4.850900000000000034e+01 -1.260903598567114692e+01
5.335900000000000176e+01 -1.270308938564107493e+01
5.869500000000000028e+01 -1.280083292969070641e+01
6.456499999999999773e+01 -1.290253130298252060e+01
7.102100000000000080e+01 -1.300839427220992484e+01
7.812399999999999523e+01 -1.311876685265992570e+01
8.593600000000000705e+01 -1.323388785128005729e+01
9.453000000000000114e+01 -1.335400417830582498e+01
1.039830000000000041e+02 -1.347937337746809661e+01
1.143810000000000002e+02 -1.361013675764016639e+01
1.258190000000000026e+02 -1.374641462512166079e+01
1.384010000000000105e+02 -1.388820050522146410e+01
1.522410000000000139e+02 -1.403550968317203740e+01
1.674650000000000034e+02 -1.418839981775326287e+01
1.842110000000000127e+02 -1.434716136165523004e+01
2.026330000000000098e+02 -1.451231100357812309e+01
2.228959999999999866e+02 -1.468491841958869060e+01
2.451850000000000023e+02 -1.486658003150798990e+01
2.697040000000000077e+02 -1.505918376380889434e+01
2.966739999999999782e+02 -1.526466208116506529e+01
3.263419999999999845e+02 -1.548507965147671683e+01
3.589759999999999991e+02 -1.572231730843969899e+01
3.948729999999999905e+02 -1.597830501334270004e+01
