# # theta [arcmin], log_e(xim)
5.000000000000000000e-01 -1.184272968232715684e+01
5.500000000000000444e-01 -1.182062019477295678e+01
6.049999999999999822e-01 -1.179971700073420671e+01
6.660000000000000364e-01 -1.178000209521307440e+01
7.319999999999999840e-01 -1.176201804909022997e+01
8.050000000000000488e-01 -1.174540496091148256e+01
8.860000000000000098e-01 -1.173028800855646558e+01
9.739999999999999769e-01 -1.171713195956484199e+01
1.072000000000000064e+00 -1.170576486081967360e+01
1.179000000000000048e+00 -1.169661119182118902e+01
1.296999999999999931e+00 -1.168965942151843151e+01
1.427000000000000046e+00 -1.168504016936003609e+01
1.568999999999999950e+00 -1.168292015078429280e+01
1.725999999999999979e+00 -1.168343541426059495e+01
1.899000000000000021e+00 -1.168677659731368657e+01
2.088999999999999968e+00 -1.169310447864978109e+01
2.297000000000000153e+00 -1.170244361523483079e+01
2.527000000000000135e+00 -1.171497934993140433e+01
2.779999999999999805e+00 -1.173078562301945738e+01
3.057999999999999829e+00 -1.174995853054308803e+01
3.363999999999999879e+00 -1.177263847711522082e+01
3.700000000000000178e+00 -1.179886079719468839e+01
4.070000000000000284e+00 -1.182867784801710087e+01
4.477000000000000313e+00 -1.186206260396223300e+01
4.924999999999999822e+00 -1.189906688398421863e+01
5.416999999999999815e+00 -1.193961446489266720e+01
5.958999999999999631e+00 -1.198383318278089504e+01
6.554999999999999716e+00 -1.203161593572336585e+01
7.209999999999999964e+00 -1.208276392684082978e+01
7.932000000000000384e+00 -1.213732879171221590e+01
8.724999999999999645e+00 -1.219499245815583954e+01
9.596999999999999531e+00 -1.225567957316008894e+01
1.055700000000000038e+01 -1.231933966873832276e+01
1.161299999999999955e+01 -1.238572600513031219e+01
1.277399999999999913e+01 -1.245448759564918539e+01
1.405100000000000016e+01 -1.252542152717642310e+01
1.545599999999999952e+01 -1.259830223088276924e+01
1.700199999999999889e+01 -1.267283640881422890e+01
1.870200000000000173e+01 -1.274871372252697732e+01
2.057199999999999918e+01 -1.282559545656758715e+01
2.262999999999999901e+01 -1.290309853857933930e+01
2.489300000000000068e+01 -1.298080305308779003e+01
2.738200000000000145e+01 -1.305839470610033715e+01
3.012000000000000099e+01 -1.313552359443444395e+01
3.313199999999999790e+01 -1.321191561601425946e+01
3.644500000000000028e+01 -1.328719497906803149e+01
4.009000000000000341e+01 -1.336106927124240507e+01
4.409899999999999665e+01 -1.343330384143331102e+01
4.850900000000000034e+01 -1.350372702322679430e+01
5.335900000000000176e+01 -1.357220130801735714e+01
5.869500000000000028e+01 -1.363878630354773591e+01
6.456499999999999773e+01 -1.370346573216659358e+01
7.102100000000000080e+01 -1.376629286615019154e+01
7.812399999999999523e+01 -1.382754741109186014e+01
8.593600000000000705e+01 -1.388751592675389546e+01
9.453000000000000114e+01 -1.394651383468282368e+01
1.039830000000000041e+02 -1.400494374254414609e+01
1.143810000000000002e+02 -1.406312624929971911e+01
1.258190000000000026e+02 -1.412148586941209949e+01
1.384010000000000105e+02 -1.418042261971549856e+01
1.522410000000000139e+02 -1.424041035206732175e+01
1.674650000000000034e+02 -1.430196817466409520e+01
1.842110000000000127e+02 -1.436566796771857213e+01
2.026330000000000098e+02 -1.443201989775985261e+01
2.228959999999999866e+02 -1.450160745031681664e+01
2.451850000000000023e+02 -1.457489968299721461e+01
2.697040000000000077e+02 -1.465208779019406471e+01
2.966739999999999782e+02 -1.473309062066831387e+01
3.263419999999999845e+02 -1.481767159083024232e+01
3.589759999999999991e+02 -1.490550578041927032e+01
3.948729999999999905e+02 -1.499640929460961480e+01
