# # theta [arcmin], log_e(xip)
5.000000000000000000e-01 -9.385830714733922164e+00
5.500000000000000444e-01 -9.423465896708830059e+00
6.049999999999999822e-01 -9.462821852426197111e+00
6.660000000000000364e-01 -9.504299034405100599e+00
7.319999999999999840e-01 -9.546935976206865959e+00
8.050000000000000488e-01 -9.591725689377295083e+00
8.860000000000000098e-01 -9.638880727565089401e+00
9.739999999999999769e-01 -9.687462880420349975e+00
1.072000000000000064e+00 -9.738731197941714157e+00
1.179000000000000048e+00 -9.791730637527432890e+00
1.296999999999999931e+00 -9.847022156555370387e+00
1.427000000000000046e+00 -9.904570338537366680e+00
1.568999999999999950e+00 -9.963889574129831672e+00
1.725999999999999979e+00 -1.002570015927300773e+01
1.899000000000000021e+00 -1.008978387826844170e+01
2.088999999999999968e+00 -1.015590853568024876e+01
2.297000000000000153e+00 -1.022380852586685585e+01
2.527000000000000135e+00 -1.029408601883524454e+01
2.779999999999999805e+00 -1.036627726476366895e+01
3.057999999999999829e+00 -1.044019285150594456e+01
3.363999999999999879e+00 -1.051583182214259260e+01
3.700000000000000178e+00 -1.059287341572747110e+01
4.070000000000000284e+00 -1.067135008967037280e+01
4.477000000000000313e+00 -1.075096282866057251e+01
4.924999999999999822e+00 -1.083154220883052687e+01
5.416999999999999815e+00 -1.091267951805666847e+01
5.958999999999999631e+00 -1.099439777838691512e+01
6.554999999999999716e+00 -1.107632092744742458e+01
7.209999999999999964e+00 -1.115813138875473420e+01
7.932000000000000384e+00 -1.123983204125582525e+01
8.724999999999999645e+00 -1.132088957876661617e+01
9.596999999999999531e+00 -1.140120521535981979e+01
1.055700000000000038e+01 -1.148071774702128067e+01
1.161299999999999955e+01 -1.155923718801381561e+01
1.277399999999999913e+01 -1.163657634530331109e+01
1.405100000000000016e+01 -1.171269507764055540e+01
1.545599999999999952e+01 -1.178759154747105242e+01
1.700199999999999889e+01 -1.186128550232782786e+01
1.870200000000000173e+01 -1.193382705487512574e+01
2.057199999999999918e+01 -1.200536105999494296e+01
2.262999999999999901e+01 -1.207602345875315741e+01
2.489300000000000068e+01 -1.214592926890539637e+01
2.738200000000000145e+01 -1.221531906218907970e+01
3.012000000000000099e+01 -1.228443902569276780e+01
3.313199999999999790e+01 -1.235359841859313690e+01
3.644500000000000028e+01 -1.242306440795927891e+01
4.009000000000000341e+01 -1.249311998613350916e+01
4.409899999999999665e+01 -1.256405015172061468e+01
4.850900000000000034e+01 -1.263616902810993103e+01
5.335900000000000176e+01 -1.270975980883984668e+01
5.869500000000000028e+01 -1.278521172877858803e+01
6.456499999999999773e+01 -1.286281499689632923e+01
7.102100000000000080e+01 -1.294282318502075846e+01
7.812399999999999523e+01 -1.302559834731717459e+01
8.593600000000000705e+01 -1.311142343736599436e+01
9.453000000000000114e+01 -1.320057738317290230e+01
1.039830000000000041e+02 -1.329334804031560324e+01
1.143810000000000002e+02 -1.338993306661768656e+01
1.258190000000000026e+02 -1.349052186267723918e+01
1.384010000000000105e+02 -1.359519500166111072e+01
1.522410000000000139e+02 -1.370397723335321416e+01
1.674650000000000034e+02 -1.381683633642027509e+01
1.842110000000000127e+02 -1.393380356113198815e+01
2.026330000000000098e+02 -1.405502577157214539e+01
2.228959999999999866e+02 -1.418105082587479870e+01
2.451850000000000023e+02 -1.431300576124091251e+01
2.697040000000000077e+02 -1.445258690477404073e+01
2.966739999999999782e+02 -1.460175289330874371e+01
3.263419999999999845e+02 -1.476237442133800570e+01
3.589759999999999991e+02 -1.493591610391841407e+01
3.948729999999999905e+02 -1.512364533722574578e+01
