# # theta [arcmin], log_e(xim)
5.000000000000000000e-01 -1.170770303682369295e+01
5.500000000000000444e-01 -1.167862367833337167e+01
6.049999999999999822e-01 -1.165006564716408022e+01
6.660000000000000364e-01 -1.162188556246757543e+01
7.319999999999999840e-01 -1.159478703410318090e+01
8.050000000000000488e-01 -1.156816516777286097e+01
8.860000000000000098e-01 -1.154204906992385204e+01
9.739999999999999769e-01 -1.151708359803556547e+01
1.072000000000000064e+00 -1.149275623821317716e+01
1.179000000000000048e+00 -1.146969070351449282e+01
1.296999999999999931e+00 -1.144770436434304983e+01
1.427000000000000046e+00 -1.142690649692215921e+01
1.568999999999999950e+00 -1.140758034943098309e+01
1.725999999999999979e+00 -1.138963672467063226e+01
1.899000000000000021e+00 -1.137331222930353825e+01
2.088999999999999968e+00 -1.135882935806061589e+01
2.297000000000000153e+00 -1.134630485886070161e+01
2.527000000000000135e+00 -1.133573287218700365e+01
2.779999999999999805e+00 -1.132734671858240105e+01
3.057999999999999829e+00 -1.132132459448398087e+01
3.363999999999999879e+00 -1.131783412337823691e+01
3.700000000000000178e+00 -1.131705362927518088e+01
4.070000000000000284e+00 -1.131906572970973102e+01
4.477000000000000313e+00 -1.132399165074698111e+01
4.924999999999999822e+00 -1.133198903368652211e+01
5.416999999999999815e+00 -1.134318859757357778e+01
5.958999999999999631e+00 -1.135777899539190905e+01
6.554999999999999716e+00 -1.137586368649786728e+01
7.209999999999999964e+00 -1.139744552384564358e+01
7.932000000000000384e+00 -1.142265615082592234e+01
8.724999999999999645e+00 -1.145147577185404231e+01
9.596999999999999531e+00 -1.148398627212267264e+01
1.055700000000000038e+01 -1.152029646416118247e+01
1.161299999999999955e+01 -1.156037845855086843e+01
1.277399999999999913e+01 -1.160410544580099845e+01
1.405100000000000016e+01 -1.165145125170069740e+01
1.545599999999999952e+01 -1.170238511746008747e+01
1.700199999999999889e+01 -1.175683068080984306e+01
1.870200000000000173e+01 -1.181469199267021963e+01
2.057199999999999918e+01 -1.187582243994588183e+01
2.262999999999999901e+01 -1.194001520922506465e+01
2.489300000000000068e+01 -1.200703262434948115e+01
2.738200000000000145e+01 -1.207670259930988088e+01
3.012000000000000099e+01 -1.214879724964400332e+01
3.313199999999999790e+01 -1.222312155578773485e+01
3.644500000000000028e+01 -1.229932234957341031e+01
4.009000000000000341e+01 -1.237704864722932818e+01
4.409899999999999665e+01 -1.245595373011056139e+01
4.850900000000000034e+01 -1.253568399197659033e+01
5.335900000000000176e+01 -1.261580996655789022e+01
5.869500000000000028e+01 -1.269602366775013458e+01
6.456499999999999773e+01 -1.277581458027348305e+01
7.102100000000000080e+01 -1.285467638076575625e+01
7.812399999999999523e+01 -1.293227291022999559e+01
8.593600000000000705e+01 -1.300822698266814292e+01
9.453000000000000114e+01 -1.308217438318649961e+01
1.039830000000000041e+02 -1.315384166067144989e+01
1.143810000000000002e+02 -1.322287179466452400e+01
1.258190000000000026e+02 -1.328915849560220508e+01
1.384010000000000105e+02 -1.335277578294575385e+01
1.522410000000000139e+02 -1.341414316737796675e+01
1.674650000000000034e+02 -1.347392996268152565e+01
1.842110000000000127e+02 -1.353295686319047952e+01
2.026330000000000098e+02 -1.359183514811189397e+01
2.228959999999999866e+02 -1.365082527670187851e+01
2.451850000000000023e+02 -1.370949785502681451e+01
2.697040000000000077e+02 -1.376680801668123344e+01
2.966739999999999782e+02 -1.382154502881463465e+01
3.263419999999999845e+02 -1.387284734065217684e+01
3.589759999999999991e+02 -1.392048603664724027e+01
3.948729999999999905e+02 -1.396512208866730020e+01
