# # theta [arcmin], log_e(xip)
5.000000000000000000e-01 -8.842207521276835180e+00
5.500000000000000444e-01 -8.890083177167261042e+00
6.049999999999999822e-01 -8.940127755782206975e+00
6.660000000000000364e-01 -8.992816581981845303e+00
7.319999999999999840e-01 -9.046887378851693029e+00
8.050000000000000488e-01 -9.103553573942813060e+00
8.860000000000000098e-01 -9.163025581349531379e+00
9.739999999999999769e-01 -9.224053975063943867e+00
1.072000000000000064e+00 -9.288149384538479936e+00
1.179000000000000048e+00 -9.354032351841912174e+00
1.296999999999999931e+00 -9.422311072692368228e+00
1.427000000000000046e+00 -9.492835917740663376e+00
1.568999999999999950e+00 -9.564904830271590441e+00
1.725999999999999979e+00 -9.639278529144728935e+00
1.899000000000000021e+00 -9.715564546525300216e+00
2.088999999999999968e+00 -9.793365789626593099e+00
2.297000000000000153e+00 -9.872253261506291011e+00
2.527000000000000135e+00 -9.952802594429774885e+00
2.779999999999999805e+00 -1.003436213475193739e+01
3.057999999999999829e+00 -1.011662557650072181e+01
3.363999999999999879e+00 -1.019952174033480219e+01
3.700000000000000178e+00 -1.028266697620357206e+01
4.070000000000000284e+00 -1.036608443954483683e+01
4.477000000000000313e+00 -1.044948277298646744e+01
4.924999999999999822e+00 -1.053276643650880651e+01
5.416999999999999815e+00 -1.061565120549301078e+01
5.958999999999999631e+00 -1.069835167242506380e+01
6.554999999999999716e+00 -1.078074172282724597e+01
7.209999999999999964e+00 -1.086278652118417121e+01
7.932000000000000384e+00 -1.094483369983377408e+01
8.724999999999999645e+00 -1.102672742590896782e+01
9.596999999999999531e+00 -1.110877455337346298e+01
1.055700000000000038e+01 -1.119134789086106707e+01
1.161299999999999955e+01 -1.127469154811676688e+01
1.277399999999999913e+01 -1.135902310168525631e+01
1.405100000000000016e+01 -1.144471463252944687e+01
1.545599999999999952e+01 -1.153214630753596914e+01
1.700199999999999889e+01 -1.162167505037606752e+01
1.870200000000000173e+01 -1.171364091698949572e+01
2.057199999999999918e+01 -1.180844913588165745e+01
2.262999999999999901e+01 -1.190646002593048713e+01
2.489300000000000068e+01 -1.200793646833854922e+01
2.738200000000000145e+01 -1.211325921637899050e+01
3.012000000000000099e+01 -1.222277576925418074e+01
3.313199999999999790e+01 -1.233687473751503560e+01
3.644500000000000028e+01 -1.245586232254960279e+01
4.009000000000000341e+01 -1.258005798210632342e+01
4.409899999999999665e+01 -1.270973432506597689e+01
4.850900000000000034e+01 -1.284518970024471152e+01
5.335900000000000176e+01 -1.298667100887104731e+01
5.869500000000000028e+01 -1.313461107518518034e+01
6.456499999999999773e+01 -1.328926188326141400e+01
7.102100000000000080e+01 -1.345079175279660078e+01
7.812399999999999523e+01 -1.361961981374333064e+01
8.593600000000000705e+01 -1.379603347384760426e+01
9.453000000000000114e+01 -1.398035784303817941e+01
1.039830000000000041e+02 -1.417305845424362509e+01
1.143810000000000002e+02 -1.437440905321561324e+01
1.258190000000000026e+02 -1.458478140235860288e+01
1.384010000000000105e+02 -1.480450640030906051e+01
1.522410000000000139e+02 -1.503419572698318341e+01
1.674650000000000034e+02 -1.527476106253963373e+01
1.842110000000000127e+02 -1.552798613041990095e+01
2.026330000000000098e+02 -1.579584260094637216e+01
2.228959999999999866e+02 -1.608161040655976493e+01
2.451850000000000023e+02 -1.638990463672103814e+01
2.697040000000000077e+02 -1.672745404148868786e+01
2.966739999999999782e+02 -1.710509993026213849e+01
3.263419999999999845e+02 -1.754215626347398782e+01
3.589759999999999991e+02 -1.807465570951488942e+01
3.948729999999999905e+02 -1.880010668306966437e+01
