# # theta [arcmin], log_e(xim)
5.000000000000000000e-01 -1.158681035431646222e+01
5.500000000000000444e-01 -1.156569722016359236e+01
6.049999999999999822e-01 -1.154594413064241287e+01
6.660000000000000364e-01 -1.152755495603883595e+01
7.319999999999999840e-01 -1.151104822808248151e+01
8.050000000000000488e-01 -1.149610276344193238e+01
8.860000000000000098e-01 -1.148286193575584235e+01
9.739999999999999769e-01 -1.147175952960440704e+01
1.072000000000000064e+00 -1.146268016954179991e+01
1.179000000000000048e+00 -1.145601219228602830e+01
1.296999999999999931e+00 -1.145177392317698128e+01
1.427000000000000046e+00 -1.145009715541115725e+01
1.568999999999999950e+00 -1.145112412399471857e+01
1.725999999999999979e+00 -1.145502926780378772e+01
1.899000000000000021e+00 -1.146199283561449178e+01
2.088999999999999968e+00 -1.147215979203600433e+01
2.297000000000000153e+00 -1.148553697732358359e+01
2.527000000000000135e+00 -1.150234068195905479e+01
2.779999999999999805e+00 -1.152261334126760595e+01
3.057999999999999829e+00 -1.154643333552780149e+01
3.363999999999999879e+00 -1.157393369160358354e+01
3.700000000000000178e+00 -1.160512123957306052e+01
4.070000000000000284e+00 -1.164004057176670948e+01
4.477000000000000313e+00 -1.167863500847955116e+01
4.924999999999999822e+00 -1.172093388245543188e+01
5.416999999999999815e+00 -1.176681989001095019e+01
5.958999999999999631e+00 -1.181640431884301634e+01
6.554999999999999716e+00 -1.186953498247788730e+01
7.209999999999999964e+00 -1.192596715300883226e+01
7.932000000000000384e+00 -1.198572724539209489e+01
8.724999999999999645e+00 -1.204842875977155003e+01
9.596999999999999531e+00 -1.211394880945889518e+01
1.055700000000000038e+01 -1.218218738314953775e+01
1.161299999999999955e+01 -1.225283453803396583e+01
1.277399999999999913e+01 -1.232547506668375625e+01
1.405100000000000016e+01 -1.239984891779660359e+01
1.545599999999999952e+01 -1.247567252403123739e+01
1.700199999999999889e+01 -1.255259473315652130e+01
1.870200000000000173e+01 -1.263025676625702687e+01
2.057199999999999918e+01 -1.270828645762261466e+01
2.262999999999999901e+01 -1.278628657610021335e+01
2.489300000000000068e+01 -1.286384225759674038e+01
2.738200000000000145e+01 -1.294067285300277526e+01
3.012000000000000099e+01 -1.301649099277378063e+01
3.313199999999999790e+01 -1.309111668007115981e+01
3.644500000000000028e+01 -1.316430474819249952e+01
4.009000000000000341e+01 -1.323592464975760130e+01
4.409899999999999665e+01 -1.330592810661699765e+01
4.850900000000000034e+01 -1.337434631480195613e+01
5.335900000000000176e+01 -1.344126439604101186e+01
5.869500000000000028e+01 -1.350695951519746529e+01
6.456499999999999773e+01 -1.357163618281062867e+01
7.102100000000000080e+01 -1.363554009616275309e+01
7.812399999999999523e+01 -1.369912672295494716e+01
8.593600000000000705e+01 -1.376282228700912214e+01
9.453000000000000114e+01 -1.382705402819031804e+01
1.039830000000000041e+02 -1.389229765422968832e+01
1.143810000000000002e+02 -1.395891002311098816e+01
1.258190000000000026e+02 -1.402732057707368440e+01
1.384010000000000105e+02 -1.409791047227558991e+01
1.522410000000000139e+02 -1.417109780794232599e+01
1.674650000000000034e+02 -1.424729474439137888e+01
1.842110000000000127e+02 -1.432691118034361999e+01
2.026330000000000098e+02 -1.441022788451317815e+01
2.228959999999999866e+02 -1.449757379302925386e+01
2.451850000000000023e+02 -1.458917952760559622e+01
2.697040000000000077e+02 -1.468510307417301419e+01
2.966739999999999782e+02 -1.478529199676948203e+01
3.263419999999999845e+02 -1.488963532824312175e+01
3.589759999999999991e+02 -1.499789833748055656e+01
3.948729999999999905e+02 -1.510997205085332418e+01
