# # theta [arcmin], log_e(xim)
5.000000000000000000e-01 -1.110408871391034147e+01
5.500000000000000444e-01 -1.108091450323458815e+01
6.049999999999999822e-01 -1.105892927387031044e+01
6.660000000000000364e-01 -1.103810843872896363e+01
7.319999999999999840e-01 -1.101902832281705003e+01
8.050000000000000488e-01 -1.100131035293213344e+01
8.860000000000000098e-01 -1.098508462454181966e+01
9.739999999999999769e-01 -1.097084946077939627e+01
1.072000000000000064e+00 -1.095841755721482436e+01
1.179000000000000048e+00 -1.094824765357835439e+01
1.296999999999999931e+00 -1.094033365945065128e+01
1.427000000000000046e+00 -1.093482500469457008e+01
1.568999999999999950e+00 -1.093191448101464935e+01
1.725999999999999979e+00 -1.093175005074837181e+01
1.899000000000000021e+00 -1.093454736659096760e+01
2.088999999999999968e+00 -1.094049386577869321e+01
2.297000000000000153e+00 -1.094963700100209536e+01
2.527000000000000135e+00 -1.096218494597417425e+01
2.779999999999999805e+00 -1.097823664565583535e+01
3.057999999999999829e+00 -1.099790963240383235e+01
3.363999999999999879e+00 -1.102136523283734348e+01
3.700000000000000178e+00 -1.104865322882454137e+01
4.070000000000000284e+00 -1.107984129878607682e+01
4.477000000000000313e+00 -1.111490667869749949e+01
4.924999999999999822e+00 -1.115390297866654024e+01
5.416999999999999815e+00 -1.119674194519615185e+01
5.958999999999999631e+00 -1.124354204634991383e+01
6.554999999999999716e+00 -1.129416590933749021e+01
7.209999999999999964e+00 -1.134837420206176262e+01
7.932000000000000384e+00 -1.140617911003140783e+01
8.724999999999999645e+00 -1.146719234976937862e+01
9.596999999999999531e+00 -1.153126979809441544e+01
1.055700000000000038e+01 -1.159828478916904793e+01
1.161299999999999955e+01 -1.166789893319504401e+01
1.277399999999999913e+01 -1.173966371949524934e+01
1.405100000000000016e+01 -1.181328380961293156e+01
1.545599999999999952e+01 -1.188844310851175834e+01
1.700199999999999889e+01 -1.196476419942871949e+01
1.870200000000000173e+01 -1.204187093270680009e+01
2.057199999999999918e+01 -1.211938388724302840e+01
2.262999999999999901e+01 -1.219691252780327417e+01
2.489300000000000068e+01 -1.227406929912128319e+01
2.738200000000000145e+01 -1.235061599061443438e+01
3.012000000000000099e+01 -1.242632637640056892e+01
3.313199999999999790e+01 -1.250109949158283129e+01
3.644500000000000028e+01 -1.257478228825126187e+01
4.009000000000000341e+01 -1.264734515477465315e+01
4.409899999999999665e+01 -1.271884482928203397e+01
4.850900000000000034e+01 -1.278941448332825814e+01
5.335900000000000176e+01 -1.285923209947457657e+01
5.869500000000000028e+01 -1.292865728769373668e+01
6.456499999999999773e+01 -1.299795522526653002e+01
7.102100000000000080e+01 -1.306740939153129055e+01
7.812399999999999523e+01 -1.313749935048918793e+01
8.593600000000000705e+01 -1.320865137972887382e+01
9.453000000000000114e+01 -1.328127822119324897e+01
1.039830000000000041e+02 -1.335582245124606970e+01
1.143810000000000002e+02 -1.343258967189103714e+01
1.258190000000000026e+02 -1.351195341391674098e+01
1.384010000000000105e+02 -1.359422954008910622e+01
1.522410000000000139e+02 -1.367976973293411369e+01
1.674650000000000034e+02 -1.376890945470798044e+01
1.842110000000000127e+02 -1.386197301335102772e+01
2.026330000000000098e+02 -1.395912264765355637e+01
2.228959999999999866e+02 -1.406053577628074969e+01
2.451850000000000023e+02 -1.416628125205497568e+01
2.697040000000000077e+02 -1.427632026117072783e+01
2.966739999999999782e+02 -1.439060167347708585e+01
3.263419999999999845e+02 -1.450905101584760892e+01
3.589759999999999991e+02 -1.463147869321056760e+01
3.948729999999999905e+02 -1.475788708495705137e+01
