# # theta [arcmin], log_e(xip)
5.000000000000000000e-01 -9.321584048425622271e+00
5.500000000000000444e-01 -9.365893150951885460e+00
6.049999999999999822e-01 -9.412153419674265109e+00
6.660000000000000364e-01 -9.460793328573254612e+00
7.319999999999999840e-01 -9.510639978440517339e+00
8.050000000000000488e-01 -9.562802772576270982e+00
8.860000000000000098e-01 -9.617464605672342515e+00
9.739999999999999769e-01 -9.673470080838807661e+00
1.072000000000000064e+00 -9.732197115437246637e+00
1.179000000000000048e+00 -9.792466527830869794e+00
1.296999999999999931e+00 -9.854830921091316753e+00
1.427000000000000046e+00 -9.919150579811615742e+00
1.568999999999999950e+00 -9.984785898193194953e+00
1.725999999999999979e+00 -1.005243104665085951e+01
1.899000000000000021e+00 -1.012173187469643132e+01
2.088999999999999968e+00 -1.019233136621466862e+01
2.297000000000000153e+00 -1.026384756371674811e+01
2.527000000000000135e+00 -1.033680845582589747e+01
2.779999999999999805e+00 -1.041062963554272791e+01
3.057999999999999829e+00 -1.048503611492110288e+01
3.363999999999999879e+00 -1.055996226396047710e+01
3.700000000000000178e+00 -1.063505170533563593e+01
4.070000000000000284e+00 -1.071031151098026868e+01
4.477000000000000313e+00 -1.078545705414531497e+01
4.924999999999999822e+00 -1.086036853495191501e+01
5.416999999999999815e+00 -1.093474591204983604e+01
5.958999999999999631e+00 -1.100872755606449616e+01
6.554999999999999716e+00 -1.108213444891057975e+01
7.209999999999999964e+00 -1.115487067345917538e+01
7.932000000000000384e+00 -1.122717074867664344e+01
8.724999999999999645e+00 -1.129882508010726561e+01
9.596999999999999531e+00 -1.137003711057046118e+01
1.055700000000000038e+01 -1.144106444389283617e+01
1.161299999999999955e+01 -1.151206183800337612e+01
1.277399999999999913e+01 -1.158317884484990401e+01
1.405100000000000016e+01 -1.165469953531782110e+01
1.545599999999999952e+01 -1.172692631345520020e+01
1.700199999999999889e+01 -1.180015510645100463e+01
1.870200000000000173e+01 -1.187467397197689145e+01
2.057199999999999918e+01 -1.195083231148979230e+01
2.262999999999999901e+01 -1.202895142038547327e+01
2.489300000000000068e+01 -1.210927865802227288e+01
2.738200000000000145e+01 -1.219215731440288231e+01
3.012000000000000099e+01 -1.227790683545632433e+01
3.313199999999999790e+01 -1.236687399209485250e+01
3.644500000000000028e+01 -1.245934324300592699e+01
4.009000000000000341e+01 -1.255560912901258952e+01
4.409899999999999665e+01 -1.265592641365472559e+01
4.850900000000000034e+01 -1.276057433279932596e+01
5.335900000000000176e+01 -1.286978646860964304e+01
5.869500000000000028e+01 -1.298391664736795725e+01
6.456499999999999773e+01 -1.310318643600482957e+01
7.102100000000000080e+01 -1.322776167155353200e+01
7.812399999999999523e+01 -1.335795090988488454e+01
8.593600000000000705e+01 -1.349394385898004067e+01
9.453000000000000114e+01 -1.363595783084381274e+01
1.039830000000000041e+02 -1.378421539998356415e+01
1.143810000000000002e+02 -1.393879463413724729e+01
1.258190000000000026e+02 -1.409974405027659827e+01
1.384010000000000105e+02 -1.426704075663000992e+01
1.522410000000000139e+02 -1.444078303862483992e+01
1.674650000000000034e+02 -1.462132085337238863e+01
1.842110000000000127e+02 -1.480954609803973554e+01
2.026330000000000098e+02 -1.500665993501139539e+01
2.228959999999999866e+02 -1.521435251190400173e+01
2.451850000000000023e+02 -1.543455597502316934e+01
2.697040000000000077e+02 -1.566936034762037977e+01
2.966739999999999782e+02 -1.592118191312260223e+01
3.263419999999999845e+02 -1.619302783960823433e+01
3.589759999999999991e+02 -1.648818082573568944e+01
3.948729999999999905e+02 -1.681143785053323825e+01
