# # theta [arcmin], log_e(xim)
5.000000000000000000e-01 -1.177319407685233621e+01
5.500000000000000444e-01 -1.175020115622571204e+01
6.049999999999999822e-01 -1.172874874993166117e+01
6.660000000000000364e-01 -1.170883962404209733e+01
7.319999999999999840e-01 -1.169103351108101307e+01
8.050000000000000488e-01 -1.167498297152817877e+01
8.860000000000000098e-01 -1.166083342120790789e+01
9.739999999999999769e-01 -1.164903686867718591e+01
1.072000000000000064e+00 -1.163945968074849269e+01
1.179000000000000048e+00 -1.163249568418819280e+01
1.296999999999999931e+00 -1.162814890419024039e+01
1.427000000000000046e+00 -1.162654028721049926e+01
1.568999999999999950e+00 -1.162779493667919084e+01
1.725999999999999979e+00 -1.163207055279867141e+01
1.899000000000000021e+00 -1.163952403098449118e+01
2.088999999999999968e+00 -1.165027407677163573e+01
2.297000000000000153e+00 -1.166429350327129377e+01
2.527000000000000135e+00 -1.168177450505700854e+01
2.779999999999999805e+00 -1.170272152640598406e+01
3.057999999999999829e+00 -1.172717667064287816e+01
3.363999999999999879e+00 -1.175523705497456639e+01
3.700000000000000178e+00 -1.178687177311047662e+01
4.070000000000000284e+00 -1.182208888498091248e+01
4.477000000000000313e+00 -1.186079486319962939e+01
4.924999999999999822e+00 -1.190298332662558067e+01
5.416999999999999815e+00 -1.194850324267614639e+01
5.958999999999999631e+00 -1.199743134535687616e+01
6.554999999999999716e+00 -1.204958492727727482e+01
7.209999999999999964e+00 -1.210469111554684929e+01
7.932000000000000384e+00 -1.216274518431452911e+01
8.724999999999999645e+00 -1.222334109058035345e+01
9.596999999999999531e+00 -1.228633065971382621e+01
1.055700000000000038e+01 -1.235158894249238415e+01
1.161299999999999955e+01 -1.241878899951209014e+01
1.277399999999999913e+01 -1.248750363013994935e+01
1.405100000000000016e+01 -1.255745874296387399e+01
1.545599999999999952e+01 -1.262836158395877106e+01
1.700199999999999889e+01 -1.269985729499289207e+01
1.870200000000000173e+01 -1.277159313193652679e+01
2.057199999999999918e+01 -1.284320326391472378e+01
2.262999999999999901e+01 -1.291430544398816060e+01
2.489300000000000068e+01 -1.298451239017624026e+01
2.738200000000000145e+01 -1.305357172616081307e+01
3.012000000000000099e+01 -1.312123551368180507e+01
3.313199999999999790e+01 -1.318736387190182846e+01
3.644500000000000028e+01 -1.325176103996155064e+01
4.009000000000000341e+01 -1.331434201405372875e+01
4.409899999999999665e+01 -1.337510890064188018e+01
4.850900000000000034e+01 -1.343414348924016721e+01
5.335900000000000176e+01 -1.349157949123738121e+01
5.869500000000000028e+01 -1.354772792249457858e+01
6.456499999999999773e+01 -1.360282146455392294e+01
7.102100000000000080e+01 -1.365713254021967415e+01
7.812399999999999523e+01 -1.371111720986224114e+01
8.593600000000000705e+01 -1.376520630251452815e+01
9.453000000000000114e+01 -1.381983268491269712e+01
1.039830000000000041e+02 -1.387546589130421815e+01
1.143810000000000002e+02 -1.393245265980463365e+01
1.258190000000000026e+02 -1.399120794310797677e+01
1.384010000000000105e+02 -1.405213088950160838e+01
1.522410000000000139e+02 -1.411568405778867152e+01
1.674650000000000034e+02 -1.418235806744847416e+01
1.842110000000000127e+02 -1.425265706342597305e+01
2.026330000000000098e+02 -1.432691701704911047e+01
2.228959999999999866e+02 -1.440540355963699426e+01
2.451850000000000023e+02 -1.448818709910371183e+01
2.697040000000000077e+02 -1.457516641247227440e+01
2.966739999999999782e+02 -1.466621651933565218e+01
3.263419999999999845e+02 -1.476121104818756713e+01
3.589759999999999991e+02 -1.485995601979659142e+01
3.948729999999999905e+02 -1.496249042510373073e+01
