# # theta [arcmin], log_e(xim)
5.000000000000000000e-01 -1.158885609716003984e+01
5.500000000000000444e-01 -1.156450227322824809e+01
6.049999999999999822e-01 -1.154144830101011010e+01
6.660000000000000364e-01 -1.151966885057369439e+01
7.319999999999999840e-01 -1.149976346536770144e+01
8.050000000000000488e-01 -1.148133377898143870e+01
8.860000000000000098e-01 -1.146450870384036769e+01
9.739999999999999769e-01 -1.144979574823172186e+01
1.072000000000000064e+00 -1.143698809575561093e+01
1.179000000000000048e+00 -1.142654503698706669e+01
1.296999999999999931e+00 -1.141844471996095045e+01
1.427000000000000046e+00 -1.141282314944818310e+01
1.568999999999999950e+00 -1.140985637261870167e+01
1.725999999999999979e+00 -1.140966876077262881e+01
1.899000000000000021e+00 -1.141245589048940445e+01
2.088999999999999968e+00 -1.141837739367865545e+01
2.297000000000000153e+00 -1.142745444038112979e+01
2.527000000000000135e+00 -1.143986461228336360e+01
2.779999999999999805e+00 -1.145567783288812258e+01
3.057999999999999829e+00 -1.147498152808745076e+01
3.363999999999999879e+00 -1.149790878186013465e+01
3.700000000000000178e+00 -1.152448188389262818e+01
4.070000000000000284e+00 -1.155474399753628845e+01
4.477000000000000313e+00 -1.158865393403550215e+01
4.924999999999999822e+00 -1.162624882229142464e+01
5.416999999999999815e+00 -1.166743444231170912e+01
5.958999999999999631e+00 -1.171232172842150376e+01
6.554999999999999716e+00 -1.176078021342250146e+01
7.209999999999999964e+00 -1.181258511642149500e+01
7.932000000000000384e+00 -1.186776095887782390e+01
8.724999999999999645e+00 -1.192595400384540305e+01
9.596999999999999531e+00 -1.198705085702157014e+01
1.055700000000000038e+01 -1.205095871549167974e+01
1.161299999999999955e+01 -1.211738214572329397e+01
1.277399999999999913e+01 -1.218591870740185179e+01
1.405100000000000016e+01 -1.225631112800640921e+01
1.545599999999999952e+01 -1.232827779433234738e+01
1.700199999999999889e+01 -1.240147093127070121e+01
1.870200000000000173e+01 -1.247553085261467665e+01
2.057199999999999918e+01 -1.255007649366593370e+01
2.262999999999999901e+01 -1.262469624814970892e+01
2.489300000000000068e+01 -1.269896143379505737e+01
2.738200000000000145e+01 -1.277256708725279033e+01
3.012000000000000099e+01 -1.284519917432523783e+01
3.313199999999999790e+01 -1.291664639046088681e+01
3.644500000000000028e+01 -1.298662866387500969e+01
4.009000000000000341e+01 -1.305497532628633905e+01
4.409899999999999665e+01 -1.312160066834084837e+01
4.850900000000000034e+01 -1.318650091228097132e+01
5.335900000000000176e+01 -1.324972526916916848e+01
5.869500000000000028e+01 -1.331151681846428403e+01
6.456499999999999773e+01 -1.337204599495571600e+01
7.102100000000000080e+01 -1.343153537984719748e+01
7.812399999999999523e+01 -1.349041204330831611e+01
8.593600000000000705e+01 -1.354908685188282469e+01
9.453000000000000114e+01 -1.360797944904548373e+01
1.039830000000000041e+02 -1.366755876588889862e+01
1.143810000000000002e+02 -1.372817756603160788e+01
1.258190000000000026e+02 -1.379026785280013101e+01
1.384010000000000105e+02 -1.385423756101244841e+01
1.522410000000000139e+02 -1.392056589797070387e+01
1.674650000000000034e+02 -1.398975918869143520e+01
1.842110000000000127e+02 -1.406233876440370167e+01
2.026330000000000098e+02 -1.413865982085784090e+01
2.228959999999999866e+02 -1.421900999926190501e+01
2.451850000000000023e+02 -1.430348168019566657e+01
2.697040000000000077e+02 -1.439197771095766321e+01
2.966739999999999782e+02 -1.448437398999517178e+01
3.263419999999999845e+02 -1.458055382025062841e+01
3.589759999999999991e+02 -1.468032260013765189e+01
3.948729999999999905e+02 -1.478372004294240405e+01
