# # theta [arcmin], log_e(xip)
5.000000000000000000e-01 -9.351860849668607756e+00
5.500000000000000444e-01 -9.399524985761310347e+00
6.049999999999999822e-01 -9.449285742005045563e+00
6.660000000000000364e-01 -9.501610875151122571e+00
7.319999999999999840e-01 -9.555246272172061239e+00
8.050000000000000488e-01 -9.611393178619008992e+00
8.860000000000000098e-01 -9.670258075601740444e+00
9.739999999999999769e-01 -9.730605407136918572e+00
1.072000000000000064e+00 -9.793930434943190377e+00
1.179000000000000048e+00 -9.858971844183782807e+00
1.296999999999999931e+00 -9.926335592397268925e+00
1.427000000000000046e+00 -9.995879634133460812e+00
1.568999999999999950e+00 -1.006692054672259751e+01
1.725999999999999979e+00 -1.014021748211925456e+01
1.899000000000000021e+00 -1.021539401387877355e+01
2.088999999999999968e+00 -1.029207017516808698e+01
2.297000000000000153e+00 -1.036983324021511876e+01
2.527000000000000135e+00 -1.044926044696515532e+01
2.779999999999999805e+00 -1.052971542328630505e+01
3.057999999999999829e+00 -1.061089797117717204e+01
3.363999999999999879e+00 -1.069273250296804889e+01
3.700000000000000178e+00 -1.077482642951515857e+01
4.070000000000000284e+00 -1.085718009277428564e+01
4.477000000000000313e+00 -1.093946989022854410e+01
4.924999999999999822e+00 -1.102155303355991833e+01
5.416999999999999815e+00 -1.110308726611045138e+01
5.958999999999999631e+00 -1.118420894056887072e+01
6.554999999999999716e+00 -1.126470537477477762e+01
7.209999999999999964e+00 -1.134444762509692417e+01
7.932000000000000384e+00 -1.142367268513510048e+01
8.724999999999999645e+00 -1.150212796831089257e+01
9.596999999999999531e+00 -1.158001101369707975e+01
1.055700000000000038e+01 -1.165758483016723801e+01
1.161299999999999955e+01 -1.173499871426204955e+01
1.277399999999999913e+01 -1.181239055194778764e+01
1.405100000000000016e+01 -1.189005343909982670e+01
1.545599999999999952e+01 -1.196830140245857521e+01
1.700199999999999889e+01 -1.204744013839769678e+01
1.870200000000000173e+01 -1.212777509051933578e+01
2.057199999999999918e+01 -1.220967773606706253e+01
2.262999999999999901e+01 -1.229348606696520463e+01
2.489300000000000068e+01 -1.237946435238056964e+01
2.738200000000000145e+01 -1.246798561184799503e+01
3.012000000000000099e+01 -1.255939464544484885e+01
3.313199999999999790e+01 -1.265407246401941599e+01
3.644500000000000028e+01 -1.275232926583866266e+01
4.009000000000000341e+01 -1.285448702475351013e+01
4.409899999999999665e+01 -1.296082760604817175e+01
4.850900000000000034e+01 -1.307165315296903074e+01
5.335900000000000176e+01 -1.318721874873362054e+01
5.869500000000000028e+01 -1.330791675089655079e+01
6.456499999999999773e+01 -1.343399667067862246e+01
7.102100000000000080e+01 -1.356564172961519432e+01
7.812399999999999523e+01 -1.370321454854065735e+01
8.593600000000000705e+01 -1.384695261942577282e+01
9.453000000000000114e+01 -1.399712104762639342e+01
1.039830000000000041e+02 -1.415403073017478874e+01
1.143810000000000002e+02 -1.431786268343191360e+01
1.258190000000000026e+02 -1.448881981773321570e+01
1.384010000000000105e+02 -1.466701264373471503e+01
1.522410000000000139e+02 -1.485261221743643389e+01
1.674650000000000034e+02 -1.504583384004657276e+01
1.842110000000000127e+02 -1.524714167314446911e+01
2.026330000000000098e+02 -1.545700018235888784e+01
2.228959999999999866e+02 -1.567647092031428002e+01
2.451850000000000023e+02 -1.590727653445317635e+01
2.697040000000000077e+02 -1.615171417372494389e+01
2.966739999999999782e+02 -1.641273184737743307e+01
3.263419999999999845e+02 -1.669434676688218033e+01
3.589759999999999991e+02 -1.700092211008262311e+01
3.948729999999999905e+02 -1.733851191092036714e+01
