# # theta [arcmin], log_e(xip)
5.000000000000000000e-01 -9.009637949744604413e+00
5.500000000000000444e-01 -9.050057390347795661e+00
6.049999999999999822e-01 -9.092361799882738183e+00
6.660000000000000364e-01 -9.136969099690611884e+00
7.319999999999999840e-01 -9.182832214559585537e+00
8.050000000000000488e-01 -9.230997978663101122e+00
8.860000000000000098e-01 -9.281674625216517427e+00
9.739999999999999769e-01 -9.333827407050788949e+00
1.072000000000000064e+00 -9.388778638511203312e+00
1.179000000000000048e+00 -9.445469463778405128e+00
1.296999999999999931e+00 -9.504462470283852937e+00
1.427000000000000046e+00 -9.565675214252390646e+00
1.568999999999999950e+00 -9.628545034708070105e+00
1.725999999999999979e+00 -9.693784319000956273e+00
1.899000000000000021e+00 -9.761104006091589014e+00
2.088999999999999968e+00 -9.830202147169153193e+00
2.297000000000000153e+00 -9.900743121933288649e+00
2.527000000000000135e+00 -9.973288750631024158e+00
2.779999999999999805e+00 -1.004729395271559511e+01
3.057999999999999829e+00 -1.012250487843916957e+01
3.363999999999999879e+00 -1.019886529416871213e+01
3.700000000000000178e+00 -1.027600620492758310e+01
4.070000000000000284e+00 -1.035392011070451979e+01
4.477000000000000313e+00 -1.043228028918602668e+01
4.924999999999999822e+00 -1.051091035059534562e+01
5.416999999999999815e+00 -1.058942200745303808e+01
5.958999999999999631e+00 -1.066787126255935014e+01
6.554999999999999716e+00 -1.074595688903004742e+01
7.209999999999999964e+00 -1.082345905012485687e+01
7.932000000000000384e+00 -1.090049225899971930e+01
8.724999999999999645e+00 -1.097669528698251185e+01
9.596999999999999531e+00 -1.105214107763831777e+01
1.055700000000000038e+01 -1.112696466865873646e+01
1.161299999999999955e+01 -1.120119757442039798e+01
1.277399999999999913e+01 -1.127488069040434482e+01
1.405100000000000016e+01 -1.134820456159735436e+01
1.545599999999999952e+01 -1.142139605965870430e+01
1.700199999999999889e+01 -1.149469171477720764e+01
1.870200000000000173e+01 -1.156834251351423859e+01
2.057199999999999918e+01 -1.164267237066489358e+01
2.262999999999999901e+01 -1.171798330321881032e+01
2.489300000000000068e+01 -1.179452275398834793e+01
2.738200000000000145e+01 -1.187264160007503122e+01
3.012000000000000099e+01 -1.195267305936941860e+01
3.313199999999999790e+01 -1.203498697556248409e+01
3.644500000000000028e+01 -1.211989238048508177e+01
4.009000000000000341e+01 -1.220770617901980515e+01
4.409899999999999665e+01 -1.229871833823510130e+01
4.850900000000000034e+01 -1.239324040622379819e+01
5.335900000000000176e+01 -1.249153877499814236e+01
5.869500000000000028e+01 -1.259399532572832925e+01
6.456499999999999773e+01 -1.270086909238663608e+01
7.102100000000000080e+01 -1.281236639490660423e+01
7.812399999999999523e+01 -1.292882331733020251e+01
8.593600000000000705e+01 -1.305046885311993243e+01
9.453000000000000114e+01 -1.317753787814898381e+01
1.039830000000000041e+02 -1.331025924182289266e+01
1.143810000000000002e+02 -1.344871420869753464e+01
1.258190000000000026e+02 -1.359294557398787262e+01
1.384010000000000105e+02 -1.374290249582768020e+01
1.522410000000000139e+02 -1.389862470267507177e+01
1.674650000000000034e+02 -1.406034580724564087e+01
1.842110000000000127e+02 -1.422873680595375667e+01
2.026330000000000098e+02 -1.440478126351017529e+01
2.228959999999999866e+02 -1.458988731691690788e+01
2.451850000000000023e+02 -1.478564836867516163e+01
2.697040000000000077e+02 -1.499367689871751175e+01
2.966739999999999782e+02 -1.521565194821425138e+01
3.263419999999999845e+02 -1.545342305062109389e+01
3.589759999999999991e+02 -1.570872551075583345e+01
3.948729999999999905e+02 -1.598385238677449038e+01
