# # theta [arcmin], log_e(xip)
5.000000000000000000e-01 -8.756908931017930442e+00
5.500000000000000444e-01 -8.796800618406111383e+00
6.049999999999999822e-01 -8.838592005036007393e+00
6.660000000000000364e-01 -8.882714290320478767e+00
7.319999999999999840e-01 -8.928147085387404758e+00
8.050000000000000488e-01 -8.975952278157167896e+00
8.860000000000000098e-01 -9.026359359507411639e+00
9.739999999999999769e-01 -9.078366942345990509e+00
1.072000000000000064e+00 -9.133322850953591754e+00
1.179000000000000048e+00 -9.190202506760867252e+00
1.296999999999999931e+00 -9.249604102054679089e+00
1.427000000000000046e+00 -9.311483238876487434e+00
1.568999999999999950e+00 -9.375308769561222277e+00
1.725999999999999979e+00 -9.441843769634871819e+00
1.899000000000000021e+00 -9.510838486846312279e+00
2.088999999999999968e+00 -9.582024100629057628e+00
2.297000000000000153e+00 -9.655091935398596448e+00
2.527000000000000135e+00 -9.730663285900442716e+00
2.779999999999999805e+00 -9.808208645948077731e+00
3.057999999999999829e+00 -9.887490785799251114e+00
3.363999999999999879e+00 -9.968473960626754504e+00
3.700000000000000178e+00 -1.005078086461145226e+01
4.070000000000000284e+00 -1.013441078726416045e+01
4.477000000000000313e+00 -1.021901260143414270e+01
4.924999999999999822e+00 -1.030438132513794258e+01
5.416999999999999815e+00 -1.039007009563039041e+01
5.958999999999999631e+00 -1.047610312267888055e+01
6.554999999999999716e+00 -1.056210500543091513e+01
7.209999999999999964e+00 -1.064777688101209030e+01
7.932000000000000384e+00 -1.073318507817518963e+01
8.724999999999999645e+00 -1.081786062429634399e+01
9.596999999999999531e+00 -1.090181406025866728e+01
1.055700000000000038e+01 -1.098513063602464257e+01
1.161299999999999955e+01 -1.106778013391496529e+01
1.277399999999999913e+01 -1.114974731280338816e+01
1.405100000000000016e+01 -1.123119230224585863e+01
1.545599999999999952e+01 -1.131232368097332674e+01
1.700199999999999889e+01 -1.139336977916467220e+01
1.870200000000000173e+01 -1.147458590915283949e+01
2.057199999999999918e+01 -1.155631575473906558e+01
2.262999999999999901e+01 -1.163887629139875912e+01
2.489300000000000068e+01 -1.172253427552658955e+01
2.738200000000000145e+01 -1.180767485216284385e+01
3.012000000000000099e+01 -1.189466110709166635e+01
3.313199999999999790e+01 -1.198390589112677240e+01
3.644500000000000028e+01 -1.207574726166397383e+01
4.009000000000000341e+01 -1.217052617414368498e+01
4.409899999999999665e+01 -1.226855887406163248e+01
4.850900000000000034e+01 -1.237017942322722952e+01
5.335900000000000176e+01 -1.247566571496428445e+01
5.869500000000000028e+01 -1.258543209109297401e+01
6.456499999999999773e+01 -1.269974784880360730e+01
7.102100000000000080e+01 -1.281881952082376230e+01
7.812399999999999523e+01 -1.294301623981256277e+01
8.593600000000000705e+01 -1.307259321739724278e+01
9.453000000000000114e+01 -1.320781016082724690e+01
1.039830000000000041e+02 -1.334896038504021654e+01
1.143810000000000002e+02 -1.349619319987888844e+01
1.258190000000000026e+02 -1.364965465236950415e+01
1.384010000000000105e+02 -1.380936050834809770e+01
1.522410000000000139e+02 -1.397537372301077419e+01
1.674650000000000034e+02 -1.414782019025650506e+01
1.842110000000000127e+02 -1.432712365837529234e+01
2.026330000000000098e+02 -1.451390246810527529e+01
2.228959999999999866e+02 -1.470935290095235182e+01
2.451850000000000023e+02 -1.491514556943510605e+01
2.697040000000000077e+02 -1.513319195975469889e+01
2.966739999999999782e+02 -1.536563058434228779e+01
3.263419999999999845e+02 -1.561514152631425212e+01
3.589759999999999991e+02 -1.588419892284118440e+01
3.948729999999999905e+02 -1.617576395947835266e+01
