# # theta [arcmin], log_e(xim)
5.000000000000000000e-01 -1.091007012715785685e+01
5.500000000000000444e-01 -1.088615850042722499e+01
6.049999999999999822e-01 -1.086334101047303058e+01
6.660000000000000364e-01 -1.084158227309477596e+01
7.319999999999999840e-01 -1.082147622509605434e+01
8.050000000000000488e-01 -1.080262032764490776e+01
8.860000000000000098e-01 -1.078513775584529277e+01
9.739999999999999769e-01 -1.076954963155245792e+01
1.072000000000000064e+00 -1.075563656073641461e+01
1.179000000000000048e+00 -1.074388494269200223e+01
1.296999999999999931e+00 -1.073427604559704385e+01
1.427000000000000046e+00 -1.072696531094096173e+01
1.568999999999999950e+00 -1.072216711754466445e+01
1.725999999999999979e+00 -1.072001213809626741e+01
1.899000000000000021e+00 -1.072073417531368378e+01
2.088999999999999968e+00 -1.072453583417228096e+01
2.297000000000000153e+00 -1.073148539557450398e+01
2.527000000000000135e+00 -1.074178305600798211e+01
2.779999999999999805e+00 -1.075555450029721349e+01
3.057999999999999829e+00 -1.077293668412564109e+01
3.363999999999999879e+00 -1.079410274042114892e+01
3.700000000000000178e+00 -1.081912399850199868e+01
4.070000000000000284e+00 -1.084807745532058121e+01
4.477000000000000313e+00 -1.088095924845636020e+01
4.924999999999999822e+00 -1.091783332790856065e+01
5.416999999999999815e+00 -1.095862721870419421e+01
5.958999999999999631e+00 -1.100346256929653777e+01
6.554999999999999716e+00 -1.105221046679925401e+01
7.209999999999999964e+00 -1.110463701291783423e+01
7.932000000000000384e+00 -1.116074721602739750e+01
8.724999999999999645e+00 -1.122015585600707510e+01
9.596999999999999531e+00 -1.128271176615567661e+01
1.055700000000000038e+01 -1.134827835166295529e+01
1.161299999999999955e+01 -1.141650862501292707e+01
1.277399999999999913e+01 -1.148694685036673313e+01
1.405100000000000016e+01 -1.155928641706592153e+01
1.545599999999999952e+01 -1.163320414966970695e+01
1.700199999999999889e+01 -1.170832046806930826e+01
1.870200000000000173e+01 -1.178426172771430736e+01
2.057199999999999918e+01 -1.186065595860724997e+01
2.262999999999999901e+01 -1.193712593910055020e+01
2.489300000000000068e+01 -1.201330665554927357e+01
2.738200000000000145e+01 -1.208898674170261600e+01
3.012000000000000099e+01 -1.216397281179431822e+01
3.313199999999999790e+01 -1.223820128698174869e+01
3.644500000000000028e+01 -1.231155761337629606e+01
4.009000000000000341e+01 -1.238404901633295907e+01
4.409899999999999665e+01 -1.245576707243646908e+01
4.850900000000000034e+01 -1.252687643587602118e+01
5.335900000000000176e+01 -1.259757745366675508e+01
5.869500000000000028e+01 -1.266824493988500677e+01
6.456499999999999773e+01 -1.273914933156441975e+01
7.102100000000000080e+01 -1.281057069095880152e+01
7.812399999999999523e+01 -1.288297843443355895e+01
8.593600000000000705e+01 -1.295678326311735695e+01
9.453000000000000114e+01 -1.303237643181316940e+01
1.039830000000000041e+02 -1.311017644070889432e+01
1.143810000000000002e+02 -1.319046075710661547e+01
1.258190000000000026e+02 -1.327357471466790884e+01
1.384010000000000105e+02 -1.335980554342022053e+01
1.522410000000000139e+02 -1.344947466474436659e+01
1.674650000000000034e+02 -1.354288907904413541e+01
1.842110000000000127e+02 -1.364034286245856187e+01
2.026330000000000098e+02 -1.374195438087859600e+01
2.228959999999999866e+02 -1.384785649265351459e+01
2.451850000000000023e+02 -1.395808038877106760e+01
2.697040000000000077e+02 -1.407257600598870972e+01
2.966739999999999782e+02 -1.419129434706453452e+01
3.263419999999999845e+02 -1.431416126439917846e+01
3.589759999999999991e+02 -1.444101666029821907e+01
3.948729999999999905e+02 -1.457187127118018033e+01
