# # theta [arcmin], log_e(xip)
5.000000000000000000e-01 -8.994156180930486855e+00
5.500000000000000444e-01 -9.031371094463649385e+00
6.049999999999999822e-01 -9.070361931299341762e+00
6.660000000000000364e-01 -9.111529961496389163e+00
7.319999999999999840e-01 -9.153926957801804321e+00
8.050000000000000488e-01 -9.198542244400874424e+00
8.860000000000000098e-01 -9.245594872957918042e+00
9.739999999999999769e-01 -9.294151747164564270e+00
1.072000000000000064e+00 -9.345475220878469713e+00
1.179000000000000048e+00 -9.398611955121142003e+00
1.296999999999999931e+00 -9.454125885229364812e+00
1.427000000000000046e+00 -9.511982906453319231e+00
1.568999999999999950e+00 -9.571693814470362938e+00
1.725999999999999979e+00 -9.633981314326179657e+00
1.899000000000000021e+00 -9.698622357210082257e+00
2.088999999999999968e+00 -9.765376189008373231e+00
2.297000000000000153e+00 -9.833966154077499411e+00
2.527000000000000135e+00 -9.904990681668907726e+00
2.779999999999999805e+00 -9.977967809363805785e+00
3.057999999999999829e+00 -1.005269035996419724e+01
3.363999999999999879e+00 -1.012913899598455636e+01
3.700000000000000178e+00 -1.020697006373556093e+01
4.070000000000000284e+00 -1.028619528527175220e+01
4.477000000000000313e+00 -1.036649046409043606e+01
4.924999999999999822e+00 -1.044766418989653189e+01
5.416999999999999815e+00 -1.052928529130022106e+01
5.958999999999999631e+00 -1.061136265850068661e+01
6.554999999999999716e+00 -1.069351045772644326e+01
7.209999999999999964e+00 -1.077540930787481344e+01
7.932000000000000384e+00 -1.085707369215405116e+01
8.724999999999999645e+00 -1.093799385109472588e+01
9.596999999999999531e+00 -1.101810971808001227e+01
1.055700000000000038e+01 -1.109741630102828225e+01
1.161299999999999955e+01 -1.117579415986808300e+01
1.277399999999999913e+01 -1.125314222077946269e+01
1.405100000000000016e+01 -1.132951866393355722e+01
1.545599999999999952e+01 -1.140503116206421552e+01
1.700199999999999889e+01 -1.147981569333631668e+01
1.870200000000000173e+01 -1.155404229461675492e+01
2.057199999999999918e+01 -1.162797274621759769e+01
2.262999999999999901e+01 -1.170185770425611516e+01
2.489300000000000068e+01 -1.177591440450657068e+01
2.738200000000000145e+01 -1.185047868564423368e+01
3.012000000000000099e+01 -1.192587843729269537e+01
3.313199999999999790e+01 -1.200249282205089330e+01
3.644500000000000028e+01 -1.208064300867705754e+01
4.009000000000000341e+01 -1.216065673919969292e+01
4.409899999999999665e+01 -1.224284659445386936e+01
4.850900000000000034e+01 -1.232754628308747691e+01
5.335900000000000176e+01 -1.241504237177000824e+01
5.869500000000000028e+01 -1.250573310662144699e+01
6.456499999999999773e+01 -1.259989509320677392e+01
7.102100000000000080e+01 -1.269775533667485767e+01
7.812399999999999523e+01 -1.279965724602392996e+01
8.593600000000000705e+01 -1.290584613164175209e+01
9.453000000000000114e+01 -1.301656385812269612e+01
1.039830000000000041e+02 -1.313205064786091647e+01
1.143810000000000002e+02 -1.325241113066697274e+01
1.258190000000000026e+02 -1.337770927830439582e+01
1.384010000000000105e+02 -1.350790233643367877e+01
1.522410000000000139e+02 -1.364299610061492807e+01
1.674650000000000034e+02 -1.378311500640437082e+01
1.842110000000000127e+02 -1.392872192215366844e+01
2.026330000000000098e+02 -1.408062832985630308e+01
2.228959999999999866e+02 -1.424018295062028550e+01
2.451850000000000023e+02 -1.440910728865780044e+01
2.697040000000000077e+02 -1.458920510685085858e+01
2.966739999999999782e+02 -1.478225519976559887e+01
3.263419999999999845e+02 -1.498994041777957698e+01
3.589759999999999991e+02 -1.521339785828004842e+01
3.948729999999999905e+02 -1.545409822631077645e+01
