# # theta [arcmin], log_e(xim)
5.000000000000000000e-01 -1.234690675246839753e+01
5.500000000000000444e-01 -1.232584157677252179e+01
6.049999999999999822e-01 -1.230591397550790944e+01
6.660000000000000364e-01 -1.228710636075619078e+01
7.319999999999999840e-01 -1.226993448899906092e+01
8.050000000000000488e-01 -1.225405185860934587e+01
8.860000000000000098e-01 -1.223957793090213286e+01
9.739999999999999769e-01 -1.222695926012836054e+01
1.072000000000000064e+00 -1.221603106641606651e+01
1.179000000000000048e+00 -1.220720328446154745e+01
1.296999999999999931e+00 -1.220046320788438976e+01
1.427000000000000046e+00 -1.219593579741896505e+01
1.568999999999999950e+00 -1.219378346775462951e+01
1.725999999999999979e+00 -1.219413854108337247e+01
1.899000000000000021e+00 -1.219718684148070054e+01
2.088999999999999968e+00 -1.220308750549745191e+01
2.297000000000000153e+00 -1.221186579345493683e+01
2.527000000000000135e+00 -1.222369969311704629e+01
2.779999999999999805e+00 -1.223866567438503417e+01
3.057999999999999829e+00 -1.225686101478229872e+01
3.363999999999999879e+00 -1.227842594264233256e+01
3.700000000000000178e+00 -1.230340017882439696e+01
4.070000000000000284e+00 -1.233183656891660895e+01
4.477000000000000313e+00 -1.236371431176590185e+01
4.924999999999999822e+00 -1.239908935208604746e+01
5.416999999999999815e+00 -1.243789651200899371e+01
5.958999999999999631e+00 -1.248026662598924297e+01
6.554999999999999716e+00 -1.252610574819961364e+01
7.209999999999999964e+00 -1.257523002911975318e+01
7.932000000000000384e+00 -1.262769945316360065e+01
8.724999999999999645e+00 -1.268322238752646491e+01
9.596999999999999531e+00 -1.274174268507472441e+01
1.055700000000000038e+01 -1.280323423806165195e+01
1.161299999999999955e+01 -1.286748165283092682e+01
1.277399999999999913e+01 -1.293417158421200419e+01
1.405100000000000016e+01 -1.300313960233380861e+01
1.545599999999999952e+01 -1.307420198229731056e+01
1.700199999999999889e+01 -1.314711519174708876e+01
1.870200000000000173e+01 -1.322161867897798970e+01
2.057199999999999918e+01 -1.329742237057335430e+01
2.262999999999999901e+01 -1.337418807870951554e+01
2.489300000000000068e+01 -1.345153502827202630e+01
2.738200000000000145e+01 -1.352917814589445200e+01
3.012000000000000099e+01 -1.360677916466627835e+01
3.313199999999999790e+01 -1.368405957789802585e+01
3.644500000000000028e+01 -1.376061336542598568e+01
4.009000000000000341e+01 -1.383608547740127293e+01
4.409899999999999665e+01 -1.391015425991431265e+01
4.850900000000000034e+01 -1.398252853418844843e+01
5.335900000000000176e+01 -1.405292089764493646e+01
5.869500000000000028e+01 -1.412121621714376474e+01
6.456499999999999773e+01 -1.418719849213134765e+01
7.102100000000000080e+01 -1.425070874549937017e+01
7.812399999999999523e+01 -1.431181512446138981e+01
8.593600000000000705e+01 -1.437059010023716255e+01
9.453000000000000114e+01 -1.442714743137873512e+01
1.039830000000000041e+02 -1.448171049878518168e+01
1.143810000000000002e+02 -1.453445155721953164e+01
1.258190000000000026e+02 -1.458568825407363967e+01
1.384010000000000105e+02 -1.463573957432600459e+01
1.522410000000000139e+02 -1.468500740261887394e+01
1.674650000000000034e+02 -1.473396462816829100e+01
1.842110000000000127e+02 -1.478321327548003339e+01
2.026330000000000098e+02 -1.483340442884081867e+01
2.228959999999999866e+02 -1.488538525527862433e+01
2.451850000000000023e+02 -1.494003621654386116e+01
2.697040000000000077e+02 -1.499803503108434022e+01
2.966739999999999782e+02 -1.505955737273142780e+01
3.263419999999999845e+02 -1.512417077120188580e+01
3.589759999999999991e+02 -1.519106163537449561e+01
3.948729999999999905e+02 -1.525959040007786705e+01
