# # theta [arcmin], log_e(xip)
5.000000000000000000e-01 -9.016220358183240080e+00
5.500000000000000444e-01 -9.063379189042436224e+00
6.049999999999999822e-01 -9.112655740687037209e+00
6.660000000000000364e-01 -9.164517462899979705e+00
7.319999999999999840e-01 -9.217723460018987680e+00
8.050000000000000488e-01 -9.273465918499383065e+00
8.860000000000000098e-01 -9.331953244604687114e+00
9.739999999999999769e-01 -9.391959255702690967e+00
1.072000000000000064e+00 -9.454971128691854076e+00
1.179000000000000048e+00 -9.519734725953654220e+00
1.296999999999999931e+00 -9.586852638098669388e+00
1.427000000000000046e+00 -9.656183354490542214e+00
1.568999999999999950e+00 -9.727043400564154396e+00
1.725999999999999979e+00 -9.800188279780597256e+00
1.899000000000000021e+00 -9.875240095168452470e+00
2.088999999999999968e+00 -9.951816193223908869e+00
2.297000000000000153e+00 -1.002950167080027200e+01
2.527000000000000135e+00 -1.010887026546955347e+01
2.779999999999999805e+00 -1.018928526817057190e+01
3.057999999999999829e+00 -1.027044575988677977e+01
3.363999999999999879e+00 -1.035227809866592352e+01
3.700000000000000178e+00 -1.043439480251487694e+01
4.070000000000000284e+00 -1.051680374014020813e+01
4.477000000000000313e+00 -1.059919440626609877e+01
4.924999999999999822e+00 -1.068144214061169706e+01
5.416999999999999815e+00 -1.076322688810153672e+01
5.958999999999999631e+00 -1.084471411407552921e+01
6.554999999999999716e+00 -1.092572508300948186e+01
7.209999999999999964e+00 -1.100616991271961709e+01
7.932000000000000384e+00 -1.108632854795979128e+01
8.724999999999999645e+00 -1.116599029905246709e+01
9.596999999999999531e+00 -1.124539916216204638e+01
1.055700000000000038e+01 -1.132486540492650384e+01
1.161299999999999955e+01 -1.140458060689544872e+01
1.277399999999999913e+01 -1.148472097745726117e+01
1.405100000000000016e+01 -1.156561531303242418e+01
1.545599999999999952e+01 -1.164761032257978357e+01
1.700199999999999889e+01 -1.173103856524626565e+01
1.870200000000000173e+01 -1.181622390733362771e+01
2.057199999999999918e+01 -1.190355600145369053e+01
2.262999999999999901e+01 -1.199338630070888634e+01
2.489300000000000068e+01 -1.208598222948008605e+01
2.738200000000000145e+01 -1.218172253060982335e+01
3.012000000000000099e+01 -1.228095504054881282e+01
3.313199999999999790e+01 -1.238406574363210311e+01
3.644500000000000028e+01 -1.249136397807939147e+01
4.009000000000000341e+01 -1.260317234147184706e+01
4.409899999999999665e+01 -1.271976838413813660e+01
4.850900000000000034e+01 -1.284145406339050055e+01
5.335900000000000176e+01 -1.296848073349548791e+01
5.869500000000000028e+01 -1.310125816746484517e+01
6.456499999999999773e+01 -1.324003491927637555e+01
7.102100000000000080e+01 -1.338498867593824748e+01
7.812399999999999523e+01 -1.353650325274295341e+01
8.593600000000000705e+01 -1.369483482131565388e+01
9.453000000000000114e+01 -1.386027081811559292e+01
1.039830000000000041e+02 -1.403317962166832622e+01
1.143810000000000002e+02 -1.421377103188991065e+01
1.258190000000000026e+02 -1.440229594431311178e+01
1.384010000000000105e+02 -1.459891992093355562e+01
1.522410000000000139e+02 -1.480394787906952558e+01
1.674650000000000034e+02 -1.501782873194631840e+01
1.842110000000000127e+02 -1.524150212974435448e+01
2.026330000000000098e+02 -1.547601073884289491e+01
2.228959999999999866e+02 -1.572319346796754758e+01
2.451850000000000023e+02 -1.598557814714539482e+01
2.697040000000000077e+02 -1.626644625048521675e+01
2.966739999999999782e+02 -1.657044782777139957e+01
3.263419999999999845e+02 -1.690455115637192662e+01
3.589759999999999991e+02 -1.727760892462765341e+01
3.948729999999999905e+02 -1.770565661839330218e+01
