# # theta [arcmin], log_e(xip)
5.000000000000000000e-01 -9.030433394600951402e+00
5.500000000000000444e-01 -9.071647696715578135e+00
6.049999999999999822e-01 -9.114796583096946847e+00
6.660000000000000364e-01 -9.160310024770788928e+00
7.319999999999999840e-01 -9.207122554707705575e+00
8.050000000000000488e-01 -9.256309758282851519e+00
8.860000000000000098e-01 -9.308088932215239808e+00
9.739999999999999769e-01 -9.361408408035741147e+00
1.072000000000000064e+00 -9.417626568356498140e+00
1.179000000000000048e+00 -9.475666608755831888e+00
1.296999999999999931e+00 -9.536110540567454663e+00
1.427000000000000046e+00 -9.598880518711730758e+00
1.568999999999999950e+00 -9.663404920946232934e+00
1.725999999999999979e+00 -9.730420183958862879e+00
1.899000000000000021e+00 -9.799635053363809689e+00
2.088999999999999968e+00 -9.870742956542306601e+00
2.297000000000000153e+00 -9.943400168999307454e+00
2.527000000000000135e+00 -1.001818709704138399e+01
2.779999999999999805e+00 -1.009454104193194368e+01
3.057999999999999829e+00 -1.017219766940134917e+01
3.363999999999999879e+00 -1.025109544102598669e+01
3.700000000000000178e+00 -1.033084679762279023e+01
4.070000000000000284e+00 -1.041143665080469560e+01
4.477000000000000313e+00 -1.049251871149984261e+01
4.924999999999999822e+00 -1.057390072023736316e+01
5.416999999999999815e+00 -1.065517230930808878e+01
5.958999999999999631e+00 -1.073638335555994239e+01
6.554999999999999716e+00 -1.081721706712925091e+01
7.209999999999999964e+00 -1.089743987087099697e+01
7.932000000000000384e+00 -1.097717213429948124e+01
8.724999999999999645e+00 -1.105604127038666995e+01
9.596999999999999531e+00 -1.113413155890354567e+01
1.055700000000000038e+01 -1.121159495759408564e+01
1.161299999999999955e+01 -1.128847956208410430e+01
1.277399999999999913e+01 -1.136484431035875176e+01
1.405100000000000016e+01 -1.144090624416814528e+01
1.545599999999999952e+01 -1.151692204065013669e+01
1.700199999999999889e+01 -1.159315704047817164e+01
1.870200000000000173e+01 -1.166989031753636219e+01
2.057199999999999918e+01 -1.174747620659218050e+01
2.262999999999999901e+01 -1.182624047197653816e+01
2.489300000000000068e+01 -1.190645053982821899e+01
2.738200000000000145e+01 -1.198847854396787405e+01
3.012000000000000099e+01 -1.207267246151312357e+01
3.313199999999999790e+01 -1.215941828437459016e+01
3.644500000000000028e+01 -1.224903254874949532e+01
4.009000000000000341e+01 -1.234183624195460105e+01
4.409899999999999665e+01 -1.243811895908919674e+01
4.850900000000000034e+01 -1.253818878373968104e+01
5.335900000000000176e+01 -1.264230267795276674e+01
5.869500000000000028e+01 -1.275083982177186748e+01
6.456499999999999773e+01 -1.286404536490760186e+01
7.102100000000000080e+01 -1.298210460194942861e+01
7.812399999999999523e+01 -1.310534845568057172e+01
8.593600000000000705e+01 -1.323399462417560635e+01
9.453000000000000114e+01 -1.336827030972348851e+01
1.039830000000000041e+02 -1.350842078913243860e+01
1.143810000000000002e+02 -1.365454969161675258e+01
1.258190000000000026e+02 -1.380673715704527638e+01
1.384010000000000105e+02 -1.396496252737457944e+01
1.522410000000000139e+02 -1.412928188118497275e+01
1.674650000000000034e+02 -1.429989436817697701e+01
1.842110000000000127e+02 -1.447740852117949295e+01
2.026330000000000098e+02 -1.466273218792375665e+01
2.228959999999999866e+02 -1.485733305072367827e+01
2.451850000000000023e+02 -1.506305183325977204e+01
2.697040000000000077e+02 -1.528185426011303605e+01
2.966739999999999782e+02 -1.551592460575645127e+01
3.263419999999999845e+02 -1.576779236297523568e+01
3.589759999999999991e+02 -1.603981418566969097e+01
3.948729999999999905e+02 -1.633541966865447037e+01
