# # theta [arcmin], log_e(xip)
5.000000000000000000e-01 -9.749602850935085385e+00
5.500000000000000444e-01 -9.791957269099075489e+00
6.049999999999999822e-01 -9.836171205631465853e+00
6.660000000000000364e-01 -9.882669166787476200e+00
7.319999999999999840e-01 -9.930347061150854415e+00
8.050000000000000488e-01 -9.980285446981401520e+00
8.860000000000000098e-01 -1.003268276001472614e+01
9.739999999999999769e-01 -1.008645651885441019e+01
1.072000000000000064e+00 -1.014295715145911103e+01
1.179000000000000048e+00 -1.020108098060062218e+01
1.296999999999999931e+00 -1.026139239534764869e+01
1.427000000000000046e+00 -1.032379141238111053e+01
1.568999999999999950e+00 -1.038769234262465702e+01
1.725999999999999979e+00 -1.045380688671576053e+01
1.899000000000000021e+00 -1.052182786237172252e+01
2.088999999999999968e+00 -1.059143984989772846e+01
2.297000000000000153e+00 -1.066229772621535865e+01
2.527000000000000135e+00 -1.073495609360773173e+01
2.779999999999999805e+00 -1.080886158895466309e+01
3.057999999999999829e+00 -1.088375696228933975e+01
3.363999999999999879e+00 -1.095958532780247729e+01
3.700000000000000178e+00 -1.103598035861838156e+01
4.070000000000000284e+00 -1.111293665779653317e+01
4.477000000000000313e+00 -1.119013207290717560e+01
4.924999999999999822e+00 -1.126739361248971782e+01
5.416999999999999815e+00 -1.134434116706536777e+01
5.958999999999999631e+00 -1.142102563927295300e+01
6.554999999999999716e+00 -1.149714562412271235e+01
7.209999999999999964e+00 -1.157247050099916663e+01
7.932000000000000384e+00 -1.164708974353910342e+01
8.724999999999999645e+00 -1.172062107748419280e+01
9.596999999999999531e+00 -1.179309542413167833e+01
1.055700000000000038e+01 -1.186459481496669532e+01
1.161299999999999955e+01 -1.193509191732803032e+01
1.277399999999999913e+01 -1.200456221183779171e+01
1.405100000000000016e+01 -1.207312219662077801e+01
1.545599999999999952e+01 -1.214091806419665964e+01
1.700199999999999889e+01 -1.220810530999355947e+01
1.870200000000000173e+01 -1.227485546765046642e+01
2.057199999999999918e+01 -1.234141138470768695e+01
2.262999999999999901e+01 -1.240799986341942329e+01
2.489300000000000068e+01 -1.247480761994528287e+01
2.738200000000000145e+01 -1.254212261132026462e+01
3.012000000000000099e+01 -1.261022261880737894e+01
3.313199999999999790e+01 -1.267942491521928439e+01
3.644500000000000028e+01 -1.275000048535328467e+01
4.009000000000000341e+01 -1.282223100756200829e+01
4.409899999999999665e+01 -1.289638385127091169e+01
4.850900000000000034e+01 -1.297274710534014375e+01
5.335900000000000176e+01 -1.305157877868636795e+01
5.869500000000000028e+01 -1.313323273543363179e+01
6.456499999999999773e+01 -1.321797050129218398e+01
7.102100000000000080e+01 -1.330601642023252218e+01
7.812399999999999523e+01 -1.339770260381333067e+01
8.593600000000000705e+01 -1.349327851910308951e+01
9.453000000000000114e+01 -1.359300721153748803e+01
1.039830000000000041e+02 -1.369714991137942839e+01
1.143810000000000002e+02 -1.380588899402031089e+01
1.258190000000000026e+02 -1.391938972691366772e+01
1.384010000000000105e+02 -1.403771517521506418e+01
1.522410000000000139e+02 -1.416086920200595856e+01
1.674650000000000034e+02 -1.428879684925430382e+01
1.842110000000000127e+02 -1.442149887241164485e+01
2.026330000000000098e+02 -1.455906910613406779e+01
2.228959999999999866e+02 -1.470200028392085478e+01
2.451850000000000023e+02 -1.485138807627560453e+01
2.697040000000000077e+02 -1.500887648133666730e+01
2.966739999999999782e+02 -1.517634733086958576e+01
3.263419999999999845e+02 -1.535564071515918272e+01
3.589759999999999991e+02 -1.554825234286746038e+01
3.948729999999999905e+02 -1.575552899727743927e+01
