# # theta [arcmin], log_e(xim)
5.000000000000000000e-01 -1.153342842143964653e+01
5.500000000000000444e-01 -1.150838080758754067e+01
6.049999999999999822e-01 -1.148404456235363469e+01
6.660000000000000364e-01 -1.146032827102929197e+01
7.319999999999999840e-01 -1.143784211151268870e+01
8.050000000000000488e-01 -1.141609825462065686e+01
8.860000000000000098e-01 -1.139516287396727989e+01
9.739999999999999769e-01 -1.137559255726912966e+01
1.072000000000000064e+00 -1.135702574417869748e+01
1.179000000000000048e+00 -1.133999705261995672e+01
1.296999999999999931e+00 -1.132440068799163413e+01
1.427000000000000046e+00 -1.131035938506638061e+01
1.568999999999999950e+00 -1.129811493705623171e+01
1.725999999999999979e+00 -1.128767932564421983e+01
1.899000000000000021e+00 -1.127928203086388592e+01
2.088999999999999968e+00 -1.127313563494029935e+01
2.297000000000000153e+00 -1.126933557201975056e+01
2.527000000000000135e+00 -1.126797189076253147e+01
2.779999999999999805e+00 -1.126923603322912726e+01
3.057999999999999829e+00 -1.127329536671715182e+01
3.363999999999999879e+00 -1.128033388715438257e+01
3.700000000000000178e+00 -1.129049817010643864e+01
4.070000000000000284e+00 -1.130388732892879666e+01
4.477000000000000313e+00 -1.132059252308134312e+01
4.924999999999999822e+00 -1.134075862658182210e+01
5.416999999999999815e+00 -1.136446063327047362e+01
5.958999999999999631e+00 -1.139189260460812214e+01
6.554999999999999716e+00 -1.142310030039647728e+01
7.209999999999999964e+00 -1.145802921901484694e+01
7.932000000000000384e+00 -1.149680411507260125e+01
8.724999999999999645e+00 -1.153929788013928892e+01
9.596999999999999531e+00 -1.158554938502805953e+01
1.055700000000000038e+01 -1.163561979129482005e+01
1.161299999999999955e+01 -1.168940110249610775e+01
1.277399999999999913e+01 -1.174667948372982806e+01
1.405100000000000016e+01 -1.180736028599472043e+01
1.545599999999999952e+01 -1.187133376745012114e+01
1.700199999999999889e+01 -1.193842941627135090e+01
1.870200000000000173e+01 -1.200845073835804655e+01
2.057199999999999918e+01 -1.208115582702919255e+01
2.262999999999999901e+01 -1.215623978706019237e+01
2.489300000000000068e+01 -1.223335299342133276e+01
2.738200000000000145e+01 -1.231222213901583373e+01
3.012000000000000099e+01 -1.239251210927693592e+01
3.313199999999999790e+01 -1.247393196016944117e+01
3.644500000000000028e+01 -1.255604070243067660e+01
4.009000000000000341e+01 -1.263842725762843600e+01
4.409899999999999665e+01 -1.272070048857923830e+01
4.850900000000000034e+01 -1.280248847481036023e+01
5.335900000000000176e+01 -1.288338466663942405e+01
5.869500000000000028e+01 -1.296315692811642606e+01
6.456499999999999773e+01 -1.304143429344757266e+01
7.102100000000000080e+01 -1.311790084931060818e+01
7.812399999999999523e+01 -1.319247204973700605e+01
8.593600000000000705e+01 -1.326506295540898073e+01
9.453000000000000114e+01 -1.333563828436993859e+01
1.039830000000000041e+02 -1.340429866099124467e+01
1.143810000000000002e+02 -1.347108857589988951e+01
1.258190000000000026e+02 -1.353622564316386701e+01
1.384010000000000105e+02 -1.359995331001945118e+01
1.522410000000000139e+02 -1.366270020454470746e+01
1.674650000000000034e+02 -1.372504299380961257e+01
1.842110000000000127e+02 -1.378770669278260819e+01
2.026330000000000098e+02 -1.385140968968202735e+01
2.228959999999999866e+02 -1.391691147873043910e+01
2.451850000000000023e+02 -1.398472597662794925e+01
2.697040000000000077e+02 -1.405495982789297749e+01
2.966739999999999782e+02 -1.412735035941549633e+01
3.263419999999999845e+02 -1.420147764398724455e+01
3.589759999999999991e+02 -1.427695238427213553e+01
3.948729999999999905e+02 -1.435364091961801769e+01
