# # theta [arcmin], log_e(xip)
5.000000000000000000e-01 -8.798841503665510544e+00
5.500000000000000444e-01 -8.845192524676654955e+00
6.049999999999999822e-01 -8.893677334101312226e+00
6.660000000000000364e-01 -8.944766647953727556e+00
7.319999999999999840e-01 -8.997247156515474131e+00
8.050000000000000488e-01 -9.052306384813574525e+00
8.860000000000000098e-01 -9.110162060774996462e+00
9.739999999999999769e-01 -9.169614062033550894e+00
1.072000000000000064e+00 -9.232148040023803404e+00
1.179000000000000048e+00 -9.296532230317517076e+00
1.296999999999999931e+00 -9.363377571952282707e+00
1.427000000000000046e+00 -9.432556103848000362e+00
1.568999999999999950e+00 -9.503396458609945086e+00
1.725999999999999979e+00 -9.576663423870595437e+00
1.899000000000000021e+00 -9.651988719036687314e+00
2.088999999999999968e+00 -9.728995063066527393e+00
2.297000000000000153e+00 -9.807269239754861090e+00
2.527000000000000135e+00 -9.887393164818535141e+00
2.779999999999999805e+00 -9.968725838451971910e+00
3.057999999999999829e+00 -1.005096210073967811e+01
3.363999999999999879e+00 -1.013402436679005092e+01
3.700000000000000178e+00 -1.021751469546842550e+01
4.070000000000000284e+00 -1.030143727205642001e+01
4.477000000000000313e+00 -1.038547243115462493e+01
4.924999999999999822e+00 -1.046948908601443051e+01
5.416999999999999815e+00 -1.055315847225933545e+01
5.958999999999999631e+00 -1.063665080246126671e+01
6.554999999999999716e+00 -1.071978680627384506e+01
7.209999999999999964e+00 -1.080248026160722929e+01
7.932000000000000384e+00 -1.088502852542703891e+01
8.724999999999999645e+00 -1.096722780060531122e+01
9.596999999999999531e+00 -1.104934114547667789e+01
1.055700000000000038e+01 -1.113170455333930420e+01
1.161299999999999955e+01 -1.121453048121654561e+01
1.277399999999999913e+01 -1.129801249213138092e+01
1.405100000000000016e+01 -1.138250352669203025e+01
1.545599999999999952e+01 -1.146836996864949043e+01
1.700199999999999889e+01 -1.155596366345733017e+01
1.870200000000000173e+01 -1.164562291970334940e+01
2.057199999999999918e+01 -1.173775380975223293e+01
2.262999999999999901e+01 -1.183271745365609995e+01
2.489300000000000068e+01 -1.193078441036330339e+01
2.738200000000000145e+01 -1.203234053934044745e+01
3.012000000000000099e+01 -1.213773815072559437e+01
3.313199999999999790e+01 -1.224736996133102629e+01
3.644500000000000028e+01 -1.236154656712245092e+01
4.009000000000000341e+01 -1.248058975761108869e+01
4.409899999999999665e+01 -1.260477686007279807e+01
4.850900000000000034e+01 -1.273440936415945757e+01
5.335900000000000176e+01 -1.286973442460059580e+01
5.869500000000000028e+01 -1.301117537458113738e+01
6.456499999999999773e+01 -1.315897964507205664e+01
7.102100000000000080e+01 -1.331331627729837130e+01
7.812399999999999523e+01 -1.347458397099368099e+01
8.593600000000000705e+01 -1.364305501057864056e+01
9.453000000000000114e+01 -1.381902562859285410e+01
1.039830000000000041e+02 -1.400290877924060240e+01
1.143810000000000002e+02 -1.419493313576282389e+01
1.258190000000000026e+02 -1.439539977000330317e+01
1.384010000000000105e+02 -1.460454042217760318e+01
1.522410000000000139e+02 -1.482280535427963564e+01
1.674650000000000034e+02 -1.505087496308137851e+01
1.842110000000000127e+02 -1.529012435120501401e+01
2.026330000000000098e+02 -1.554207515899762093e+01
2.228959999999999866e+02 -1.580927434486672922e+01
2.451850000000000023e+02 -1.609519781875483702e+01
2.697040000000000077e+02 -1.640462319014019954e+01
2.966739999999999782e+02 -1.674478995642605739e+01
3.263419999999999845e+02 -1.712741985630063368e+01
3.589759999999999991e+02 -1.757061657048269154e+01
3.948729999999999905e+02 -1.811321148550009141e+01
