# # theta [arcmin], log_e(xim)
5.000000000000000000e-01 -1.084429180053938246e+01
5.500000000000000444e-01 -1.082023038659307623e+01
6.049999999999999822e-01 -1.079727685118878355e+01
6.660000000000000364e-01 -1.077539639384565895e+01
7.319999999999999840e-01 -1.075518835834396825e+01
8.050000000000000488e-01 -1.073624996623355798e+01
8.860000000000000098e-01 -1.071870655245160897e+01
9.739999999999999769e-01 -1.070308384105555533e+01
1.072000000000000064e+00 -1.068916326527185490e+01
1.179000000000000048e+00 -1.067743576155548446e+01
1.296999999999999931e+00 -1.066788500774424087e+01
1.427000000000000046e+00 -1.066066991426379751e+01
1.568999999999999950e+00 -1.065600519170407168e+01
1.725999999999999979e+00 -1.065402743320243495e+01
1.899000000000000021e+00 -1.065497087548022215e+01
2.088999999999999968e+00 -1.065903963867766002e+01
2.297000000000000153e+00 -1.066630211773016512e+01
2.527000000000000135e+00 -1.067696101430611755e+01
2.779999999999999805e+00 -1.069113971715751532e+01
3.057999999999999829e+00 -1.070897152649054540e+01
3.363999999999999879e+00 -1.073062794662917163e+01
3.700000000000000178e+00 -1.075617363669678817e+01
4.070000000000000284e+00 -1.078567980212670641e+01
4.477000000000000313e+00 -1.081913299265579731e+01
4.924999999999999822e+00 -1.085658802629195030e+01
5.416999999999999815e+00 -1.089795768744794024e+01
5.958999999999999631e+00 -1.094335142542092854e+01
6.554999999999999716e+00 -1.099262269159058825e+01
7.209999999999999964e+00 -1.104551895532188155e+01
7.932000000000000384e+00 -1.110202714353318676e+01
8.724999999999999645e+00 -1.116173915606892919e+01
9.596999999999999531e+00 -1.122448343136209203e+01
1.055700000000000038e+01 -1.129010196486694362e+01
1.161299999999999955e+01 -1.135822950526364039e+01
1.277399999999999913e+01 -1.142839132045553718e+01
1.405100000000000016e+01 -1.150026791086595601e+01
1.545599999999999952e+01 -1.157352901825860592e+01
1.700199999999999889e+01 -1.164779272089151441e+01
1.870200000000000173e+01 -1.172269275371209041e+01
2.057199999999999918e+01 -1.179787314594683600e+01
2.262999999999999901e+01 -1.187298197711431946e+01
2.489300000000000068e+01 -1.194769122514356141e+01
2.738200000000000145e+01 -1.202183326227492977e+01
3.012000000000000099e+01 -1.209526642467760382e+01
3.313199999999999790e+01 -1.216798276383353006e+01
3.644500000000000028e+01 -1.223992730175374000e+01
4.009000000000000341e+01 -1.231116453060575999e+01
4.409899999999999665e+01 -1.238184012727369421e+01
4.850900000000000034e+01 -1.245216732045732755e+01
5.335900000000000176e+01 -1.252238769026967979e+01
5.869500000000000028e+01 -1.259290640025100672e+01
6.456499999999999773e+01 -1.266401522256809820e+01
7.102100000000000080e+01 -1.273600633785411773e+01
7.812399999999999523e+01 -1.280934840958207310e+01
8.593600000000000705e+01 -1.288444668824360484e+01
9.453000000000000114e+01 -1.296168221055834380e+01
1.039830000000000041e+02 -1.304145688905060751e+01
1.143810000000000002e+02 -1.312402325423798288e+01
1.258190000000000026e+02 -1.320970280819772391e+01
1.384010000000000105e+02 -1.329875813243775085e+01
1.522410000000000139e+02 -1.339148084349365320e+01
1.674650000000000034e+02 -1.348814465845916466e+01
1.842110000000000127e+02 -1.358900944955857071e+01
2.026330000000000098e+02 -1.369415081524634203e+01
2.228959999999999866e+02 -1.380365214766296234e+01
2.451850000000000023e+02 -1.391750851115503274e+01
2.697040000000000077e+02 -1.403565685553450493e+01
2.966739999999999782e+02 -1.415803157160778625e+01
3.263419999999999845e+02 -1.428455784465136702e+01
3.589759999999999991e+02 -1.441508779933333173e+01
3.948729999999999905e+02 -1.454962786901606542e+01
