# # theta [arcmin], log_e(xip)
5.000000000000000000e-01 -8.641350939948635457e+00
5.500000000000000444e-01 -8.686710671384071603e+00
6.049999999999999822e-01 -8.734191289768141075e+00
6.660000000000000364e-01 -8.784258588913592902e+00
7.319999999999999840e-01 -8.835731801136859076e+00
8.050000000000000488e-01 -8.889783399675401654e+00
8.860000000000000098e-01 -8.946637772709136627e+00
9.739999999999999769e-01 -9.005124566647056739e+00
1.072000000000000064e+00 -9.066714599468111757e+00
1.179000000000000048e+00 -9.130205668534387087e+00
1.296999999999999931e+00 -9.196211654040514105e+00
1.427000000000000046e+00 -9.264616426161644824e+00
1.568999999999999950e+00 -9.334766826351867053e+00
1.725999999999999979e+00 -9.407430042524152825e+00
1.899000000000000021e+00 -9.482251856456935357e+00
2.088999999999999968e+00 -9.558865331729242243e+00
2.297000000000000153e+00 -9.636866208457901095e+00
2.527000000000000135e+00 -9.716841194524659997e+00
2.779999999999999805e+00 -9.798156477311666279e+00
3.057999999999999829e+00 -9.880508798005720905e+00
3.363999999999999879e+00 -9.963822016452438035e+00
3.700000000000000178e+00 -1.004769470021319755e+01
4.070000000000000284e+00 -1.013212919066745421e+01
4.477000000000000313e+00 -1.021680091800093315e+01
4.924999999999999822e+00 -1.030157305702326731e+01
5.416999999999999815e+00 -1.038610771660007792e+01
5.958999999999999631e+00 -1.047057070194607853e+01
6.554999999999999716e+00 -1.055477366260228500e+01
7.209999999999999964e+00 -1.063862574398310912e+01
7.932000000000000384e+00 -1.072242292468561864e+01
8.724999999999999645e+00 -1.080595378468178147e+01
9.596999999999999531e+00 -1.088948319505124296e+01
1.055700000000000038e+01 -1.097334913237253318e+01
1.161299999999999955e+01 -1.105776520549171060e+01
1.277399999999999913e+01 -1.114292796174539646e+01
1.405100000000000016e+01 -1.122919268070105581e+01
1.545599999999999952e+01 -1.131693031923906823e+01
1.700199999999999889e+01 -1.140649642039281453e+01
1.870200000000000173e+01 -1.149823293081187892e+01
2.057199999999999918e+01 -1.159254860234236162e+01
2.262999999999999901e+01 -1.168980692595487092e+01
2.489300000000000068e+01 -1.179027721276903051e+01
2.738200000000000145e+01 -1.189434695152495891e+01
3.012000000000000099e+01 -1.200236768538133703e+01
3.313199999999999790e+01 -1.211473434319827369e+01
3.644500000000000028e+01 -1.223175708481807078e+01
4.009000000000000341e+01 -1.235375720915185305e+01
4.409899999999999665e+01 -1.248101119601210129e+01
4.850900000000000034e+01 -1.261382075771005518e+01
5.335900000000000176e+01 -1.275243218703945125e+01
5.869500000000000028e+01 -1.289727651554179566e+01
6.456499999999999773e+01 -1.304860328718308082e+01
7.102100000000000080e+01 -1.320657631005807353e+01
7.812399999999999523e+01 -1.337160709394651192e+01
8.593600000000000705e+01 -1.354397463587564943e+01
9.453000000000000114e+01 -1.372398571533557110e+01
1.039830000000000041e+02 -1.391207212042137087e+01
1.143810000000000002e+02 -1.410847669988716468e+01
1.258190000000000026e+02 -1.431352476616797631e+01
1.384010000000000105e+02 -1.452748567698392890e+01
1.522410000000000139e+02 -1.475087478801386176e+01
1.674650000000000034e+02 -1.498449112784750348e+01
1.842110000000000127e+02 -1.522992500876912736e+01
2.026330000000000098e+02 -1.548894580467064408e+01
2.228959999999999866e+02 -1.576446222775791028e+01
2.451850000000000023e+02 -1.606045807415750204e+01
2.697040000000000077e+02 -1.638255702281919568e+01
2.966739999999999782e+02 -1.673949796358296283e+01
3.263419999999999845e+02 -1.714596955243877474e+01
3.589759999999999991e+02 -1.762684288446914138e+01
3.948729999999999905e+02 -1.824074870645371860e+01
