# # theta [arcmin], log_e(xim)
5.000000000000000000e-01 -1.173310304413167415e+01
5.500000000000000444e-01 -1.171041247817567488e+01
6.049999999999999822e-01 -1.168893236126524116e+01
6.660000000000000364e-01 -1.166864170297775516e+01
7.319999999999999840e-01 -1.165009925450429407e+01
8.050000000000000488e-01 -1.163293463913528747e+01
8.860000000000000098e-01 -1.161727482535123457e+01
9.739999999999999769e-01 -1.160359859253840220e+01
1.072000000000000064e+00 -1.159172465446640921e+01
1.179000000000000048e+00 -1.158209131570294126e+01
1.296999999999999931e+00 -1.157468651352498945e+01
1.427000000000000046e+00 -1.156964640980781311e+01
1.568999999999999950e+00 -1.156714567016416950e+01
1.725999999999999979e+00 -1.156732146250371862e+01
1.899000000000000021e+00 -1.157037175553682395e+01
2.088999999999999968e+00 -1.157646405953438062e+01
2.297000000000000153e+00 -1.158562971511054052e+01
2.527000000000000135e+00 -1.159805828028953023e+01
2.779999999999999805e+00 -1.161383114040225095e+01
3.057999999999999829e+00 -1.163305021530149119e+01
3.363999999999999879e+00 -1.165586162986349805e+01
3.700000000000000178e+00 -1.168230528843205285e+01
4.070000000000000284e+00 -1.171243855294077107e+01
4.477000000000000313e+00 -1.174623741466260007e+01
4.924999999999999822e+00 -1.178375566455157220e+01
5.416999999999999815e+00 -1.182491676018232241e+01
5.958999999999999631e+00 -1.186984915412920216e+01
6.554999999999999716e+00 -1.191844092434599744e+01
7.209999999999999964e+00 -1.197048603121853994e+01
7.932000000000000384e+00 -1.202602951571411616e+01
8.724999999999999645e+00 -1.208473752599996942e+01
9.596999999999999531e+00 -1.214651871434549690e+01
1.055700000000000038e+01 -1.221130430683602519e+01
1.161299999999999955e+01 -1.227882270928972197e+01
1.277399999999999913e+01 -1.234869460385472628e+01
1.405100000000000016e+01 -1.242068667684529260e+01
1.545599999999999952e+01 -1.249454089360370546e+01
1.700199999999999889e+01 -1.256992874089818457e+01
1.870200000000000173e+01 -1.264650504542711573e+01
2.057199999999999918e+01 -1.272389938669113896e+01
2.262999999999999901e+01 -1.280170117765795723e+01
2.489300000000000068e+01 -1.287947053354954541e+01
2.738200000000000145e+01 -1.295688241406331187e+01
3.012000000000000099e+01 -1.303358814026437251e+01
3.313199999999999790e+01 -1.310933017970982739e+01
3.644500000000000028e+01 -1.318376814720708268e+01
4.009000000000000341e+01 -1.325665906202558375e+01
4.409899999999999665e+01 -1.332783647485023160e+01
4.850900000000000034e+01 -1.339721083371087573e+01
5.335900000000000176e+01 -1.346473820006215583e+01
5.869500000000000028e+01 -1.353057976681829899e+01
6.456499999999999773e+01 -1.359482522559600781e+01
7.102100000000000080e+01 -1.365762941639845351e+01
7.812399999999999523e+01 -1.371936890574714418e+01
8.593600000000000705e+01 -1.378041178990488014e+01
9.453000000000000114e+01 -1.384114749378751341e+01
1.039830000000000041e+02 -1.390203361783648006e+01
1.143810000000000002e+02 -1.396342744166935468e+01
1.258190000000000026e+02 -1.402577120144750999e+01
1.384010000000000105e+02 -1.408947080673008401e+01
1.522410000000000139e+02 -1.415499510704646369e+01
1.674650000000000034e+02 -1.422283494345790800e+01
1.842110000000000127e+02 -1.429350152120282047e+01
2.026330000000000098e+02 -1.436740230326931744e+01
2.228959999999999866e+02 -1.444497201841810075e+01
2.451850000000000023e+02 -1.452650750190101547e+01
2.697040000000000077e+02 -1.461206460823609632e+01
2.966739999999999782e+02 -1.470151580994348528e+01
3.263419999999999845e+02 -1.479467852500933844e+01
3.589759999999999991e+02 -1.489129362761855369e+01
3.948729999999999905e+02 -1.499122670196597440e+01
