# # theta [arcmin], log_e(xip)
5.000000000000000000e-01 -8.677665980393898693e+00
5.500000000000000444e-01 -8.724039024969835410e+00
6.049999999999999822e-01 -8.772576529351088226e+00
6.660000000000000364e-01 -8.823759113369810336e+00
7.319999999999999840e-01 -8.876384871107820373e+00
8.050000000000000488e-01 -8.931657672681202698e+00
8.860000000000000098e-01 -8.989814644173907965e+00
9.739999999999999769e-01 -9.049665591877101178e+00
1.072000000000000064e+00 -9.112723763116326481e+00
1.179000000000000048e+00 -9.177768637448844302e+00
1.296999999999999931e+00 -9.245435877510498557e+00
1.427000000000000046e+00 -9.315617113365393109e+00
1.568999999999999950e+00 -9.387650387547093800e+00
1.725999999999999979e+00 -9.462332830067358813e+00
1.899000000000000021e+00 -9.539309547094244834e+00
2.088999999999999968e+00 -9.618211923247486084e+00
2.297000000000000153e+00 -9.698629364146052367e+00
2.527000000000000135e+00 -9.781172933364773669e+00
2.779999999999999805e+00 -9.865193229888518545e+00
3.057999999999999829e+00 -9.950380018474405119e+00
3.363999999999999879e+00 -1.003665512563671491e+01
3.700000000000000178e+00 -1.012360194638381472e+01
4.070000000000000284e+00 -1.021122050709676543e+01
4.477000000000000313e+00 -1.029916798707589187e+01
4.924999999999999822e+00 -1.038729481507846941e+01
5.416999999999999815e+00 -1.047524044807910037e+01
5.958999999999999631e+00 -1.056316630187018113e+01
6.554999999999999716e+00 -1.065086412307053898e+01
7.209999999999999964e+00 -1.073822364336118618e+01
7.932000000000000384e+00 -1.082553683307096115e+01
8.724999999999999645e+00 -1.091256594843439132e+01
9.596999999999999531e+00 -1.099956784940261834e+01
1.055700000000000038e+01 -1.108687829484197351e+01
1.161299999999999955e+01 -1.117470261870349191e+01
1.277399999999999913e+01 -1.126322489381200853e+01
1.405100000000000016e+01 -1.135279754165089194e+01
1.545599999999999952e+01 -1.144379313654118135e+01
1.700199999999999889e+01 -1.153656171320993984e+01
1.870200000000000173e+01 -1.163144844932113564e+01
2.057199999999999918e+01 -1.172886639256697627e+01
2.262999999999999901e+01 -1.182917835721231903e+01
2.489300000000000068e+01 -1.193265523127212013e+01
2.738200000000000145e+01 -1.203969180282814300e+01
3.012000000000000099e+01 -1.215064588569351756e+01
3.313199999999999790e+01 -1.226592626464559288e+01
3.644500000000000028e+01 -1.238585263484473131e+01
4.009000000000000341e+01 -1.251075493968735763e+01
4.409899999999999665e+01 -1.264092351685199844e+01
4.850900000000000034e+01 -1.277667162853941640e+01
5.335900000000000176e+01 -1.291825709035132341e+01
5.869500000000000028e+01 -1.306613712010955197e+01
6.456499999999999773e+01 -1.322057892370140841e+01
7.102100000000000080e+01 -1.338175994982925765e+01
7.812399999999999523e+01 -1.355013084453632644e+01
8.593600000000000705e+01 -1.372600903396580740e+01
9.453000000000000114e+01 -1.390972827472371520e+01
1.039830000000000041e+02 -1.410177962917267180e+01
1.143810000000000002e+02 -1.430244958494028396e+01
1.258190000000000026e+02 -1.451213678338865343e+01
1.384010000000000105e+02 -1.473116474247769503e+01
1.522410000000000139e+02 -1.496013202134015252e+01
1.674650000000000034e+02 -1.519986639922848326e+01
1.842110000000000127e+02 -1.545192611669088656e+01
2.026330000000000098e+02 -1.571793391423019770e+01
2.228959999999999866e+02 -1.600083363990056995e+01
2.451850000000000023e+02 -1.630495090946417491e+01
2.697040000000000077e+02 -1.663655836318691073e+01
2.966739999999999782e+02 -1.700568037129804821e+01
3.263419999999999845e+02 -1.743031721197158745e+01
3.589759999999999991e+02 -1.794205935449978995e+01
3.948729999999999905e+02 -1.862203968731388670e+01
