# # theta [arcmin], log_e(xip)
5.000000000000000000e-01 -9.568819800160627054e+00
5.500000000000000444e-01 -9.608632567044089967e+00
6.049999999999999822e-01 -9.650205173053182151e+00
6.660000000000000364e-01 -9.693925574663479594e+00
7.319999999999999840e-01 -9.738742732172513072e+00
8.050000000000000488e-01 -9.785658117956192115e+00
8.860000000000000098e-01 -9.834840420810280648e+00
9.739999999999999769e-01 -9.885255569821332244e+00
1.072000000000000064e+00 -9.938148979050478005e+00
1.179000000000000048e+00 -9.992464787832338047e+00
1.296999999999999931e+00 -1.004870733184388243e+01
1.427000000000000046e+00 -1.010675862605258502e+01
1.568999999999999950e+00 -1.016604965657257686e+01
1.725999999999999979e+00 -1.022721526668615688e+01
1.899000000000000021e+00 -1.028994446647361904e+01
2.088999999999999968e+00 -1.035392105209939473e+01
2.297000000000000153e+00 -1.041880625508000691e+01
2.527000000000000135e+00 -1.048508727609186053e+01
2.779999999999999805e+00 -1.055223973735383680e+01
3.057999999999999829e+00 -1.062001595593398484e+01
3.363999999999999879e+00 -1.068835536304986533e+01
3.700000000000000178e+00 -1.075692508888644916e+01
4.070000000000000284e+00 -1.082572291878861570e+01
4.477000000000000313e+00 -1.089447273620188028e+01
4.924999999999999822e+00 -1.096304087190001830e+01
5.416999999999999815e+00 -1.103111926093868433e+01
5.958999999999999631e+00 -1.109879203555087912e+01
6.554999999999999716e+00 -1.116584116457989850e+01
7.209999999999999964e+00 -1.123212375804112817e+01
7.932000000000000384e+00 -1.129778666637434803e+01
8.724999999999999645e+00 -1.136257112498793731e+01
9.596999999999999531e+00 -1.142658539659114503e+01
1.055700000000000038e+01 -1.148998756171392266e+01
1.161299999999999955e+01 -1.155283953844222999e+01
1.277399999999999913e+01 -1.161520872025420026e+01
1.405100000000000016e+01 -1.167728349634431062e+01
1.545599999999999952e+01 -1.173927314402361688e+01
1.700199999999999889e+01 -1.180139037709437488e+01
1.870200000000000173e+01 -1.186384869605393177e+01
2.057199999999999918e+01 -1.192692191167743765e+01
2.262999999999999901e+01 -1.199086707680077524e+01
2.489300000000000068e+01 -1.205588867986410939e+01
2.738200000000000145e+01 -1.212227649852390066e+01
3.012000000000000099e+01 -1.219030796369528602e+01
3.313199999999999790e+01 -1.226028556630299526e+01
3.644500000000000028e+01 -1.233246818757607421e+01
4.009000000000000341e+01 -1.240712672558591834e+01
4.409899999999999665e+01 -1.248450667988324270e+01
4.850900000000000034e+01 -1.256487785687817471e+01
5.335900000000000176e+01 -1.264847667206639414e+01
5.869500000000000028e+01 -1.273562757281045243e+01
6.456499999999999773e+01 -1.282655801340682267e+01
7.102100000000000080e+01 -1.292145193819600557e+01
7.812399999999999523e+01 -1.302058145728823391e+01
8.593600000000000705e+01 -1.312411691395127811e+01
9.453000000000000114e+01 -1.323222735176018716e+01
1.039830000000000041e+02 -1.334502516978301223e+01
1.143810000000000002e+02 -1.346248817651773066e+01
1.258190000000000026e+02 -1.358455599220626198e+01
1.384010000000000105e+02 -1.371116225442032643e+01
1.522410000000000139e+02 -1.384242944185862356e+01
1.674650000000000034e+02 -1.397883487051946361e+01
1.842110000000000127e+02 -1.412139679193962394e+01
2.026330000000000098e+02 -1.427150951207182850e+01
2.228959999999999866e+02 -1.443082096983830809e+01
2.451850000000000023e+02 -1.460093203130054107e+01
2.697040000000000077e+02 -1.478324038432798204e+01
2.966739999999999782e+02 -1.497901246939891884e+01
3.263419999999999845e+02 -1.518944245027135942e+01
3.589759999999999991e+02 -1.541554730020731512e+01
3.948729999999999905e+02 -1.565860584879993844e+01
