# # theta [arcmin], log_e(xip)
5.000000000000000000e-01 -8.840308332544971393e+00
5.500000000000000444e-01 -8.882887977818191061e+00
6.049999999999999822e-01 -8.927461817968724844e+00
6.660000000000000364e-01 -8.974477258365094912e+00
7.319999999999999840e-01 -9.022834775565272025e+00
8.050000000000000488e-01 -9.073647482154649779e+00
8.860000000000000098e-01 -9.127141419717847981e+00
9.739999999999999769e-01 -9.182233108143870837e+00
1.072000000000000064e+00 -9.240328865521814095e+00
1.179000000000000048e+00 -9.300318363199432170e+00
1.296999999999999931e+00 -9.362806122095086891e+00
1.427000000000000046e+00 -9.427714349337993127e+00
1.568999999999999950e+00 -9.494454550272211080e+00
1.725999999999999979e+00 -9.563791375542864515e+00
1.899000000000000021e+00 -9.635426162933422134e+00
2.088999999999999968e+00 -9.709044755691763839e+00
2.297000000000000153e+00 -9.784294134159424061e+00
2.527000000000000135e+00 -9.861777056849961198e+00
2.779999999999999805e+00 -9.940914068224742550e+00
3.057999999999999829e+00 -1.002143427658872632e+01
3.363999999999999879e+00 -1.010327719179786143e+01
3.700000000000000178e+00 -1.018604650394513911e+01
4.070000000000000284e+00 -1.026973185133716981e+01
4.477000000000000313e+00 -1.035397942031245933e+01
4.924999999999999822e+00 -1.043859767218344459e+01
5.416999999999999815e+00 -1.052316979621665460e+01
5.958999999999999631e+00 -1.060775958542963338e+01
6.554999999999999716e+00 -1.069205063848915138e+01
7.209999999999999964e+00 -1.077581355346357661e+01
7.932000000000000384e+00 -1.085918669517765878e+01
8.724999999999999645e+00 -1.094179677696425301e+01
9.596999999999999531e+00 -1.102374317756637723e+01
1.055700000000000038e+01 -1.110520024617079926e+01
1.161299999999999955e+01 -1.118623015280937061e+01
1.277399999999999913e+01 -1.126689932842117514e+01
1.405100000000000016e+01 -1.134744407788630305e+01
1.545599999999999952e+01 -1.142813496897880299e+01
1.700199999999999889e+01 -1.150925122327093675e+01
1.870200000000000173e+01 -1.159108551262747611e+01
2.057199999999999918e+01 -1.167400684000943123e+01
2.262999999999999901e+01 -1.175835169135837077e+01
2.489300000000000068e+01 -1.184439336420155264e+01
2.738200000000000145e+01 -1.193251799684979986e+01
3.012000000000000099e+01 -1.202308497730437331e+01
3.313199999999999790e+01 -1.211649797325737943e+01
3.644500000000000028e+01 -1.221308437031859562e+01
4.009000000000000341e+01 -1.231317712545449261e+01
4.409899999999999665e+01 -1.241707890270403958e+01
4.850900000000000034e+01 -1.252511054724312878e+01
5.335900000000000176e+01 -1.263753948775448777e+01
5.869500000000000028e+01 -1.275477495272883921e+01
6.456499999999999773e+01 -1.287707914984804347e+01
7.102100000000000080e+01 -1.300464834406005110e+01
7.812399999999999523e+01 -1.313785576713487657e+01
8.593600000000000705e+01 -1.327695790571775447e+01
9.453000000000000114e+01 -1.342222195012000441e+01
1.039830000000000041e+02 -1.357396221862123120e+01
1.143810000000000002e+02 -1.373235025351125493e+01
1.258190000000000026e+02 -1.389756305056989483e+01
1.384010000000000105e+02 -1.406965908422386313e+01
1.522410000000000139e+02 -1.424875835553651093e+01
1.674650000000000034e+02 -1.443505343604791946e+01
1.842110000000000127e+02 -1.462906060293705401e+01
2.026330000000000098e+02 -1.483144429277865051e+01
2.228959999999999866e+02 -1.504345916518338200e+01
2.451850000000000023e+02 -1.526685386379902276e+01
2.697040000000000077e+02 -1.550370979106568292e+01
2.966739999999999782e+02 -1.575659078987091455e+01
3.263419999999999845e+02 -1.602886482210847419e+01
3.589759999999999991e+02 -1.632381673373960140e+01
3.948729999999999905e+02 -1.664616458985560499e+01
