# # theta [arcmin], log_e(xim)
5.000000000000000000e-01 -1.152366482602587183e+01
5.500000000000000444e-01 -1.150076273179976738e+01
6.049999999999999822e-01 -1.147933306107579909e+01
6.660000000000000364e-01 -1.145937711513256119e+01
7.319999999999999840e-01 -1.144145539760144992e+01
8.050000000000000488e-01 -1.142521774714882632e+01
8.860000000000000098e-01 -1.141080850395298185e+01
9.739999999999999769e-01 -1.139868826391723644e+01
1.072000000000000064e+00 -1.138871777831925769e+01
1.179000000000000048e+00 -1.138130264250758472e+01
1.296999999999999931e+00 -1.137644804116020225e+01
1.427000000000000046e+00 -1.137428415026377237e+01
1.568999999999999950e+00 -1.137494946426600428e+01
1.725999999999999979e+00 -1.137860350992254332e+01
1.899000000000000021e+00 -1.138541830666208554e+01
2.088999999999999968e+00 -1.139552739229147349e+01
2.297000000000000153e+00 -1.140891866517239883e+01
2.527000000000000135e+00 -1.142579317862376342e+01
2.779999999999999805e+00 -1.144617564056688153e+01
3.057999999999999829e+00 -1.147012271344498835e+01
3.363999999999999879e+00 -1.149774822418289233e+01
3.700000000000000178e+00 -1.152903757062658308e+01
4.070000000000000284e+00 -1.156401235960704099e+01
4.477000000000000313e+00 -1.160259418775963347e+01
4.924999999999999822e+00 -1.164479013306637079e+01
5.416999999999999815e+00 -1.169046057509822312e+01
5.958999999999999631e+00 -1.173969357707584749e+01
6.554999999999999716e+00 -1.179231481727044084e+01
7.209999999999999964e+00 -1.184805714054505721e+01
7.932000000000000384e+00 -1.190692228599306013e+01
8.724999999999999645e+00 -1.196850372200635348e+01
9.596999999999999531e+00 -1.203265460768820105e+01
1.055700000000000038e+01 -1.209924953997859198e+01
1.161299999999999955e+01 -1.216795735081910124e+01
1.277399999999999913e+01 -1.223834359632387425e+01
1.405100000000000016e+01 -1.231012934485936405e+01
1.545599999999999952e+01 -1.238301414084420671e+01
1.700199999999999889e+01 -1.245663672682037770e+01
1.870200000000000173e+01 -1.253063615338019865e+01
2.057199999999999918e+01 -1.260464337458169837e+01
2.262999999999999901e+01 -1.267827292564783193e+01
2.489300000000000068e+01 -1.275113780911788730e+01
2.738200000000000145e+01 -1.282299053409858658e+01
3.012000000000000099e+01 -1.289359129602629217e+01
3.313199999999999790e+01 -1.296281415311927177e+01
3.644500000000000028e+01 -1.303048179580394894e+01
4.009000000000000341e+01 -1.309653141412053046e+01
4.409899999999999665e+01 -1.316098986714331787e+01
4.850900000000000034e+01 -1.322396319557998723e+01
5.335900000000000176e+01 -1.328561080748834833e+01
5.869500000000000028e+01 -1.334627034504664422e+01
6.456499999999999773e+01 -1.340619952159495298e+01
7.102100000000000080e+01 -1.346568783697492400e+01
7.812399999999999523e+01 -1.352521315846367500e+01
8.593600000000000705e+01 -1.358521980882668956e+01
9.453000000000000114e+01 -1.364614506973059882e+01
1.039830000000000041e+02 -1.370846047043719551e+01
1.143810000000000002e+02 -1.377250949932964907e+01
1.258190000000000026e+02 -1.383869873778134618e+01
1.384010000000000105e+02 -1.390739780270068948e+01
1.522410000000000139e+02 -1.397902245087532158e+01
1.674650000000000034e+02 -1.405399581878018189e+01
1.842110000000000127e+02 -1.413274434601604312e+01
2.026330000000000098e+02 -1.421553360100721086e+01
2.228959999999999866e+02 -1.430260403023501858e+01
2.451850000000000023e+02 -1.439404594817724714e+01
2.697040000000000077e+02 -1.448980968433507144e+01
2.966739999999999782e+02 -1.458982289257172837e+01
3.263419999999999845e+02 -1.469399118651216085e+01
3.589759999999999991e+02 -1.480212477834654550e+01
3.948729999999999905e+02 -1.491424385395347407e+01
