# # theta [arcmin], log_e(xip)
5.000000000000000000e-01 -9.423744877132500974e+00
5.500000000000000444e-01 -9.460957000918543969e+00
6.049999999999999822e-01 -9.499898336146481270e+00
6.660000000000000364e-01 -9.540959173423784634e+00
7.319999999999999840e-01 -9.583179396472340628e+00
8.050000000000000488e-01 -9.627532372088170476e+00
8.860000000000000098e-01 -9.674216413293407868e+00
9.739999999999999769e-01 -9.722288291947695171e+00
1.072000000000000064e+00 -9.772977143490878760e+00
1.179000000000000048e+00 -9.825318537590526091e+00
1.296999999999999931e+00 -9.879844661442341192e+00
1.427000000000000046e+00 -9.936494745648994709e+00
1.568999999999999950e+00 -9.994763939035012257e+00
1.725999999999999979e+00 -1.005532933325690870e+01
1.899000000000000021e+00 -1.011794146832978569e+01
2.088999999999999968e+00 -1.018233754290428017e+01
2.297000000000000153e+00 -1.024822235029544082e+01
2.527000000000000135e+00 -1.031614073304846180e+01
2.779999999999999805e+00 -1.038560165847099803e+01
3.057999999999999829e+00 -1.045638282381778339e+01
3.363999999999999879e+00 -1.052844388981444368e+01
3.700000000000000178e+00 -1.060144387852064085e+01
4.070000000000000284e+00 -1.067538014928287815e+01
4.477000000000000313e+00 -1.074994210194334698e+01
4.924999999999999822e+00 -1.082495013540527218e+01
5.416999999999999815e+00 -1.090001159358046401e+01
5.958999999999999631e+00 -1.097514520355682244e+01
6.554999999999999716e+00 -1.105001442880273466e+01
7.209999999999999964e+00 -1.112434883442022127e+01
7.932000000000000384e+00 -1.119818553055654853e+01
8.724999999999999645e+00 -1.127108970656979459e+01
9.596999999999999531e+00 -1.134303249069320785e+01
1.055700000000000038e+01 -1.141403352551408723e+01
1.161299999999999955e+01 -1.148400473032819491e+01
1.277399999999999913e+01 -1.155286919944043866e+01
1.405100000000000016e+01 -1.162069009040772727e+01
1.545599999999999952e+01 -1.168756591712374693e+01
1.700199999999999889e+01 -1.175361441553771158e+01
1.870200000000000173e+01 -1.181897451575550484e+01
2.057199999999999918e+01 -1.188386422662762421e+01
2.262999999999999901e+01 -1.194849164882364079e+01
2.489300000000000068e+01 -1.201303224138633041e+01
2.738200000000000145e+01 -1.207776457070973564e+01
3.012000000000000099e+01 -1.214296320754567482e+01
3.313199999999999790e+01 -1.220894496669790286e+01
3.644500000000000028e+01 -1.227598343817787985e+01
4.009000000000000341e+01 -1.234436391986790760e+01
4.409899999999999665e+01 -1.241435985088104310e+01
4.850900000000000034e+01 -1.248626841044142388e+01
5.335900000000000176e+01 -1.256035331517537834e+01
5.869500000000000028e+01 -1.263696879880294688e+01
6.456499999999999773e+01 -1.271637407337752101e+01
7.102100000000000080e+01 -1.279878932299815375e+01
7.812399999999999523e+01 -1.288452354736225658e+01
8.593600000000000705e+01 -1.297379898615850990e+01
9.453000000000000114e+01 -1.306683974353373578e+01
1.039830000000000041e+02 -1.316384652794006271e+01
1.143810000000000002e+02 -1.326490207138842514e+01
1.258190000000000026e+02 -1.337003082116795305e+01
1.384010000000000105e+02 -1.347917690237354016e+01
1.522410000000000139e+02 -1.359234140697773796e+01
1.674650000000000034e+02 -1.370967685427756422e+01
1.842110000000000127e+02 -1.383168394492740561e+01
2.026330000000000098e+02 -1.395926269057064673e+01
2.228959999999999866e+02 -1.409381698611572098e+01
2.451850000000000023e+02 -1.423709209076919358e+01
2.697040000000000077e+02 -1.439085016983544030e+01
2.966739999999999782e+02 -1.455660820533817379e+01
3.263419999999999845e+02 -1.473566198273191574e+01
3.589759999999999991e+02 -1.492891014175891229e+01
3.948729999999999905e+02 -1.513715827879168074e+01
