# # theta [arcmin], log_e(xim)
5.000000000000000000e-01 -1.123129265245307451e+01
5.500000000000000444e-01 -1.120829188462674253e+01
6.049999999999999822e-01 -1.118615297631498429e+01
6.660000000000000364e-01 -1.116481902604589393e+01
7.319999999999999840e-01 -1.114485074608062298e+01
8.050000000000000488e-01 -1.112583005129708447e+01
8.860000000000000098e-01 -1.110784576445536409e+01
9.739999999999999769e-01 -1.109140592174062157e+01
1.072000000000000064e+00 -1.107624273704470674e+01
1.179000000000000048e+00 -1.106283823199211724e+01
1.296999999999999931e+00 -1.105113484534452972e+01
1.427000000000000046e+00 -1.104126383596603667e+01
1.568999999999999950e+00 -1.103344191252536177e+01
1.725999999999999979e+00 -1.102774570299229318e+01
1.899000000000000021e+00 -1.102440005286925206e+01
2.088999999999999968e+00 -1.102360768555698023e+01
2.297000000000000153e+00 -1.102545158316356755e+01
2.527000000000000135e+00 -1.103008026773634143e+01
2.779999999999999805e+00 -1.103765510433485453e+01
3.057999999999999829e+00 -1.104833521164013277e+01
3.363999999999999879e+00 -1.106230791228997568e+01
3.700000000000000178e+00 -1.107969474719025094e+01
4.070000000000000284e+00 -1.110060060551435512e+01
4.477000000000000313e+00 -1.112508815082365032e+01
4.924999999999999822e+00 -1.115328372632237297e+01
5.416999999999999815e+00 -1.118521651401917261e+01
5.958999999999999631e+00 -1.122107334924716149e+01
6.554999999999999716e+00 -1.126084544094366180e+01
7.209999999999999964e+00 -1.130442459639297148e+01
7.932000000000000384e+00 -1.135191522296932121e+01
8.724999999999999645e+00 -1.140310112700788103e+01
9.596999999999999531e+00 -1.145796863951511924e+01
1.055700000000000038e+01 -1.151652383133202662e+01
1.161299999999999955e+01 -1.157858205090937176e+01
1.277399999999999913e+01 -1.164384586919353559e+01
1.405100000000000016e+01 -1.171214877506678853e+01
1.545599999999999952e+01 -1.178330109489982291e+01
1.700199999999999889e+01 -1.185704343586849063e+01
1.870200000000000173e+01 -1.193309048937639005e+01
2.057199999999999918e+01 -1.201111904336453406e+01
2.262999999999999901e+01 -1.209075023472960986e+01
2.489300000000000068e+01 -1.217156436461857183e+01
2.738200000000000145e+01 -1.225323763101817498e+01
3.012000000000000099e+01 -1.233540008715261571e+01
3.313199999999999790e+01 -1.241775389079013614e+01
3.644500000000000028e+01 -1.249988305795618793e+01
4.009000000000000341e+01 -1.258144443408245472e+01
4.409899999999999665e+01 -1.266214907009939239e+01
4.850900000000000034e+01 -1.274176455530022345e+01
5.335900000000000176e+01 -1.282007339687722691e+01
5.869500000000000028e+01 -1.289706574778353243e+01
6.456499999999999773e+01 -1.297263991181504572e+01
7.102100000000000080e+01 -1.304676576531530507e+01
7.812399999999999523e+01 -1.311965604553678588e+01
8.593600000000000705e+01 -1.319152537033436268e+01
9.453000000000000114e+01 -1.326262134277855687e+01
1.039830000000000041e+02 -1.333329245505147753e+01
1.143810000000000002e+02 -1.340380429974757881e+01
1.258190000000000026e+02 -1.347455126041756657e+01
1.384010000000000105e+02 -1.354589190111452446e+01
1.522410000000000139e+02 -1.361827329544753518e+01
1.674650000000000034e+02 -1.369217408235167532e+01
1.842110000000000127e+02 -1.376811946727997871e+01
2.026330000000000098e+02 -1.384655179046278839e+01
2.228959999999999866e+02 -1.392798677472585744e+01
2.451850000000000023e+02 -1.401282921113614321e+01
2.697040000000000077e+02 -1.410126914816136257e+01
2.966739999999999782e+02 -1.419331706613054678e+01
3.263419999999999845e+02 -1.428888899547468760e+01
3.589759999999999991e+02 -1.438778118163146402e+01
3.948729999999999905e+02 -1.448989977434565191e+01
