# # theta [arcmin], log_e(xip)
5.000000000000000000e-01 -9.476053016014976293e+00
5.500000000000000444e-01 -9.520144679936338505e+00
6.049999999999999822e-01 -9.566210211527019780e+00
6.660000000000000364e-01 -9.614696794902954480e+00
7.319999999999999840e-01 -9.664457108850251998e+00
8.050000000000000488e-01 -9.716622499736756069e+00
8.860000000000000098e-01 -9.771406160654761308e+00
9.739999999999999769e-01 -9.827680510334044328e+00
1.072000000000000064e+00 -9.886863500975442420e+00
1.179000000000000048e+00 -9.947804396936099636e+00
1.296999999999999931e+00 -1.001109837601623020e+01
1.427000000000000046e+00 -1.007664451282789031e+01
1.568999999999999950e+00 -1.014383016337241905e+01
1.725999999999999979e+00 -1.021340596335788753e+01
1.899000000000000021e+00 -1.028505079963995428e+01
2.088999999999999968e+00 -1.035843359834283284e+01
2.297000000000000153e+00 -1.043318853364599441e+01
2.527000000000000135e+00 -1.050990012773751126e+01
2.779999999999999805e+00 -1.058798029104916871e+01
3.057999999999999829e+00 -1.066715376857907138e+01
3.363999999999999879e+00 -1.074735530248416637e+01
3.700000000000000178e+00 -1.082819561091529970e+01
4.070000000000000284e+00 -1.090966196433352486e+01
4.477000000000000313e+00 -1.099141037763637385e+01
4.924999999999999822e+00 -1.107325669527062395e+01
5.416999999999999815e+00 -1.115480147141118650e+01
5.958999999999999631e+00 -1.123610466315130019e+01
6.554999999999999716e+00 -1.131686291618025919e+01
7.209999999999999964e+00 -1.139684788277321026e+01
7.932000000000000384e+00 -1.147618281969248777e+01
8.724999999999999645e+00 -1.155449419656255827e+01
9.596999999999999531e+00 -1.163185833643450628e+01
1.055700000000000038e+01 -1.170841348041649255e+01
1.161299999999999955e+01 -1.178418866779773211e+01
1.277399999999999913e+01 -1.185921467073767666e+01
1.405100000000000016e+01 -1.193368036853526704e+01
1.545599999999999952e+01 -1.200780786013179124e+01
1.700199999999999889e+01 -1.208182680552284261e+01
1.870200000000000173e+01 -1.215598256471383998e+01
2.057199999999999918e+01 -1.223059446270691275e+01
2.262999999999999901e+01 -1.230595662924674372e+01
2.489300000000000068e+01 -1.238231233443354640e+01
2.738200000000000145e+01 -1.246001128547311687e+01
3.012000000000000099e+01 -1.253938352451247518e+01
3.313199999999999790e+01 -1.262079930975129649e+01
3.644500000000000028e+01 -1.270456595912770759e+01
4.009000000000000341e+01 -1.279099952352373393e+01
4.409899999999999665e+01 -1.288039022104619846e+01
4.850900000000000034e+01 -1.297304593028004049e+01
5.335900000000000176e+01 -1.306923027649919078e+01
5.869500000000000028e+01 -1.316932396626783230e+01
6.456499999999999773e+01 -1.327358692878842206e+01
7.102100000000000080e+01 -1.338222537515407495e+01
7.812399999999999523e+01 -1.349558590917574286e+01
8.593600000000000705e+01 -1.361391265612720325e+01
9.453000000000000114e+01 -1.373746214526797615e+01
1.039830000000000041e+02 -1.386650915893608982e+01
1.143810000000000002e+02 -1.400122731192270820e+01
1.258190000000000026e+02 -1.414179292806684174e+01
1.384010000000000105e+02 -1.428827559639330325e+01
1.522410000000000139e+02 -1.444073258351035349e+01
1.674650000000000034e+02 -1.459919532529040787e+01
1.842110000000000127e+02 -1.476380034206958136e+01
2.026330000000000098e+02 -1.493471644666503728e+01
2.228959999999999866e+02 -1.511254207854181608e+01
2.451850000000000023e+02 -1.529849733373508336e+01
2.697040000000000077e+02 -1.549434570934511335e+01
2.966739999999999782e+02 -1.570214042371549823e+01
3.263419999999999845e+02 -1.592414118623890751e+01
3.589759999999999991e+02 -1.616250919153235088e+01
3.948729999999999905e+02 -1.641957419184368305e+01
