# # theta [arcmin], log_e(xim)
5.000000000000000000e-01 -1.163735894086267031e+01
5.500000000000000444e-01 -1.160983170780578355e+01
6.049999999999999822e-01 -1.158303242110479481e+01
6.660000000000000364e-01 -1.155685425976709624e+01
7.319999999999999840e-01 -1.153197006763968346e+01
8.050000000000000488e-01 -1.150784240563310235e+01
8.860000000000000098e-01 -1.148453336247570356e+01
9.739999999999999769e-01 -1.146265259103458511e+01
1.072000000000000064e+00 -1.144178596580463747e+01
1.179000000000000048e+00 -1.142251545322138639e+01
1.296999999999999931e+00 -1.140471700854827297e+01
1.427000000000000046e+00 -1.138851907887271153e+01
1.568999999999999950e+00 -1.137418491360253547e+01
1.725999999999999979e+00 -1.136170507424963105e+01
1.899000000000000021e+00 -1.135131865132367146e+01
2.088999999999999968e+00 -1.134324767139730739e+01
2.297000000000000153e+00 -1.133759495536512674e+01
2.527000000000000135e+00 -1.133443540566377550e+01
2.779999999999999805e+00 -1.133396956565257518e+01
3.057999999999999829e+00 -1.133636966491825149e+01
3.363999999999999879e+00 -1.134181569266096190e+01
3.700000000000000178e+00 -1.135045548667054405e+01
4.070000000000000284e+00 -1.136238615544070996e+01
4.477000000000000313e+00 -1.137769464219548077e+01
4.924999999999999822e+00 -1.139652293733225008e+01
5.416999999999999815e+00 -1.141894526009970257e+01
5.958999999999999631e+00 -1.144514813195091740e+01
6.554999999999999716e+00 -1.147517313705938058e+01
7.209999999999999964e+00 -1.150896232858000623e+01
7.932000000000000384e+00 -1.154662910519719077e+01
8.724999999999999645e+00 -1.158804574933910558e+01
9.596999999999999531e+00 -1.163324136812898502e+01
1.055700000000000038e+01 -1.168226785672122858e+01
1.161299999999999955e+01 -1.173500882848218652e+01
1.277399999999999913e+01 -1.179124008267874757e+01
1.405100000000000016e+01 -1.185085380119010523e+01
1.545599999999999952e+01 -1.191372457579447186e+01
1.700199999999999889e+01 -1.197966498721413764e+01
1.870200000000000173e+01 -1.204845899727690650e+01
2.057199999999999918e+01 -1.211984137274271944e+01
2.262999999999999901e+01 -1.219348046091312554e+01
2.489300000000000068e+01 -1.226899987882283583e+01
2.738200000000000145e+01 -1.234609569199003687e+01
3.012000000000000099e+01 -1.242440155585191697e+01
3.313199999999999790e+01 -1.250359578280487227e+01
3.644500000000000028e+01 -1.258320834757137696e+01
4.009000000000000341e+01 -1.266280189055623495e+01
4.409899999999999665e+01 -1.274196551038436276e+01
4.850900000000000034e+01 -1.282031327128619935e+01
5.335900000000000176e+01 -1.289743701624043659e+01
5.869500000000000028e+01 -1.297310579211979409e+01
6.456499999999999773e+01 -1.304696559455701532e+01
7.102100000000000080e+01 -1.311872849161322208e+01
7.812399999999999523e+01 -1.318834186813399256e+01
8.593600000000000705e+01 -1.325577134907410226e+01
9.453000000000000114e+01 -1.332104300081110182e+01
1.039830000000000041e+02 -1.338431272796050209e+01
1.143810000000000002e+02 -1.344567953598599175e+01
1.258190000000000026e+02 -1.350543069914474437e+01
1.384010000000000105e+02 -1.356394127327313370e+01
1.522410000000000139e+02 -1.362180982361816106e+01
1.674650000000000034e+02 -1.367978632138043515e+01
1.842110000000000127e+02 -1.373872360605487053e+01
2.026330000000000098e+02 -1.379934296076460321e+01
2.228959999999999866e+02 -1.386218223271787764e+01
2.451850000000000023e+02 -1.392731792106895305e+01
2.697040000000000077e+02 -1.399437661189094584e+01
2.966739999999999782e+02 -1.406280567451137742e+01
3.263419999999999845e+02 -1.413217210849824923e+01
3.589759999999999991e+02 -1.420224184504035492e+01
3.948729999999999905e+02 -1.427324717559855216e+01
