# # theta [arcmin], log_e(xip)
5.000000000000000000e-01 -8.872454135524087349e+00
5.500000000000000444e-01 -8.911099115055701958e+00
6.049999999999999822e-01 -8.951577199047369149e+00
6.660000000000000364e-01 -8.994298779979665426e+00
7.319999999999999840e-01 -9.038266982050805254e+00
8.050000000000000488e-01 -9.084497460117418655e+00
8.860000000000000098e-01 -9.133203420387278726e+00
9.739999999999999769e-01 -9.183402477041745726e+00
1.072000000000000064e+00 -9.236383468559697718e+00
1.179000000000000048e+00 -9.291140858358161836e+00
1.296999999999999931e+00 -9.348235213469505922e+00
1.427000000000000046e+00 -9.407607012258344170e+00
1.568999999999999950e+00 -9.468729567509061695e+00
1.725999999999999979e+00 -9.532316072955730135e+00
1.899000000000000021e+00 -9.598108302987826690e+00
2.088999999999999968e+00 -9.665832681569037632e+00
2.297000000000000153e+00 -9.735180407127751678e+00
2.527000000000000135e+00 -9.806726244309945884e+00
2.779999999999999805e+00 -9.879954245827555326e+00
3.057999999999999829e+00 -9.954630963419930367e+00
3.363999999999999879e+00 -1.003071497130882506e+01
3.700000000000000178e+00 -1.010784713246286515e+01
4.070000000000000284e+00 -1.018602713694107464e+01
4.477000000000000313e+00 -1.026492869391287677e+01
4.924999999999999822e+00 -1.034436680398604302e+01
5.416999999999999815e+00 -1.042393498445811062e+01
5.958999999999999631e+00 -1.050366656639195462e+01
6.554999999999999716e+00 -1.058322504618615589e+01
7.209999999999999964e+00 -1.066234941230312039e+01
7.932000000000000384e+00 -1.074111221617784473e+01
8.724999999999999645e+00 -1.081909401857355846e+01
9.596999999999999531e+00 -1.089631489562953348e+01
1.055700000000000038e+01 -1.097285778815154700e+01
1.161299999999999955e+01 -1.104869723126102521e+01
1.277399999999999913e+01 -1.112382350595076019e+01
1.405100000000000016e+01 -1.119838118398486770e+01
1.545599999999999952e+01 -1.127255672274416476e+01
1.700199999999999889e+01 -1.134655546039034313e+01
1.870200000000000173e+01 -1.142060246963489689e+01
2.057199999999999918e+01 -1.149500696446788339e+01
2.262999999999999901e+01 -1.157005745562986121e+01
2.489300000000000068e+01 -1.164599536409925662e+01
2.738200000000000145e+01 -1.172317154736358447e+01
3.012000000000000099e+01 -1.180192240147700389e+01
3.313199999999999790e+01 -1.188262601787197070e+01
3.644500000000000028e+01 -1.196560011209418839e+01
4.009000000000000341e+01 -1.205116939181483815e+01
4.409899999999999665e+01 -1.213963549043929113e+01
4.850900000000000034e+01 -1.223132235326923478e+01
5.335900000000000176e+01 -1.232650664187993428e+01
5.869500000000000028e+01 -1.242557981649682475e+01
6.456499999999999773e+01 -1.252881003844120933e+01
7.102100000000000080e+01 -1.263641196771726172e+01
7.812399999999999523e+01 -1.274872507818817802e+01
8.593600000000000705e+01 -1.286598197461469795e+01
9.453000000000000114e+01 -1.298841263521912559e+01
1.039830000000000041e+02 -1.311623469619615356e+01
1.143810000000000002e+02 -1.324951232409541468e+01
1.258190000000000026e+02 -1.338827482569620564e+01
1.384010000000000105e+02 -1.353246622321202075e+01
1.522410000000000139e+02 -1.368213767790220459e+01
1.674650000000000034e+02 -1.383756242289999072e+01
1.842110000000000127e+02 -1.399946644955607589e+01
2.026330000000000098e+02 -1.416889534896852965e+01
2.228959999999999866e+02 -1.434728406458130401e+01
2.451850000000000023e+02 -1.453619544455737334e+01
2.697040000000000077e+02 -1.473714956640653639e+01
2.966739999999999782e+02 -1.495167581524501621e+01
3.263419999999999845e+02 -1.518141031018093301e+01
3.589759999999999991e+02 -1.542784817046799262e+01
3.948729999999999905e+02 -1.569289719899976987e+01
