# # theta [arcmin], log_e(xim)
5.000000000000000000e-01 -1.172963240081027969e+01
5.500000000000000444e-01 -1.170384169034283772e+01
6.049999999999999822e-01 -1.167901558712185484e+01
6.660000000000000364e-01 -1.165508632745472006e+01
7.319999999999999840e-01 -1.163268808370892593e+01
8.050000000000000488e-01 -1.161135328958262747e+01
8.860000000000000098e-01 -1.159117699442833960e+01
9.739999999999999769e-01 -1.157271952554816075e+01
1.072000000000000064e+00 -1.155566920068613612e+01
1.179000000000000048e+00 -1.154055219287002920e+01
1.296999999999999931e+00 -1.152729643446423680e+01
1.427000000000000046e+00 -1.151603840514479948e+01
1.568999999999999950e+00 -1.150700502541058867e+01
1.725999999999999979e+00 -1.150025606186956573e+01
1.899000000000000021e+00 -1.149601525196828611e+01
2.088999999999999968e+00 -1.149448160351564852e+01
2.297000000000000153e+00 -1.149572720649246804e+01
2.527000000000000135e+00 -1.149987894217105655e+01
2.779999999999999805e+00 -1.150708555051383541e+01
3.057999999999999829e+00 -1.151748283401870943e+01
3.363999999999999879e+00 -1.153123476183952789e+01
3.700000000000000178e+00 -1.154843606909745546e+01
4.070000000000000284e+00 -1.156916074032776720e+01
4.477000000000000313e+00 -1.159343999226647348e+01
4.924999999999999822e+00 -1.162136861595879900e+01
5.416999999999999815e+00 -1.165294275994508766e+01
5.958999999999999631e+00 -1.168831629483455892e+01
6.554999999999999716e+00 -1.172745051251342474e+01
7.209999999999999964e+00 -1.177020986383047152e+01
7.932000000000000384e+00 -1.181666917096936054e+01
8.724999999999999645e+00 -1.186659478746070917e+01
9.596999999999999531e+00 -1.191995309317736407e+01
1.055700000000000038e+01 -1.197673344693776620e+01
1.161299999999999955e+01 -1.203673974395908530e+01
1.277399999999999913e+01 -1.209966895416937049e+01
1.405100000000000016e+01 -1.216534902384836769e+01
1.545599999999999952e+01 -1.223358650409502246e+01
1.700199999999999889e+01 -1.230412195332271175e+01
1.870200000000000173e+01 -1.237667118618061757e+01
2.057199999999999918e+01 -1.245091057737790585e+01
2.262999999999999901e+01 -1.252646001993249136e+01
2.489300000000000068e+01 -1.260289927298350321e+01
2.738200000000000145e+01 -1.267989636202694648e+01
3.012000000000000099e+01 -1.275707151596548705e+01
3.313199999999999790e+01 -1.283410759455583516e+01
3.644500000000000028e+01 -1.291056797343371976e+01
4.009000000000000341e+01 -1.298607703314636197e+01
4.409899999999999665e+01 -1.306030965958514578e+01
4.850900000000000034e+01 -1.313299115267115624e+01
5.335900000000000176e+01 -1.320386360507761125e+01
5.869500000000000028e+01 -1.327286248235356148e+01
6.456499999999999773e+01 -1.333983678441290976e+01
7.102100000000000080e+01 -1.340470772091162921e+01
7.812399999999999523e+01 -1.346763572163916045e+01
8.593600000000000705e+01 -1.352879595335862284e+01
9.453000000000000114e+01 -1.358840924891572222e+01
1.039830000000000041e+02 -1.364680545237116682e+01
1.143810000000000002e+02 -1.370423934494536944e+01
1.258190000000000026e+02 -1.376110002721039116e+01
1.384010000000000105e+02 -1.381780779459296582e+01
1.522410000000000139e+02 -1.387493683558201418e+01
1.674650000000000034e+02 -1.393316365206342766e+01
1.842110000000000127e+02 -1.399324357821221909e+01
2.026330000000000098e+02 -1.405581374734977196e+01
2.228959999999999866e+02 -1.412140901246470293e+01
2.451850000000000023e+02 -1.419023658975466518e+01
2.697040000000000077e+02 -1.426213099739323198e+01
2.966739999999999782e+02 -1.433674449410762897e+01
3.263419999999999845e+02 -1.441374509227134126e+01
3.589759999999999991e+02 -1.449287691333317873e+01
3.948729999999999905e+02 -1.457424982780317890e+01
