# # theta [arcmin], log_e(xim)
5.000000000000000000e-01 -1.115645734241756415e+01
5.500000000000000444e-01 -1.113233586951096576e+01
6.049999999999999822e-01 -1.110951045688178063e+01
6.660000000000000364e-01 -1.108795842836600798e+01
7.319999999999999840e-01 -1.106827682388713718e+01
8.050000000000000488e-01 -1.105007611667095446e+01
8.860000000000000098e-01 -1.103349020372875700e+01
9.739999999999999769e-01 -1.101902588184583642e+01
1.072000000000000064e+00 -1.100649046590556956e+01
1.179000000000000048e+00 -1.099634363996391428e+01
1.296999999999999931e+00 -1.098857570598437938e+01
1.427000000000000046e+00 -1.098333068893592213e+01
1.568999999999999950e+00 -1.098079128955800776e+01
1.725999999999999979e+00 -1.098109969592490209e+01
1.899000000000000021e+00 -1.098446013958154843e+01
2.088999999999999968e+00 -1.099104418085878976e+01
2.297000000000000153e+00 -1.100088178333801103e+01
2.527000000000000135e+00 -1.101417161272223488e+01
2.779999999999999805e+00 -1.103099017691932282e+01
3.057999999999999829e+00 -1.105143610445863622e+01
3.363999999999999879e+00 -1.107565359773304614e+01
3.700000000000000178e+00 -1.110367021519859065e+01
4.070000000000000284e+00 -1.113553683828416041e+01
4.477000000000000313e+00 -1.117121269823106289e+01
4.924999999999999822e+00 -1.121073416232589004e+01
5.416999999999999815e+00 -1.125399555268320562e+01
5.958999999999999631e+00 -1.130110174184271976e+01
6.554999999999999716e+00 -1.135190160252844471e+01
7.209999999999999964e+00 -1.140614226181236290e+01
7.932000000000000384e+00 -1.146382582488388380e+01
8.724999999999999645e+00 -1.152455199185537893e+01
9.596999999999999531e+00 -1.158816724887640781e+01
1.055700000000000038e+01 -1.165453419160214033e+01
1.161299999999999955e+01 -1.172330482626666814e+01
1.277399999999999913e+01 -1.179402299650341313e+01
1.405100000000000016e+01 -1.186638430042026648e+01
1.545599999999999952e+01 -1.194006456628801693e+01
1.700199999999999889e+01 -1.201467969188718676e+01
1.870200000000000173e+01 -1.208984958155271094e+01
2.057199999999999918e+01 -1.216519196473199216e+01
2.262999999999999901e+01 -1.224031735952758559e+01
2.489300000000000068e+01 -1.231484542077404853e+01
2.738200000000000145e+01 -1.238854725403594337e+01
3.012000000000000099e+01 -1.246121215153075212e+01
3.313199999999999790e+01 -1.253275808942232317e+01
3.644500000000000028e+01 -1.260305840513952447e+01
4.009000000000000341e+01 -1.267211007057269789e+01
4.409899999999999665e+01 -1.274000177851371340e+01
4.850900000000000034e+01 -1.280690066036660468e+01
5.335900000000000176e+01 -1.287302044680402346e+01
5.869500000000000028e+01 -1.293874973904073045e+01
6.456499999999999773e+01 -1.300438524966853215e+01
7.102100000000000080e+01 -1.307023830404084208e+01
7.812399999999999523e+01 -1.313680515974154517e+01
8.593600000000000705e+01 -1.320452942109443484e+01
9.453000000000000114e+01 -1.327383938735223801e+01
1.039830000000000041e+02 -1.334518697990761815e+01
1.143810000000000002e+02 -1.341888103560187773e+01
1.258190000000000026e+02 -1.349529619584832041e+01
1.384010000000000105e+02 -1.357475344026702224e+01
1.522410000000000139e+02 -1.365760977571200208e+01
1.674650000000000034e+02 -1.374421181371317680e+01
1.842110000000000127e+02 -1.383489574240184972e+01
2.026330000000000098e+02 -1.392980811247349848e+01
2.228959999999999866e+02 -1.402907290595043932e+01
2.451850000000000023e+02 -1.413270122458471256e+01
2.697040000000000077e+02 -1.424063245100413333e+01
2.966739999999999782e+02 -1.435279549568551793e+01
3.263419999999999845e+02 -1.446911111694639729e+01
3.589759999999999991e+02 -1.458943968603487384e+01
3.948729999999999905e+02 -1.471380396759582965e+01
