# # theta [arcmin], log_e(xip)
5.000000000000000000e-01 -8.861728547794246680e+00
5.500000000000000444e-01 -8.898559033661095796e+00
6.049999999999999822e-01 -8.937141932783314147e+00
6.660000000000000364e-01 -8.977875598547305103e+00
7.319999999999999840e-01 -9.019822496957742075e+00
8.050000000000000488e-01 -9.063962968790976404e+00
8.860000000000000098e-01 -9.110514946706926409e+00
9.739999999999999769e-01 -9.158557547428076262e+00
1.072000000000000064e+00 -9.209341870644596639e+00
1.179000000000000048e+00 -9.261927604296097627e+00
1.296999999999999931e+00 -9.316876244762326564e+00
1.427000000000000046e+00 -9.374158262405597242e+00
1.568999999999999950e+00 -9.433293941338106947e+00
1.725999999999999979e+00 -9.495004868559703937e+00
1.899000000000000021e+00 -9.559076199975775623e+00
2.088999999999999968e+00 -9.625277195492163429e+00
2.297000000000000153e+00 -9.693341220328376195e+00
2.527000000000000135e+00 -9.763871359912382530e+00
2.779999999999999805e+00 -9.836400095198298388e+00
3.057999999999999829e+00 -9.910732735603101418e+00
3.363999999999999879e+00 -9.986862204977636992e+00
3.700000000000000178e+00 -1.006445779950904829e+01
4.070000000000000284e+00 -1.014354509228390633e+01
4.477000000000000313e+00 -1.022381320961533646e+01
4.924999999999999822e+00 -1.030508305722607965e+01
5.416999999999999815e+00 -1.038693474286550433e+01
5.958999999999999631e+00 -1.046938517997498330e+01
6.554999999999999716e+00 -1.055205264858273040e+01
7.209999999999999964e+00 -1.063461992182409688e+01
7.932000000000000384e+00 -1.071709850872721681e+01
8.724999999999999645e+00 -1.079896832150976316e+01
9.596999999999999531e+00 -1.088015428088655945e+01
1.055700000000000038e+01 -1.096063472553073126e+01
1.161299999999999955e+01 -1.104026412058023965e+01
1.277399999999999913e+01 -1.111891167363119415e+01
1.405100000000000016e+01 -1.119660491655986867e+01
1.545599999999999952e+01 -1.127341734658432948e+01
1.700199999999999889e+01 -1.134945294028889862e+01
1.870200000000000173e+01 -1.142484682437573262e+01
2.057199999999999918e+01 -1.149983353944392483e+01
2.262999999999999901e+01 -1.157463545683769546e+01
2.489300000000000068e+01 -1.164944772578531840e+01
2.738200000000000145e+01 -1.172458817409318854e+01
3.012000000000000099e+01 -1.180037276498321575e+01
3.313199999999999790e+01 -1.187717401640802173e+01
3.644500000000000028e+01 -1.195531081434736898e+01
4.009000000000000341e+01 -1.203511053025299660e+01
4.409899999999999665e+01 -1.211689102522312211e+01
4.850900000000000034e+01 -1.220099456085460865e+01
5.335900000000000176e+01 -1.228771923874074190e+01
5.869500000000000028e+01 -1.237747752665136325e+01
6.456499999999999773e+01 -1.247056124479990658e+01
7.102100000000000080e+01 -1.256721354702850668e+01
7.812399999999999523e+01 -1.266779672503911591e+01
8.593600000000000705e+01 -1.277257448801256601e+01
9.453000000000000114e+01 -1.288180396642768599e+01
1.039830000000000041e+02 -1.299573733442231038e+01
1.143810000000000002e+02 -1.311448945822833423e+01
1.258190000000000026e+02 -1.323813624729835681e+01
1.384010000000000105e+02 -1.336663863885415005e+01
1.522410000000000139e+02 -1.349999933359381821e+01
1.674650000000000034e+02 -1.363833052953672542e+01
1.842110000000000127e+02 -1.378206997918694121e+01
2.026330000000000098e+02 -1.393197550018760111e+01
2.228959999999999866e+02 -1.408929090867971645e+01
2.451850000000000023e+02 -1.425556757668067576e+01
2.697040000000000077e+02 -1.443239416278276366e+01
2.966739999999999782e+02 -1.462128324711792615e+01
3.263419999999999845e+02 -1.482374992596691321e+01
3.589759999999999991e+02 -1.504093480814093020e+01
3.948729999999999905e+02 -1.527387810128933765e+01
