# # theta [arcmin], log_e(xip)
5.000000000000000000e-01 -8.589296789055945069e+00
5.500000000000000444e-01 -8.631810306392385002e+00
6.049999999999999822e-01 -8.676337820275062285e+00
6.660000000000000364e-01 -8.723331529452835298e+00
7.319999999999999840e-01 -8.771699064085316522e+00
8.050000000000000488e-01 -8.822560733924067478e+00
8.860000000000000098e-01 -8.876151454430784682e+00
9.739999999999999769e-01 -8.931393591336560078e+00
1.072000000000000064e+00 -8.989706366940774629e+00
1.179000000000000048e+00 -9.049986684924874680e+00
1.296999999999999931e+00 -9.112849843587580878e+00
1.427000000000000046e+00 -9.178229489258292517e+00
1.568999999999999950e+00 -9.245541629973290654e+00
1.725999999999999979e+00 -9.315568118670420006e+00
1.899000000000000021e+00 -9.388018088108513126e+00
2.088999999999999968e+00 -9.462583102424821035e+00
2.297000000000000153e+00 -9.538912913514771219e+00
2.527000000000000135e+00 -9.617627639208400581e+00
2.779999999999999805e+00 -9.698146000709170877e+00
3.057999999999999829e+00 -9.780197751427042618e+00
3.363999999999999879e+00 -9.863725831907631303e+00
3.700000000000000178e+00 -9.948329491215760711e+00
4.070000000000000284e+00 -1.003400064766398536e+01
4.477000000000000313e+00 -1.012038117540548221e+01
4.924999999999999822e+00 -1.020727759793287426e+01
5.416999999999999815e+00 -1.029426603899266901e+01
5.958999999999999631e+00 -1.038141626243938376e+01
6.554999999999999716e+00 -1.046841145361018377e+01
7.209999999999999964e+00 -1.055502188338424219e+01
7.932000000000000384e+00 -1.064140409154968658e+01
8.724999999999999645e+00 -1.072718223908436563e+01
9.596999999999999531e+00 -1.081247501830016233e+01
1.055700000000000038e+01 -1.089747877887464789e+01
1.161299999999999955e+01 -1.098227427299473291e+01
1.277399999999999913e+01 -1.106694368894923386e+01
1.405100000000000016e+01 -1.115174389115982478e+01
1.545599999999999952e+01 -1.123696937390635497e+01
1.700199999999999889e+01 -1.132291851660028570e+01
1.870200000000000173e+01 -1.140989967265912242e+01
2.057199999999999918e+01 -1.149829994126849186e+01
2.262999999999999901e+01 -1.158846917499479368e+01
2.489300000000000068e+01 -1.168068480736008041e+01
2.738200000000000145e+01 -1.177534416091908653e+01
3.012000000000000099e+01 -1.187281284898803690e+01
3.313199999999999790e+01 -1.197350547630913553e+01
3.644500000000000028e+01 -1.207775331211890268e+01
4.009000000000000341e+01 -1.218589322648382378e+01
4.409899999999999665e+01 -1.229822938266536703e+01
4.850900000000000034e+01 -1.241508723241608791e+01
5.335900000000000176e+01 -1.253673320272337222e+01
5.869500000000000028e+01 -1.266359702552228939e+01
6.456499999999999773e+01 -1.279594400189233028e+01
7.102100000000000080e+01 -1.293396780484967401e+01
7.812399999999999523e+01 -1.307806949686142417e+01
8.593600000000000705e+01 -1.322852588123538276e+01
9.453000000000000114e+01 -1.338562734648466268e+01
1.039830000000000041e+02 -1.354974056113118230e+01
1.143810000000000002e+02 -1.372107166671251477e+01
1.258190000000000026e+02 -1.389986187604973544e+01
1.384010000000000105e+02 -1.408623705867498366e+01
1.522410000000000139e+02 -1.428043080949538712e+01
1.674650000000000034e+02 -1.448276759935267322e+01
1.842110000000000127e+02 -1.469395411571198196e+01
2.026330000000000098e+02 -1.491478886837563422e+01
2.228959999999999866e+02 -1.514675931343012394e+01
2.451850000000000023e+02 -1.539191125882366507e+01
2.697040000000000077e+02 -1.565280184554074872e+01
2.966739999999999782e+02 -1.593287164368519626e+01
3.263419999999999845e+02 -1.623702559406168078e+01
3.589759999999999991e+02 -1.657076856832004808e+01
3.948729999999999905e+02 -1.694308262712868185e+01
