# # theta [arcmin], log_e(xip)
5.000000000000000000e-01 -9.500550838123096753e+00
5.500000000000000444e-01 -9.546946757594970023e+00
6.049999999999999822e-01 -9.595303391585845887e+00
6.660000000000000364e-01 -9.646052648195322377e+00
7.319999999999999840e-01 -9.697956433547107125e+00
8.050000000000000488e-01 -9.752154037192992675e+00
8.860000000000000098e-01 -9.808814666669544380e+00
9.739999999999999769e-01 -9.866721387785128528e+00
1.072000000000000064e+00 -9.927278731539864509e+00
1.179000000000000048e+00 -9.989248075805926774e+00
1.296999999999999931e+00 -1.005317736351673297e+01
1.427000000000000046e+00 -1.011889932126536529e+01
1.568999999999999950e+00 -1.018574065521585226e+01
1.725999999999999979e+00 -1.025438834189481163e+01
1.899000000000000021e+00 -1.032446241750827198e+01
2.088999999999999968e+00 -1.039558727225527512e+01
2.297000000000000153e+00 -1.046736696682240897e+01
2.527000000000000135e+00 -1.054032245490572883e+01
2.779999999999999805e+00 -1.061386349961559894e+01
3.057999999999999829e+00 -1.068771853662402194e+01
3.363999999999999879e+00 -1.076183065430565833e+01
3.700000000000000178e+00 -1.083586295189271809e+01
4.070000000000000284e+00 -1.090984140414261816e+01
4.477000000000000313e+00 -1.098350971339443838e+01
4.924999999999999822e+00 -1.105677991689809403e+01
5.416999999999999815e+00 -1.112939244986180398e+01
5.958999999999999631e+00 -1.120151685618560400e+01
6.554999999999999716e+00 -1.127301447612691021e+01
7.209999999999999964e+00 -1.134382424634712905e+01
7.932000000000000384e+00 -1.141420383804705452e+01
8.724999999999999645e+00 -1.148397655741450762e+01
9.596999999999999531e+00 -1.155335993042290710e+01
1.055700000000000038e+01 -1.162261946774597554e+01
1.161299999999999955e+01 -1.169191386291515578e+01
1.277399999999999913e+01 -1.176139092684124599e+01
1.405100000000000016e+01 -1.183132725993746881e+01
1.545599999999999952e+01 -1.190201174146366903e+01
1.700199999999999889e+01 -1.197372359513657081e+01
1.870200000000000173e+01 -1.204673180079814188e+01
2.057199999999999918e+01 -1.212136538765207661e+01
2.262999999999999901e+01 -1.219792869768009602e+01
2.489300000000000068e+01 -1.227665263296245080e+01
2.738200000000000145e+01 -1.235786460931653963e+01
3.012000000000000099e+01 -1.244187219722236293e+01
3.313199999999999790e+01 -1.252900973690547914e+01
3.644500000000000028e+01 -1.261955561092192468e+01
4.009000000000000341e+01 -1.271380206747977937e+01
4.409899999999999665e+01 -1.281200377004867619e+01
4.850900000000000034e+01 -1.291444270844581510e+01
5.335900000000000176e+01 -1.302136124571866027e+01
5.869500000000000028e+01 -1.313312103405728948e+01
6.456499999999999773e+01 -1.324996041320733298e+01
7.102100000000000080e+01 -1.337207102581909268e+01
7.812399999999999523e+01 -1.349978199128100798e+01
8.593600000000000705e+01 -1.363331650929913508e+01
9.453000000000000114e+01 -1.377292915211624624e+01
1.039830000000000041e+02 -1.391888693222204942e+01
1.143810000000000002e+02 -1.407132981777942859e+01
1.258190000000000026e+02 -1.423036606821495020e+01
1.384010000000000105e+02 -1.439600946321503550e+01
1.522410000000000139e+02 -1.456832069788625184e+01
1.674650000000000034e+02 -1.474747930007460894e+01
1.842110000000000127e+02 -1.493403988047274211e+01
2.026330000000000098e+02 -1.512878347985075145e+01
2.228959999999999866e+02 -1.533299665085095675e+01
2.451850000000000023e+02 -1.554833209763009272e+01
2.697040000000000077e+02 -1.577663942649265216e+01
2.966739999999999782e+02 -1.602011721593339644e+01
3.263419999999999845e+02 -1.628150497674124253e+01
3.589759999999999991e+02 -1.656331457429342890e+01
3.948729999999999905e+02 -1.686913680993716724e+01
