# # theta [arcmin], log_e(xim)
5.000000000000000000e-01 -1.165425472494618653e+01
5.500000000000000444e-01 -1.163325151885829101e+01
6.049999999999999822e-01 -1.161382948114518143e+01
6.660000000000000364e-01 -1.159600972681696085e+01
7.319999999999999840e-01 -1.158030289199050245e+01
8.050000000000000488e-01 -1.156640989498521144e+01
8.860000000000000098e-01 -1.155448512733385158e+01
9.739999999999999769e-01 -1.154493680422353385e+01
1.072000000000000064e+00 -1.153768927259490695e+01
1.179000000000000048e+00 -1.153309358104929672e+01
1.296999999999999931e+00 -1.153117966370091807e+01
1.427000000000000046e+00 -1.153206761243124312e+01
1.568999999999999950e+00 -1.153586364497787287e+01
1.725999999999999979e+00 -1.154275847680378675e+01
1.899000000000000021e+00 -1.155290135920097327e+01
2.088999999999999968e+00 -1.156640409282893067e+01
2.297000000000000153e+00 -1.158323119788272315e+01
2.527000000000000135e+00 -1.160360275320904933e+01
2.779999999999999805e+00 -1.162750759150657487e+01
3.057999999999999829e+00 -1.165498304530705198e+01
3.363999999999999879e+00 -1.168612903721511209e+01
3.700000000000000178e+00 -1.172090445664592906e+01
4.070000000000000284e+00 -1.175932113875405527e+01
4.477000000000000313e+00 -1.180127656116849622e+01
4.924999999999999822e+00 -1.184676010311458505e+01
5.416999999999999815e+00 -1.189560548597558487e+01
5.958999999999999631e+00 -1.194789080753506383e+01
6.554999999999999716e+00 -1.200341804657931988e+01
7.209999999999999964e+00 -1.206189957692818915e+01
7.932000000000000384e+00 -1.212333130551953353e+01
8.724999999999999645e+00 -1.218728131373467960e+01
9.596999999999999531e+00 -1.225359201749816052e+01
1.055700000000000038e+01 -1.232212972151224584e+01
1.161299999999999955e+01 -1.239255259647286600e+01
1.277399999999999913e+01 -1.246441911216791532e+01
1.405100000000000016e+01 -1.253744944596367539e+01
1.545599999999999952e+01 -1.261134347251213761e+01
1.700199999999999889e+01 -1.268574203812225143e+01
1.870200000000000173e+01 -1.276028918567244475e+01
2.057199999999999918e+01 -1.283462643145812621e+01
2.262999999999999901e+01 -1.290838489734032812e+01
2.489300000000000068e+01 -1.298119373065788373e+01
2.738200000000000145e+01 -1.305282798644101838e+01
3.012000000000000099e+01 -1.312307212850906524e+01
3.313199999999999790e+01 -1.319182760996445758e+01
3.644500000000000028e+01 -1.325894513194161561e+01
4.009000000000000341e+01 -1.332439205005582572e+01
4.409899999999999665e+01 -1.338822199000118118e+01
4.850900000000000034e+01 -1.345056748936736746e+01
5.335900000000000176e+01 -1.351161316727523953e+01
5.869500000000000028e+01 -1.357171767908221760e+01
6.456499999999999773e+01 -1.363115939554727873e+01
7.102100000000000080e+01 -1.369024359687014680e+01
7.812399999999999523e+01 -1.374945787125419905e+01
8.593600000000000705e+01 -1.380925417003813038e+01
9.453000000000000114e+01 -1.387007498615476031e+01
1.039830000000000041e+02 -1.393239612146929574e+01
1.143810000000000002e+02 -1.399656216149034726e+01
1.258190000000000026e+02 -1.406297638732615773e+01
1.384010000000000105e+02 -1.413200055596940530e+01
1.522410000000000139e+02 -1.420402917246924446e+01
1.674650000000000034e+02 -1.427945418616346807e+01
1.842110000000000127e+02 -1.435866948099821627e+01
2.026330000000000098e+02 -1.444193167430466218e+01
2.228959999999999866e+02 -1.452951372040359601e+01
2.451850000000000023e+02 -1.462156129820992589e+01
2.697040000000000077e+02 -1.471806013345026365e+01
2.966739999999999782e+02 -1.481893531071214909e+01
3.263419999999999845e+02 -1.492408712558282602e+01
3.589759999999999991e+02 -1.503328111498791664e+01
3.948729999999999905e+02 -1.514646936564519031e+01
