# # theta [arcmin], log_e(xip)
5.000000000000000000e-01 -8.636772088667175495e+00
5.500000000000000444e-01 -8.677125469183913253e+00
6.049999999999999822e-01 -8.719409747772557395e+00
6.660000000000000364e-01 -8.764060309372544211e+00
7.319999999999999840e-01 -8.810045942147571196e+00
8.050000000000000488e-01 -8.858438501048501834e+00
8.860000000000000098e-01 -8.909472367295425244e+00
9.739999999999999769e-01 -8.962131984672399909e+00
1.072000000000000064e+00 -9.017781396829748886e+00
1.179000000000000048e+00 -9.075380375292555257e+00
1.296999999999999931e+00 -9.135531645408196511e+00
1.427000000000000046e+00 -9.198188505885040556e+00
1.568999999999999950e+00 -9.262809409910950365e+00
1.725999999999999979e+00 -9.330161946541821294e+00
1.899000000000000021e+00 -9.399987978862210269e+00
2.088999999999999968e+00 -9.472009727948520919e+00
2.297000000000000153e+00 -9.545908217682173458e+00
2.527000000000000135e+00 -9.622304855340320984e+00
2.779999999999999805e+00 -9.700655775711535256e+00
3.057999999999999829e+00 -9.780714145079731026e+00
3.363999999999999879e+00 -9.862436784186600747e+00
3.700000000000000178e+00 -9.945437266025791700e+00
4.070000000000000284e+00 -1.002971040344899301e+01
4.477000000000000313e+00 -1.011489993389026587e+01
4.924999999999999822e+00 -1.020080092407045846e+01
5.416999999999999815e+00 -1.028696947132599249e+01
5.958999999999999631e+00 -1.037344094304384967e+01
6.554999999999999716e+00 -1.045985392554315219e+01
7.209999999999999964e+00 -1.054593059222537832e+01
7.932000000000000384e+00 -1.063176462507981235e+01
8.724999999999999645e+00 -1.071691849295843291e+01
9.596999999999999531e+00 -1.080144094581170755e+01
1.055700000000000038e+01 -1.088545718887114688e+01
1.161299999999999955e+01 -1.096898097574751851e+01
1.277399999999999913e+01 -1.105203826437077552e+01
1.405100000000000016e+01 -1.113483086849227810e+01
1.545599999999999952e+01 -1.121760489029884411e+01
1.700199999999999889e+01 -1.130062367371416521e+01
1.870200000000000173e+01 -1.138416995875726556e+01
2.057199999999999918e+01 -1.146861292948234023e+01
2.262999999999999901e+01 -1.155428698000550547e+01
2.489300000000000068e+01 -1.164147045325564456e+01
2.738200000000000145e+01 -1.173055748272797949e+01
3.012000000000000099e+01 -1.182191616216328178e+01
3.313199999999999790e+01 -1.191596257305747741e+01
3.644500000000000028e+01 -1.201303339561512296e+01
4.009000000000000341e+01 -1.211346775809528964e+01
4.409899999999999665e+01 -1.221757656257364566e+01
4.850900000000000034e+01 -1.232568941144268138e+01
5.335900000000000176e+01 -1.243807607995185727e+01
5.869500000000000028e+01 -1.255515392304388378e+01
6.456499999999999773e+01 -1.267718536959424824e+01
7.102100000000000080e+01 -1.280436684169277939e+01
7.812399999999999523e+01 -1.293707248345859817e+01
8.593600000000000705e+01 -1.307555803884153001e+01
9.453000000000000114e+01 -1.322008646593294401e+01
1.039830000000000041e+02 -1.337096705452183620e+01
1.143810000000000002e+02 -1.352835537429401214e+01
1.258190000000000026e+02 -1.369241631842163365e+01
1.384010000000000105e+02 -1.386318650810077102e+01
1.522410000000000139e+02 -1.404078049343170775e+01
1.674650000000000034e+02 -1.422540184717571776e+01
1.842110000000000127e+02 -1.441761574539231461e+01
2.026330000000000098e+02 -1.461816595512459038e+01
2.228959999999999866e+02 -1.482840635764848081e+01
2.451850000000000023e+02 -1.505014946402829246e+01
2.697040000000000077e+02 -1.528549135708757056e+01
2.966739999999999782e+02 -1.553697784018149974e+01
3.263419999999999845e+02 -1.580798352357042624e+01
3.589759999999999991e+02 -1.610177358359346655e+01
3.948729999999999905e+02 -1.642288292004571559e+01
