# # theta [arcmin], log_e(xip)
5.000000000000000000e-01 -9.231755140073300225e+00
5.500000000000000444e-01 -9.279954257681124474e+00
6.049999999999999822e-01 -9.330289564557375570e+00
6.660000000000000364e-01 -9.383236844745827199e+00
7.319999999999999840e-01 -9.437529595999142984e+00
8.050000000000000488e-01 -9.494385997655726328e+00
8.860000000000000098e-01 -9.554018710294130301e+00
9.739999999999999769e-01 -9.615178476692063825e+00
1.072000000000000064e+00 -9.679383502648393645e+00
1.179000000000000048e+00 -9.745357771272365355e+00
1.296999999999999931e+00 -9.813717966238817425e+00
1.427000000000000046e+00 -9.884322383275117474e+00
1.568999999999999950e+00 -9.956478497643880488e+00
1.725999999999999979e+00 -1.003095848973326376e+01
1.899000000000000021e+00 -1.010738157065897624e+01
2.088999999999999968e+00 -1.018536145842435303e+01
2.297000000000000153e+00 -1.026447894179275977e+01
2.527000000000000135e+00 -1.034531990481524666e+01
2.779999999999999805e+00 -1.042723699693084249e+01
3.057999999999999829e+00 -1.050992396795232331e+01
3.363999999999999879e+00 -1.059330388652966448e+01
3.700000000000000178e+00 -1.067697835270573314e+01
4.070000000000000284e+00 -1.076094774157977874e+01
4.477000000000000313e+00 -1.084488585808509775e+01
4.924999999999999822e+00 -1.092865274452347002e+01
5.416999999999999815e+00 -1.101190475263132384e+01
5.958999999999999631e+00 -1.109479095376140201e+01
6.554999999999999716e+00 -1.117710629869589667e+01
7.209999999999999964e+00 -1.125873296010571245e+01
7.932000000000000384e+00 -1.133992807677661574e+01
8.724999999999999645e+00 -1.142044929718703727e+01
9.596999999999999531e+00 -1.150051578456027102e+01
1.055700000000000038e+01 -1.158041564463571049e+01
1.161299999999999955e+01 -1.166031935672293507e+01
1.277399999999999913e+01 -1.174038180299370993e+01
1.405100000000000016e+01 -1.182091773350943775e+01
1.545599999999999952e+01 -1.190226189234875420e+01
1.700199999999999889e+01 -1.198473712772391941e+01
1.870200000000000173e+01 -1.206866442751393187e+01
2.057199999999999918e+01 -1.215443074191388284e+01
2.262999999999999901e+01 -1.224238606894879844e+01
2.489300000000000068e+01 -1.233280185412507990e+01
2.738200000000000145e+01 -1.242606092993862532e+01
3.012000000000000099e+01 -1.252251612356207033e+01
3.313199999999999790e+01 -1.262255947022028302e+01
3.644500000000000028e+01 -1.272650560564533961e+01
4.009000000000000341e+01 -1.283468305495407868e+01
4.409899999999999665e+01 -1.294737657091194905e+01
4.850900000000000034e+01 -1.306489195700049066e+01
5.335900000000000176e+01 -1.318748500184692674e+01
5.869500000000000028e+01 -1.331556349172056208e+01
6.456499999999999773e+01 -1.344937827596048052e+01
7.102100000000000080e+01 -1.358911071412989102e+01
7.812399999999999523e+01 -1.373513775093337230e+01
8.593600000000000705e+01 -1.388771432887588020e+01
9.453000000000000114e+01 -1.404711303532888600e+01
1.039830000000000041e+02 -1.421367795922846433e+01
1.143810000000000002e+02 -1.438760591783818477e+01
1.258190000000000026e+02 -1.456913433379712330e+01
1.384010000000000105e+02 -1.475841018733046006e+01
1.522410000000000139e+02 -1.495568542781925814e+01
1.674650000000000034e+02 -1.516128581843162593e+01
1.842110000000000127e+02 -1.537586453985869817e+01
2.026330000000000098e+02 -1.560004916051399704e+01
2.228959999999999866e+02 -1.583515831699661724e+01
2.451850000000000023e+02 -1.608326243341809203e+01
2.697040000000000077e+02 -1.634715805919817200e+01
2.966739999999999782e+02 -1.663058632682117377e+01
3.263419999999999845e+02 -1.693907347575914102e+01
3.589759999999999991e+02 -1.727914499040040397e+01
3.948729999999999905e+02 -1.766100124993037923e+01
