# # theta [arcmin], log_e(xim)
5.000000000000000000e-01 -1.173944132111788008e+01
5.500000000000000444e-01 -1.171245979522884539e+01
6.049999999999999822e-01 -1.168600406975731865e+01
6.660000000000000364e-01 -1.165994652107413820e+01
7.319999999999999840e-01 -1.163493819568832777e+01
8.050000000000000488e-01 -1.161041988849901685e+01
8.860000000000000098e-01 -1.158642508374685853e+01
9.739999999999999769e-01 -1.156355424335534643e+01
1.072000000000000064e+00 -1.154134489853884382e+01
1.179000000000000048e+00 -1.152037897348017204e+01
1.296999999999999931e+00 -1.150049306847723329e+01
1.427000000000000046e+00 -1.148179217473035862e+01
1.568999999999999950e+00 -1.146454205017877648e+01
1.725999999999999979e+00 -1.144867542293875395e+01
1.899000000000000021e+00 -1.143442024631974263e+01
2.088999999999999968e+00 -1.142199029613026795e+01
2.297000000000000153e+00 -1.141149405816096696e+01
2.527000000000000135e+00 -1.140294434078467845e+01
2.779999999999999805e+00 -1.139655943278923722e+01
3.057999999999999829e+00 -1.139251477351602482e+01
3.363999999999999879e+00 -1.139097778018306961e+01
3.700000000000000178e+00 -1.139212033378152356e+01
4.070000000000000284e+00 -1.139602904446314469e+01
4.477000000000000313e+00 -1.140281892950269516e+01
4.924999999999999822e+00 -1.141264764435039503e+01
5.416999999999999815e+00 -1.142564012551174280e+01
5.958999999999999631e+00 -1.144198994830755822e+01
6.554999999999999716e+00 -1.146179423371419759e+01
7.209999999999999964e+00 -1.148505449408197521e+01
7.932000000000000384e+00 -1.151190898176437116e+01
8.724999999999999645e+00 -1.154232925022752632e+01
9.596999999999999531e+00 -1.157640065830790199e+01
1.055700000000000038e+01 -1.161423431084978652e+01
1.161299999999999955e+01 -1.165580221833638674e+01
1.277399999999999913e+01 -1.170097797233527537e+01
1.405100000000000016e+01 -1.174973915329603891e+01
1.545599999999999952e+01 -1.180205845616238491e+01
1.700199999999999889e+01 -1.185786313245448476e+01
1.870200000000000173e+01 -1.191706165647933524e+01
2.057199999999999918e+01 -1.197951461020689656e+01
2.262999999999999901e+01 -1.204502409651214023e+01
2.489300000000000068e+01 -1.211336238805127508e+01
2.738200000000000145e+01 -1.218437103812486555e+01
3.012000000000000099e+01 -1.225783741946779415e+01
3.313199999999999790e+01 -1.233358515942945921e+01
3.644500000000000028e+01 -1.241128222616467269e+01
4.009000000000000341e+01 -1.249060182690415211e+01
4.409899999999999665e+01 -1.257122283165763577e+01
4.850900000000000034e+01 -1.265281860341656639e+01
5.335900000000000176e+01 -1.273498654692983045e+01
5.869500000000000028e+01 -1.281744741521604602e+01
6.456499999999999773e+01 -1.289971634933738720e+01
7.102100000000000080e+01 -1.298130531882904570e+01
7.812399999999999523e+01 -1.306188935516273553e+01
8.593600000000000705e+01 -1.314108605805286700e+01
9.453000000000000114e+01 -1.321851641231124219e+01
1.039830000000000041e+02 -1.329389634092386530e+01
1.143810000000000002e+02 -1.336683271543329177e+01
1.258190000000000026e+02 -1.343710631454301740e+01
1.384010000000000105e+02 -1.350457080438304480e+01
1.522410000000000139e+02 -1.356937417933993117e+01
1.674650000000000034e+02 -1.363194727243464577e+01
1.842110000000000127e+02 -1.369300093247583128e+01
2.026330000000000098e+02 -1.375329473219634835e+01
2.228959999999999866e+02 -1.381356844508695936e+01
2.451850000000000023e+02 -1.387408969820525684e+01
2.697040000000000077e+02 -1.393442349421798632e+01
2.966739999999999782e+02 -1.399352767217778926e+01
3.263419999999999845e+02 -1.405020772094974291e+01
3.589759999999999991e+02 -1.410359391091830794e+01
3.948729999999999905e+02 -1.415348530278581940e+01
