# # theta [arcmin], log_e(xip)
5.000000000000000000e-01 -8.844452894041936020e+00
5.500000000000000444e-01 -8.890509407860363922e+00
6.049999999999999822e-01 -8.938693935848542438e+00
6.660000000000000364e-01 -8.989479423819524584e+00
7.319999999999999840e-01 -9.041666522916855797e+00
8.050000000000000488e-01 -9.096442205996940089e+00
8.860000000000000098e-01 -9.154034710515103868e+00
9.739999999999999769e-01 -9.213256820681326786e+00
1.072000000000000064e+00 -9.275599792899575036e+00
1.179000000000000048e+00 -9.339847871329125084e+00
1.296999999999999931e+00 -9.406622931626767325e+00
1.427000000000000046e+00 -9.475810956062744594e+00
1.568999999999999950e+00 -9.546753830324872681e+00
1.725999999999999979e+00 -9.620231510522240015e+00
1.899000000000000021e+00 -9.695889976131004673e+00
2.088999999999999968e+00 -9.773363031714488613e+00
2.297000000000000153e+00 -9.852246109492835302e+00
2.527000000000000135e+00 -9.933136366828636099e+00
2.779999999999999805e+00 -1.001539590299639215e+01
3.057999999999999829e+00 -1.009871928821490883e+01
3.363999999999999879e+00 -1.018302818992676961e+01
3.700000000000000178e+00 -1.026791158612381238e+01
4.070000000000000284e+00 -1.035336327406176338e+01
4.477000000000000313e+00 -1.043904038949108326e+01
4.924999999999999822e+00 -1.052478525227210859e+01
5.416999999999999815e+00 -1.061023033588727671e+01
5.958999999999999631e+00 -1.069551275006873325e+01
6.554999999999999716e+00 -1.078040662111208725e+01
7.209999999999999964e+00 -1.086477826540719960e+01
7.932000000000000384e+00 -1.094888405598699599e+01
8.724999999999999645e+00 -1.103246668182087653e+01
9.596999999999999531e+00 -1.111574995416357403e+01
1.055700000000000038e+01 -1.119903120336226365e+01
1.161299999999999955e+01 -1.128248936901542265e+01
1.277399999999999913e+01 -1.136628894586979577e+01
1.405100000000000016e+01 -1.145076038321287548e+01
1.545599999999999952e+01 -1.153625315199545831e+01
1.700199999999999889e+01 -1.162310859074102432e+01
1.870200000000000173e+01 -1.171166181027230735e+01
2.057199999999999918e+01 -1.180231766552454076e+01
2.262999999999999901e+01 -1.189543659298516509e+01
2.489300000000000068e+01 -1.199129599934956936e+01
2.738200000000000145e+01 -1.209028840613677858e+01
3.012000000000000099e+01 -1.219277307815136879e+01
3.313199999999999790e+01 -1.229915199548676163e+01
3.644500000000000028e+01 -1.240974401629657997e+01
4.009000000000000341e+01 -1.252487806348327481e+01
4.409899999999999665e+01 -1.264484182866633155e+01
4.850900000000000034e+01 -1.276994432694634440e+01
5.335900000000000176e+01 -1.290043936943088987e+01
5.869500000000000028e+01 -1.303675143750349363e+01
6.456499999999999773e+01 -1.317913480730869047e+01
7.102100000000000080e+01 -1.332776401922466647e+01
7.812399999999999523e+01 -1.348303917122300000e+01
8.593600000000000705e+01 -1.364523206192264304e+01
9.453000000000000114e+01 -1.381463194405854011e+01
1.039830000000000041e+02 -1.399162883494463117e+01
1.143810000000000002e+02 -1.417644140255707441e+01
1.258190000000000026e+02 -1.436934772434018015e+01
1.384010000000000105e+02 -1.457053761033739470e+01
1.522410000000000139e+02 -1.478036777902497612e+01
1.674650000000000034e+02 -1.499934615045080655e+01
1.842110000000000127e+02 -1.522848611760154647e+01
2.026330000000000098e+02 -1.546887527987210831e+01
2.228959999999999866e+02 -1.572249099774228931e+01
2.451850000000000023e+02 -1.599213811773347871e+01
2.697040000000000077e+02 -1.628154583747074824e+01
2.966739999999999782e+02 -1.659608854959583013e+01
3.263419999999999845e+02 -1.694420501474462881e+01
3.589759999999999991e+02 -1.733707211606247256e+01
3.948729999999999905e+02 -1.779585683768105042e+01
