# # theta [arcmin], log_e(xip)
5.000000000000000000e-01 -9.267799795820980790e+00
5.500000000000000444e-01 -9.315170916982156157e+00
6.049999999999999822e-01 -9.364564387825794256e+00
6.660000000000000364e-01 -9.416423409997896954e+00
7.319999999999999840e-01 -9.469484357113461925e+00
8.050000000000000488e-01 -9.524912770221829916e+00
8.860000000000000098e-01 -9.582883988510712214e+00
9.739999999999999769e-01 -9.642153972887951952e+00
1.072000000000000064e+00 -9.704161724639456921e+00
1.179000000000000048e+00 -9.767640917155731017e+00
1.296999999999999931e+00 -9.833153607357283832e+00
1.427000000000000046e+00 -9.900529332387142389e+00
1.568999999999999950e+00 -9.969078146908714189e+00
1.725999999999999979e+00 -1.003950592083685933e+01
1.899000000000000021e+00 -1.011142259179099412e+01
2.088999999999999968e+00 -1.018444376107258798e+01
2.297000000000000153e+00 -1.025816363838056056e+01
2.527000000000000135e+00 -1.033311759498132432e+01
2.779999999999999805e+00 -1.040870062285488906e+01
3.057999999999999829e+00 -1.048463729064261862e+01
3.363999999999999879e+00 -1.056087230060027160e+01
3.700000000000000178e+00 -1.063706680364656165e+01
4.070000000000000284e+00 -1.071325619364211157e+01
4.477000000000000313e+00 -1.078918797551973974e+01
4.924999999999999822e+00 -1.086478820272105494e+01
5.416999999999999815e+00 -1.093980809216989059e+01
5.958999999999999631e+00 -1.101444614410739220e+01
6.554999999999999716e+00 -1.108858822770451091e+01
7.209999999999999964e+00 -1.116219817330139819e+01
7.932000000000000384e+00 -1.123557785964250577e+01
8.724999999999999645e+00 -1.130857744824034405e+01
9.596999999999999531e+00 -1.138145431819544662e+01
1.055700000000000038e+01 -1.145452260355424379e+01
1.161299999999999955e+01 -1.152797808941320312e+01
1.277399999999999913e+01 -1.160200435962046051e+01
1.405100000000000016e+01 -1.167691736110386280e+01
1.545599999999999952e+01 -1.175304352149057863e+01
1.700199999999999889e+01 -1.183069471789741733e+01
1.870200000000000173e+01 -1.191016812028572502e+01
2.057199999999999918e+01 -1.199182244307146838e+01
2.262999999999999901e+01 -1.207598623003112515e+01
2.489300000000000068e+01 -1.216290415817879556e+01
2.738200000000000145e+01 -1.225292444953407411e+01
3.012000000000000099e+01 -1.234637065156178437e+01
3.313199999999999790e+01 -1.244359558651408726e+01
3.644500000000000028e+01 -1.254488802516813983e+01
4.009000000000000341e+01 -1.265055044842893928e+01
4.409899999999999665e+01 -1.276084179740365165e+01
4.850900000000000034e+01 -1.287604836987168611e+01
5.335900000000000176e+01 -1.299641201576454108e+01
5.869500000000000028e+01 -1.312231337865428671e+01
6.456499999999999773e+01 -1.325399029897137382e+01
7.102100000000000080e+01 -1.339161958685857279e+01
7.812399999999999523e+01 -1.353555047346686990e+01
8.593600000000000705e+01 -1.368601329149568713e+01
9.453000000000000114e+01 -1.384327803059515638e+01
1.039830000000000041e+02 -1.400765835451101538e+01
1.143810000000000002e+02 -1.417932133004450357e+01
1.258190000000000026e+02 -1.435843263943086257e+01
1.384010000000000105e+02 -1.454508274730337547e+01
1.522410000000000139e+02 -1.473947112799287140e+01
1.674650000000000034e+02 -1.494198666217583593e+01
1.842110000000000127e+02 -1.515353793937090288e+01
2.026330000000000098e+02 -1.537521256310879281e+01
2.228959999999999866e+02 -1.560869404061834587e+01
2.451850000000000023e+02 -1.585611453680661320e+01
2.697040000000000077e+02 -1.612010947734618682e+01
2.966739999999999782e+02 -1.640419311290208526e+01
3.263419999999999845e+02 -1.671321543759523465e+01
3.589759999999999991e+02 -1.705285793640047842e+01
3.948729999999999905e+02 -1.743272221473085537e+01
