# # theta [arcmin], log_e(xim)
5.000000000000000000e-01 -1.171810668423445811e+01
5.500000000000000444e-01 -1.168876710186663104e+01
6.049999999999999822e-01 -1.166018853559537938e+01
6.660000000000000364e-01 -1.163225441994436160e+01
7.319999999999999840e-01 -1.160568284593994015e+01
8.050000000000000488e-01 -1.157990076597911511e+01
8.860000000000000098e-01 -1.155497070735317955e+01
9.739999999999999769e-01 -1.153153637863925240e+01
1.072000000000000064e+00 -1.150914860628873093e+01
1.179000000000000048e+00 -1.148842116279207559e+01
1.296999999999999931e+00 -1.146921580377547478e+01
1.427000000000000046e+00 -1.145166481017154325e+01
1.568999999999999950e+00 -1.143604035264254470e+01
1.725999999999999979e+00 -1.142231723109960662e+01
1.899000000000000021e+00 -1.141073807836571241e+01
2.088999999999999968e+00 -1.140152452943654815e+01
2.297000000000000153e+00 -1.139478071696186845e+01
2.527000000000000135e+00 -1.139056359486107972e+01
2.779999999999999805e+00 -1.138907553684667029e+01
3.057999999999999829e+00 -1.139048219398739192e+01
3.363999999999999879e+00 -1.139495400262282487e+01
3.700000000000000178e+00 -1.140263263320685461e+01
4.070000000000000284e+00 -1.141360243832546217e+01
4.477000000000000313e+00 -1.142794205959233622e+01
4.924999999999999822e+00 -1.144578190240141247e+01
5.416999999999999815e+00 -1.146718852858915128e+01
5.958999999999999631e+00 -1.149233589249468501e+01
6.554999999999999716e+00 -1.152125697581982600e+01
7.209999999999999964e+00 -1.155388559403061954e+01
7.932000000000000384e+00 -1.159032457004235361e+01
8.724999999999999645e+00 -1.163044324830911869e+01
9.596999999999999531e+00 -1.167426368002101711e+01
1.055700000000000038e+01 -1.172183160099524457e+01
1.161299999999999955e+01 -1.177302752016372089e+01
1.277399999999999913e+01 -1.182762620985992896e+01
1.405100000000000016e+01 -1.188551697957071518e+01
1.545599999999999952e+01 -1.194657309582718696e+01
1.700199999999999889e+01 -1.201060619596685264e+01
1.870200000000000173e+01 -1.207740101745551442e+01
2.057199999999999918e+01 -1.214669171442357154e+01
2.262999999999999901e+01 -1.221814563162282496e+01
2.489300000000000068e+01 -1.229138699056615458e+01
2.738200000000000145e+01 -1.236610971621253618e+01
3.012000000000000099e+01 -1.244194638291729405e+01
3.313199999999999790e+01 -1.251857131825848235e+01
3.644500000000000028e+01 -1.259551136501208290e+01
4.009000000000000341e+01 -1.267232205070218676e+01
4.409899999999999665e+01 -1.274858606623946500e+01
4.850900000000000034e+01 -1.282391014770322180e+01
5.335900000000000176e+01 -1.289787912523129698e+01
5.869500000000000028e+01 -1.297024762377855112e+01
6.456499999999999773e+01 -1.304065021955603498e+01
7.102100000000000080e+01 -1.310878744876325896e+01
7.812399999999999523e+01 -1.317459395300797986e+01
8.593600000000000705e+01 -1.323802846998638749e+01
9.453000000000000114e+01 -1.329911308581581686e+01
1.039830000000000041e+02 -1.335799457583781980e+01
1.143810000000000002e+02 -1.341478131304079646e+01
1.258190000000000026e+02 -1.346982376322591968e+01
1.384010000000000105e+02 -1.352362558010607607e+01
1.522410000000000139e+02 -1.357694100163173268e+01
1.674650000000000034e+02 -1.363066468992652069e+01
1.842110000000000127e+02 -1.368571463352184736e+01
2.026330000000000098e+02 -1.374268769692651304e+01
2.228959999999999866e+02 -1.380176249713018777e+01
2.451850000000000023e+02 -1.386255363418102959e+01
2.697040000000000077e+02 -1.392430329027815006e+01
2.966739999999999782e+02 -1.398636103983261236e+01
3.263419999999999845e+02 -1.404841900607560845e+01
3.589759999999999991e+02 -1.411054129919552658e+01
3.948729999999999905e+02 -1.417334631824681779e+01
