# # theta [arcmin], log_e(xim)
5.000000000000000000e-01 -1.237655804679621419e+01
5.500000000000000444e-01 -1.235333096566580657e+01
6.049999999999999822e-01 -1.233106392325385414e+01
6.660000000000000364e-01 -1.230970709614016734e+01
7.319999999999999840e-01 -1.228982975974511582e+01
8.050000000000000488e-01 -1.227101764927060579e+01
8.860000000000000098e-01 -1.225336867647278893e+01
9.739999999999999769e-01 -1.223738809577477049e+01
1.072000000000000064e+00 -1.222282091812037130e+01
1.179000000000000048e+00 -1.221014090970612820e+01
1.296999999999999931e+00 -1.219929506530377061e+01
1.427000000000000046e+00 -1.219041112983262920e+01
1.568999999999999950e+00 -1.218369079826371504e+01
1.725999999999999979e+00 -1.217921418496079689e+01
1.899000000000000021e+00 -1.217718941123910348e+01
2.088999999999999968e+00 -1.217780010706451677e+01
2.297000000000000153e+00 -1.218110280307886839e+01
2.527000000000000135e+00 -1.218723636735187910e+01
2.779999999999999805e+00 -1.219632530557529293e+01
3.057999999999999829e+00 -1.220849517749265978e+01
3.363999999999999879e+00 -1.222389960574245826e+01
3.700000000000000178e+00 -1.224261920940992887e+01
4.070000000000000284e+00 -1.226472007328366587e+01
4.477000000000000313e+00 -1.229021932967333086e+01
4.924999999999999822e+00 -1.231920170276418602e+01
5.416999999999999815e+00 -1.235165047745189604e+01
5.958999999999999631e+00 -1.238771179521683052e+01
6.554999999999999716e+00 -1.242733771230176032e+01
7.209999999999999964e+00 -1.247038590806108260e+01
7.932000000000000384e+00 -1.251693082105438393e+01
8.724999999999999645e+00 -1.256673868616744194e+01
9.596999999999999531e+00 -1.261978184294984473e+01
1.055700000000000038e+01 -1.267606059489883918e+01
1.161299999999999955e+01 -1.273539732660900725e+01
1.277399999999999913e+01 -1.279751558647056875e+01
1.405100000000000016e+01 -1.286227786115870408e+01
1.545599999999999952e+01 -1.292953182791526778e+01
1.700199999999999889e+01 -1.299906844906524128e+01
1.870200000000000173e+01 -1.307066269101217060e+01
2.057199999999999918e+01 -1.314405443666626994e+01
2.262999999999999901e+01 -1.321893209884003717e+01
2.489300000000000068e+01 -1.329494393218356052e+01
2.738200000000000145e+01 -1.337182459536930956e+01
3.012000000000000099e+01 -1.344925346975661817e+01
3.313199999999999790e+01 -1.352695761483047043e+01
3.644500000000000028e+01 -1.360452542152745004e+01
4.009000000000000341e+01 -1.368157949521849481e+01
4.409899999999999665e+01 -1.375776065242336976e+01
4.850900000000000034e+01 -1.383272569171102084e+01
5.335900000000000176e+01 -1.390610573090419066e+01
5.869500000000000028e+01 -1.397768895721376126e+01
6.456499999999999773e+01 -1.404713194478524230e+01
7.102100000000000080e+01 -1.411413386805523196e+01
7.812399999999999523e+01 -1.417860664481536581e+01
8.593600000000000705e+01 -1.424045669508688938e+01
9.453000000000000114e+01 -1.429963031254880512e+01
1.039830000000000041e+02 -1.435619797320174307e+01
1.143810000000000002e+02 -1.441018855363472717e+01
1.258190000000000026e+02 -1.446178770233548683e+01
1.384010000000000105e+02 -1.451118613221935227e+01
1.522410000000000139e+02 -1.455871432426704004e+01
1.674650000000000034e+02 -1.460487595046497056e+01
1.842110000000000127e+02 -1.465040519072008784e+01
2.026330000000000098e+02 -1.469614413014474330e+01
2.228959999999999866e+02 -1.474313451895477556e+01
2.451850000000000023e+02 -1.479235044575248637e+01
2.697040000000000077e+02 -1.484435203781715629e+01
2.966739999999999782e+02 -1.489896303938816047e+01
3.263419999999999845e+02 -1.495528020988244577e+01
3.589759999999999991e+02 -1.501211590213138614e+01
3.948729999999999905e+02 -1.506866240206195862e+01
