# # theta [arcmin], log_e(xip)
5.000000000000000000e-01 -8.529818050633993565e+00
5.500000000000000444e-01 -8.574670832674424759e+00
6.049999999999999822e-01 -8.621640790575831659e+00
6.660000000000000364e-01 -8.671196715404780875e+00
7.319999999999999840e-01 -8.722175780857302385e+00
8.050000000000000488e-01 -8.775745032414217661e+00
8.860000000000000098e-01 -8.832136840088258722e+00
9.739999999999999769e-01 -8.890197885789337562e+00
1.072000000000000064e+00 -8.951396565997514543e+00
1.179000000000000048e+00 -9.014549107051090360e+00
1.296999999999999931e+00 -9.080273097486580625e+00
1.427000000000000046e+00 -9.148462888260258552e+00
1.568999999999999950e+00 -9.218473960106242870e+00
1.725999999999999979e+00 -9.291080472771781729e+00
1.899000000000000021e+00 -9.365935911777741651e+00
2.088999999999999968e+00 -9.442679069367377664e+00
2.297000000000000153e+00 -9.520908885794721499e+00
2.527000000000000135e+00 -9.601218045945170587e+00
2.779999999999999805e+00 -9.682973856261268608e+00
3.057999999999999829e+00 -9.765873828975088600e+00
3.363999999999999879e+00 -9.849842715194228049e+00
3.700000000000000178e+00 -9.934476797373035240e+00
4.070000000000000284e+00 -1.001978094825721044e+01
4.477000000000000313e+00 -1.010543067941810769e+01
4.924999999999999822e+00 -1.019129149908092202e+01
5.416999999999999815e+00 -1.027702675928109954e+01
5.958999999999999631e+00 -1.036281177023797184e+01
6.554999999999999716e+00 -1.044846441431925399e+01
7.209999999999999964e+00 -1.053390184112614314e+01
7.932000000000000384e+00 -1.061943714324518417e+01
8.724999999999999645e+00 -1.070486469501327065e+01
9.596999999999999531e+00 -1.079046417229710109e+01
1.055700000000000038e+01 -1.087658887639432592e+01
1.161299999999999955e+01 -1.096346333712939192e+01
1.277399999999999913e+01 -1.105129239632204907e+01
1.405100000000000016e+01 -1.114043888637793245e+01
1.545599999999999952e+01 -1.123128133425669795e+01
1.700199999999999889e+01 -1.132417793238797366e+01
1.870200000000000173e+01 -1.141947064163939096e+01
2.057199999999999918e+01 -1.151757194314997790e+01
2.262999999999999901e+01 -1.161884091235196337e+01
2.489300000000000068e+01 -1.172354045252600407e+01
2.738200000000000145e+01 -1.183205527457833028e+01
3.012000000000000099e+01 -1.194473259770121132e+01
3.313199999999999790e+01 -1.206196849203986332e+01
3.644500000000000028e+01 -1.218406969562217768e+01
4.009000000000000341e+01 -1.231135427541067529e+01
4.409899999999999665e+01 -1.244409686686967653e+01
4.850900000000000034e+01 -1.258259904652866723e+01
5.335900000000000176e+01 -1.272710518306391414e+01
5.869500000000000028e+01 -1.287806008087949472e+01
6.456499999999999773e+01 -1.303571698367965404e+01
7.102100000000000080e+01 -1.320023573366197134e+01
7.812399999999999523e+01 -1.337204663676489780e+01
8.593600000000000705e+01 -1.355144850478679253e+01
9.453000000000000114e+01 -1.373876342859452571e+01
1.039830000000000041e+02 -1.393447192508057420e+01
1.143810000000000002e+02 -1.413884675142735681e+01
1.258190000000000026e+02 -1.435227383990165428e+01
1.384010000000000105e+02 -1.457509715855918664e+01
1.522410000000000139e+02 -1.480797227315244591e+01
1.674650000000000034e+02 -1.505189430134316630e+01
1.842110000000000127e+02 -1.530879832273380536e+01
2.026330000000000098e+02 -1.558083707621117675e+01
2.228959999999999866e+02 -1.587163565304813417e+01
2.451850000000000023e+02 -1.618631935404542688e+01
2.697040000000000077e+02 -1.653245070782351789e+01
2.966739999999999782e+02 -1.692252909199558175e+01
3.263419999999999845e+02 -1.737951255698791897e+01
3.589759999999999991e+02 -1.794901037948180544e+01
3.948729999999999905e+02 -1.876847990870214389e+01
