# # theta [arcmin], log_e(xim)
5.000000000000000000e-01 -1.096906746715401226e+01
5.500000000000000444e-01 -1.094697776596177441e+01
6.049999999999999822e-01 -1.092600473043316889e+01
6.660000000000000364e-01 -1.090612842551909623e+01
7.319999999999999840e-01 -1.088789814422569968e+01
8.050000000000000488e-01 -1.087095474351807844e+01
8.860000000000000098e-01 -1.085542774209437944e+01
9.739999999999999769e-01 -1.084180050317812238e+01
1.072000000000000064e+00 -1.082990236035625564e+01
1.179000000000000048e+00 -1.082018386664764087e+01
1.296999999999999931e+00 -1.081264727063387632e+01
1.427000000000000046e+00 -1.080744762048221830e+01
1.568999999999999950e+00 -1.080478278107783829e+01
1.725999999999999979e+00 -1.080481134986063196e+01
1.899000000000000021e+00 -1.080776029066588428e+01
2.088999999999999968e+00 -1.081382603425095112e+01
2.297000000000000153e+00 -1.082307019681323723e+01
2.527000000000000135e+00 -1.083571510358075152e+01
2.779999999999999805e+00 -1.085187388159699751e+01
3.057999999999999829e+00 -1.087167807847105649e+01
3.363999999999999879e+00 -1.089530279784657729e+01
3.700000000000000178e+00 -1.092280873899225746e+01
4.070000000000000284e+00 -1.095427585792298864e+01
4.477000000000000313e+00 -1.098969035832770125e+01
4.924999999999999822e+00 -1.102911077402347750e+01
5.416999999999999815e+00 -1.107245041967261479e+01
5.958999999999999631e+00 -1.111982920330107305e+01
6.554999999999999716e+00 -1.117110541059387074e+01
7.209999999999999964e+00 -1.122603070236552547e+01
7.932000000000000384e+00 -1.128461130432580006e+01
8.724999999999999645e+00 -1.134644115798415243e+01
9.596999999999999531e+00 -1.141136395641037282e+01
1.055700000000000038e+01 -1.147924120356703526e+01
1.161299999999999955e+01 -1.154971860705991205e+01
1.277399999999999913e+01 -1.162233639471353008e+01
1.405100000000000016e+01 -1.169679193452758881e+01
1.545599999999999952e+01 -1.177276697426217211e+01
1.700199999999999889e+01 -1.184988770162185112e+01
1.870200000000000173e+01 -1.192778869742564218e+01
2.057199999999999918e+01 -1.200611158361654240e+01
2.262999999999999901e+01 -1.208449504058886603e+01
2.489300000000000068e+01 -1.216258853359093450e+01
2.738200000000000145e+01 -1.224019794637376357e+01
3.012000000000000099e+01 -1.231714633924289970e+01
3.313199999999999790e+01 -1.239338511624085370e+01
3.644500000000000028e+01 -1.246881316077111101e+01
4.009000000000000341e+01 -1.254344873049926790e+01
4.409899999999999665e+01 -1.261739084963360646e+01
4.850900000000000034e+01 -1.269080566154674727e+01
5.335900000000000176e+01 -1.276389344542097248e+01
5.869500000000000028e+01 -1.283702768054002163e+01
6.456499999999999773e+01 -1.291047492778667127e+01
7.102100000000000080e+01 -1.298450846965564764e+01
7.812399999999999523e+01 -1.305959423319128732e+01
8.593600000000000705e+01 -1.313613578308874885e+01
9.453000000000000114e+01 -1.321451485117732538e+01
1.039830000000000041e+02 -1.329514419216565990e+01
1.143810000000000002e+02 -1.337829100155806117e+01
1.258190000000000026e+02 -1.346429679918802691e+01
1.384010000000000105e+02 -1.355343941337529401e+01
1.522410000000000139e+02 -1.364603110918361750e+01
1.674650000000000034e+02 -1.374235861408855897e+01
1.842110000000000127e+02 -1.384270037347203441e+01
2.026330000000000098e+02 -1.394716599700483251e+01
2.228959999999999866e+02 -1.405590734403916287e+01
2.451850000000000023e+02 -1.416898975659810311e+01
2.697040000000000077e+02 -1.428637872081151272e+01
2.966739999999999782e+02 -1.440802158511213271e+01
3.263419999999999845e+02 -1.453384981082382765e+01
3.589759999999999991e+02 -1.466366308347368630e+01
3.948729999999999905e+02 -1.479743534418675921e+01
