# # theta [arcmin], log_e(xim)
5.000000000000000000e-01 -1.128636695128322387e+01
5.500000000000000444e-01 -1.126181194575908684e+01
6.049999999999999822e-01 -1.123869496055536743e+01
6.660000000000000364e-01 -1.121699847545308337e+01
7.319999999999999840e-01 -1.119732525582121596e+01
8.050000000000000488e-01 -1.117928580774541736e+01
8.860000000000000098e-01 -1.116301816999409446e+01
9.739999999999999769e-01 -1.114901942851249395e+01
1.072000000000000064e+00 -1.113710408937674856e+01
1.179000000000000048e+00 -1.112771476619638200e+01
1.296999999999999931e+00 -1.112084013488592404e+01
1.427000000000000046e+00 -1.111661143387036432e+01
1.568999999999999950e+00 -1.111518813940653594e+01
1.725999999999999979e+00 -1.111670764823874258e+01
1.899000000000000021e+00 -1.112135240608998110e+01
2.088999999999999968e+00 -1.112926775236380372e+01
2.297000000000000153e+00 -1.114045542296823932e+01
2.527000000000000135e+00 -1.115510068234943830e+01
2.779999999999999805e+00 -1.117324765740016446e+01
3.057999999999999829e+00 -1.119496640163417567e+01
3.363999999999999879e+00 -1.122037376840715339e+01
3.700000000000000178e+00 -1.124947179412141374e+01
4.070000000000000284e+00 -1.128228607776109094e+01
4.477000000000000313e+00 -1.131875192127114538e+01
4.924999999999999822e+00 -1.135888507693917227e+01
5.416999999999999815e+00 -1.140255830350623967e+01
5.958999999999999631e+00 -1.144986428456328120e+01
6.554999999999999716e+00 -1.150063628719468412e+01
7.209999999999999964e+00 -1.155461387638789361e+01
7.932000000000000384e+00 -1.161179431935233275e+01
8.724999999999999645e+00 -1.167177736155337087e+01
9.596999999999999531e+00 -1.173441076694017049e+01
1.055700000000000038e+01 -1.179956061896576358e+01
1.161299999999999955e+01 -1.186688823304240614e+01
1.277399999999999913e+01 -1.193594902442221617e+01
1.405100000000000016e+01 -1.200644978976943378e+01
1.545599999999999952e+01 -1.207807757509426416e+01
1.700199999999999889e+01 -1.215046047094668680e+01
1.870200000000000173e+01 -1.222322958773966306e+01
2.057199999999999918e+01 -1.229601070106846983e+01
2.262999999999999901e+01 -1.236841935456462593e+01
2.489300000000000068e+01 -1.244007797293759943e+01
2.738200000000000145e+01 -1.251075466844858219e+01
3.012000000000000099e+01 -1.258023416374481585e+01
3.313199999999999790e+01 -1.264842437690001198e+01
3.644500000000000028e+01 -1.271518673480728978e+01
4.009000000000000341e+01 -1.278050247149009166e+01
4.409899999999999665e+01 -1.284444607552308959e+01
4.850900000000000034e+01 -1.290717296865220298e+01
5.335900000000000176e+01 -1.296888721072421014e+01
5.869500000000000028e+01 -1.302996652813836143e+01
6.456499999999999773e+01 -1.309070193289625195e+01
7.102100000000000080e+01 -1.315140760706105638e+01
7.812399999999999523e+01 -1.321257477810365089e+01
8.593600000000000705e+01 -1.327465478674666777e+01
9.453000000000000114e+01 -1.333808454290289980e+01
1.039830000000000041e+02 -1.340332673770263128e+01
1.143810000000000002e+02 -1.347070528062570638e+01
1.258190000000000026e+02 -1.354061057952503866e+01
1.384010000000000105e+02 -1.361339699484557464e+01
1.522410000000000139e+02 -1.368946750812425250e+01
1.674650000000000034e+02 -1.376922543355052753e+01
1.842110000000000127e+02 -1.385305823142927117e+01
2.026330000000000098e+02 -1.394113625454638417e+01
2.228959999999999866e+02 -1.403357465656852199e+01
2.451850000000000023e+02 -1.413037021800088056e+01
2.697040000000000077e+02 -1.423145048594592943e+01
2.966739999999999782e+02 -1.433675055690201106e+01
3.263419999999999845e+02 -1.444622881602592024e+01
3.589759999999999991e+02 -1.455977673231352831e+01
3.948729999999999905e+02 -1.467744284781913677e+01
