# # theta [arcmin], log_e(xim)
5.000000000000000000e-01 -1.111098924272869404e+01
5.500000000000000444e-01 -1.108891276515970148e+01
6.049999999999999822e-01 -1.106810439644485022e+01
6.660000000000000364e-01 -1.104855643027920920e+01
7.319999999999999840e-01 -1.103081726750181346e+01
8.050000000000000488e-01 -1.101454212639812447e+01
8.860000000000000098e-01 -1.099987372084980919e+01
9.739999999999999769e-01 -1.098728019660595834e+01
1.072000000000000064e+00 -1.097661983137537867e+01
1.179000000000000048e+00 -1.096832179715531019e+01
1.296999999999999931e+00 -1.096240001207611670e+01
1.427000000000000046e+00 -1.095900414550269275e+01
1.568999999999999950e+00 -1.095830958433658608e+01
1.725999999999999979e+00 -1.096049025291739376e+01
1.899000000000000021e+00 -1.096575306153673957e+01
2.088999999999999968e+00 -1.097427360695335352e+01
2.297000000000000153e+00 -1.098608614756598634e+01
2.527000000000000135e+00 -1.100141767393324699e+01
2.779999999999999805e+00 -1.102034365208626632e+01
3.057999999999999829e+00 -1.104296746176534505e+01
3.363999999999999879e+00 -1.106944293147178016e+01
3.700000000000000178e+00 -1.109979712788246253e+01
4.070000000000000284e+00 -1.113408773991430678e+01
4.477000000000000313e+00 -1.117226913673846056e+01
4.924999999999999822e+00 -1.121437689731361687e+01
5.416999999999999815e+00 -1.126029068651315335e+01
5.958999999999999631e+00 -1.131011524174895833e+01
6.554999999999999716e+00 -1.136368079997739855e+01
7.209999999999999964e+00 -1.142071827628533676e+01
7.932000000000000384e+00 -1.148122236144507546e+01
8.724999999999999645e+00 -1.154476603847294669e+01
9.596999999999999531e+00 -1.161118138922262588e+01
1.055700000000000038e+01 -1.168031919821653553e+01
1.161299999999999955e+01 -1.175181623039608780e+01
1.277399999999999913e+01 -1.182520355467786111e+01
1.405100000000000016e+01 -1.190017390863906499e+01
1.545599999999999952e+01 -1.197640402883310351e+01
1.700199999999999889e+01 -1.205351449024009902e+01
1.870200000000000173e+01 -1.213113661631035356e+01
2.057199999999999918e+01 -1.220890946550173872e+01
2.262999999999999901e+01 -1.228647261701482662e+01
2.489300000000000068e+01 -1.236347621025557153e+01
2.738200000000000145e+01 -1.243973078185899439e+01
3.012000000000000099e+01 -1.251506742888067336e+01
3.313199999999999790e+01 -1.258944598372363544e+01
3.644500000000000028e+01 -1.266278010195524040e+01
4.009000000000000341e+01 -1.273510704744498945e+01
4.409899999999999665e+01 -1.280654584527970385e+01
4.850900000000000034e+01 -1.287728613778498499e+01
5.335900000000000176e+01 -1.294755623322284777e+01
5.869500000000000028e+01 -1.301775564501674332e+01
6.456499999999999773e+01 -1.308818129841344735e+01
7.102100000000000080e+01 -1.315913628887008713e+01
7.812399999999999523e+01 -1.323110850328758126e+01
8.593600000000000705e+01 -1.330452514696494326e+01
9.453000000000000114e+01 -1.337979174348530798e+01
1.039830000000000041e+02 -1.345733623865080730e+01
1.143810000000000002e+02 -1.353744482464710508e+01
1.258190000000000026e+02 -1.362046529196588374e+01
1.384010000000000105e+02 -1.370669023435044132e+01
1.522410000000000139e+02 -1.379643662747568378e+01
1.674650000000000034e+02 -1.389000277316066878e+01
1.842110000000000127e+02 -1.398766814336149089e+01
2.026330000000000098e+02 -1.408954879890894141e+01
2.228959999999999866e+02 -1.419578976053689345e+01
2.451850000000000023e+02 -1.430644368919104181e+01
2.697040000000000077e+02 -1.442146459472184361e+01
2.966739999999999782e+02 -1.454079319549125415e+01
3.263419999999999845e+02 -1.466435341123857583e+01
3.589759999999999991e+02 -1.479194043576735496e+01
3.948729999999999905e+02 -1.492353823259408685e+01
