# # theta [arcmin], log_e(xip)
5.000000000000000000e-01 -9.904232029590412267e+00
5.500000000000000444e-01 -9.944107067556741342e+00
6.049999999999999822e-01 -9.985750439651770449e+00
6.660000000000000364e-01 -1.002956746225906670e+01
7.319999999999999840e-01 -1.007452382833533022e+01
8.050000000000000488e-01 -1.012164505487772637e+01
8.860000000000000098e-01 -1.017112650373690208e+01
9.739999999999999769e-01 -1.022195493374782416e+01
1.072000000000000064e+00 -1.027541537530553839e+01
1.179000000000000048e+00 -1.033047399206661332e+01
1.296999999999999931e+00 -1.038767514020262084e+01
1.427000000000000046e+00 -1.044693623525319914e+01
1.568999999999999950e+00 -1.050771218356070058e+01
1.725999999999999979e+00 -1.057069139079917264e+01
1.899000000000000021e+00 -1.063559388046066800e+01
2.088999999999999968e+00 -1.070212992448893630e+01
2.297000000000000153e+00 -1.076997862994767807e+01
2.527000000000000135e+00 -1.083968205682145758e+01
2.779999999999999805e+00 -1.091071882500867041e+01
3.057999999999999829e+00 -1.098284795377271372e+01
3.363999999999999879e+00 -1.105601784027536638e+01
3.700000000000000178e+00 -1.112987503258843702e+01
4.070000000000000284e+00 -1.120441114840080843e+01
4.477000000000000313e+00 -1.127930815545841092e+01
4.924999999999999822e+00 -1.135438870379053178e+01
5.416999999999999815e+00 -1.142926469500024389e+01
5.958999999999999631e+00 -1.150396473251896978e+01
6.554999999999999716e+00 -1.157816780706500559e+01
7.209999999999999964e+00 -1.165161735006094368e+01
7.932000000000000384e+00 -1.172436440824400172e+01
8.724999999999999645e+00 -1.179599538974550477e+01
9.596999999999999531e+00 -1.186649594702697286e+01
1.055700000000000038e+01 -1.193589666443308239e+01
1.161299999999999955e+01 -1.200411971793366028e+01
1.277399999999999913e+01 -1.207109325176549142e+01
1.405100000000000016e+01 -1.213687872758774944e+01
1.545599999999999952e+01 -1.220156820576862167e+01
1.700199999999999889e+01 -1.226526548034299324e+01
1.870200000000000173e+01 -1.232809317168119989e+01
2.057199999999999918e+01 -1.239024575539106721e+01
2.262999999999999901e+01 -1.245190515559044542e+01
2.489300000000000068e+01 -1.251322272926831580e+01
2.738200000000000145e+01 -1.257444661411050113e+01
3.012000000000000099e+01 -1.263582163477079412e+01
3.313199999999999790e+01 -1.269763336824818012e+01
3.644500000000000028e+01 -1.276012697707322374e+01
4.009000000000000341e+01 -1.282356074324509265e+01
4.409899999999999665e+01 -1.288818374823993729e+01
4.850900000000000034e+01 -1.295426879578437784e+01
5.335900000000000176e+01 -1.302206249010573558e+01
5.869500000000000028e+01 -1.309189673494726058e+01
6.456499999999999773e+01 -1.316402426536397918e+01
7.102100000000000080e+01 -1.323866519810142073e+01
7.812399999999999523e+01 -1.331613078878980616e+01
8.593600000000000705e+01 -1.339666010134465424e+01
9.453000000000000114e+01 -1.348049938818157756e+01
1.039830000000000041e+02 -1.356789061255517836e+01
1.143810000000000002e+02 -1.365900949958483857e+01
1.258190000000000026e+02 -1.375401196523052860e+01
1.384010000000000105e+02 -1.385295492974647757e+01
1.522410000000000139e+02 -1.395583031088681203e+01
1.674650000000000034e+02 -1.406258774746281048e+01
1.842110000000000127e+02 -1.417325493068102737e+01
2.026330000000000098e+02 -1.428801074100864987e+01
2.228959999999999866e+02 -1.440744139811075897e+01
2.451850000000000023e+02 -1.453273344643941556e+01
2.697040000000000077e+02 -1.466565804133982098e+01
2.966739999999999782e+02 -1.480824749352610326e+01
3.263419999999999845e+02 -1.496241423021353789e+01
3.589759999999999991e+02 -1.512963831588254848e+01
3.948729999999999905e+02 -1.531118862805292657e+01
