# # theta [arcmin], log_e(xip)
5.000000000000000000e-01 -8.472225561927626103e+00
5.500000000000000444e-01 -8.515623923361683723e+00
6.049999999999999822e-01 -8.561083952287047438e+00
6.660000000000000364e-01 -8.609062348336303572e+00
7.319999999999999840e-01 -8.658435954665629097e+00
8.050000000000000488e-01 -8.710340536164123293e+00
8.860000000000000098e-01 -8.765006683702821988e+00
9.739999999999999769e-01 -8.821322446968851594e+00
1.072000000000000064e+00 -8.880720128161348370e+00
1.179000000000000048e+00 -8.942059797283793188e+00
1.296999999999999931e+00 -9.005949966856146460e+00
1.427000000000000046e+00 -9.072301652627775326e+00
1.568999999999999950e+00 -9.140499993058465833e+00
1.725999999999999979e+00 -9.211313144966444710e+00
1.899000000000000021e+00 -9.284419083019553653e+00
2.088999999999999968e+00 -9.359479795814056757e+00
2.297000000000000153e+00 -9.436117763805116354e+00
2.527000000000000135e+00 -9.514928415087704039e+00
2.779999999999999805e+00 -9.595304714190698192e+00
3.057999999999999829e+00 -9.676957581618751192e+00
3.363999999999999879e+00 -9.759817084495574946e+00
3.700000000000000178e+00 -9.843481474919897778e+00
4.070000000000000284e+00 -9.927947267249315644e+00
4.477000000000000313e+00 -1.001287617011439046e+01
4.924999999999999822e+00 -1.009810803196710793e+01
5.416999999999999815e+00 -1.018327156361636554e+01
5.958999999999999631e+00 -1.026849569273814566e+01
6.554999999999999716e+00 -1.035354425117241739e+01
7.209999999999999964e+00 -1.043827907801081878e+01
7.932000000000000384e+00 -1.052294867850847915e+01
8.724999999999999645e+00 -1.060728807900642856e+01
9.596999999999999531e+00 -1.069151656465460931e+01
1.055700000000000038e+01 -1.077592935568117483e+01
1.161299999999999955e+01 -1.086070132570225866e+01
1.277399999999999913e+01 -1.094599932006884124e+01
1.405100000000000016e+01 -1.103215253338934332e+01
1.545599999999999952e+01 -1.111951269538623777e+01
1.700199999999999889e+01 -1.120842167430864578e+01
1.870200000000000173e+01 -1.129921668143467173e+01
2.057199999999999918e+01 -1.139230202264648995e+01
2.262999999999999901e+01 -1.148803872488235633e+01
2.489300000000000068e+01 -1.158669978509967002e+01
2.738200000000000145e+01 -1.168867411075007645e+01
3.012000000000000099e+01 -1.179431683213085691e+01
3.313199999999999790e+01 -1.190402801025456014e+01
3.644500000000000028e+01 -1.201812163057802785e+01
4.009000000000000341e+01 -1.213692090666331325e+01
4.409899999999999665e+01 -1.226070878415879939e+01
4.850900000000000034e+01 -1.238979310032584280e+01
5.335900000000000176e+01 -1.252442343194769592e+01
5.869500000000000028e+01 -1.266503220563892107e+01
6.456499999999999773e+01 -1.281187143922802996e+01
7.102100000000000080e+01 -1.296511393228474773e+01
7.812399999999999523e+01 -1.312516730473706339e+01
8.593600000000000705e+01 -1.329231278583872644e+01
9.453000000000000114e+01 -1.346685286647925928e+01
1.039830000000000041e+02 -1.364920406036700307e+01
1.143810000000000002e+02 -1.383959528035733655e+01
1.258190000000000026e+02 -1.403832328900554494e+01
1.384010000000000105e+02 -1.424560524939919581e+01
1.522410000000000139e+02 -1.446187358504952414e+01
1.674650000000000034e+02 -1.468780521803538619e+01
1.842110000000000127e+02 -1.492478579433663732e+01
2.026330000000000098e+02 -1.517435163285746214e+01
2.228959999999999866e+02 -1.543898502349785318e+01
2.451850000000000023e+02 -1.572198818937538434e+01
2.697040000000000077e+02 -1.602790034804456809e+01
2.966739999999999782e+02 -1.636347650348339755e+01
3.263419999999999845e+02 -1.673938925575042092e+01
3.589759999999999991e+02 -1.717207239394474527e+01
3.948729999999999905e+02 -1.769581399050198200e+01
