# # theta [arcmin], log_e(xip)
5.000000000000000000e-01 -8.969587184449236972e+00
5.500000000000000444e-01 -9.017684894542693286e+00
6.049999999999999822e-01 -9.067909819597179677e+00
6.660000000000000364e-01 -9.120727299001199384e+00
7.319999999999999840e-01 -9.174863195582656061e+00
8.050000000000000488e-01 -9.231518452774983174e+00
8.860000000000000098e-01 -9.290889257736234086e+00
9.739999999999999769e-01 -9.351715705166634862e+00
1.072000000000000064e+00 -9.415489424772308880e+00
1.179000000000000048e+00 -9.480922944414832187e+00
1.296999999999999931e+00 -9.548607919203490724e+00
1.427000000000000046e+00 -9.618381695679904198e+00
1.568999999999999950e+00 -9.689539591363525162e+00
1.725999999999999979e+00 -9.762822192278864719e+00
1.899000000000000021e+00 -9.837832592348625838e+00
2.088999999999999968e+00 -9.914174252442451873e+00
2.297000000000000153e+00 -9.991422555937340633e+00
2.527000000000000135e+00 -1.007013948171101703e+01
2.779999999999999805e+00 -1.014968762431963611e+01
3.057999999999999829e+00 -1.022977213993175205e+01
3.363999999999999879e+00 -1.031033010889069068e+01
3.700000000000000178e+00 -1.039099777179018602e+01
4.070000000000000284e+00 -1.047180847040926466e+01
4.477000000000000313e+00 -1.055249115714029173e+01
4.924999999999999822e+00 -1.063296806674444994e+01
5.416999999999999815e+00 -1.071297800570886594e+01
5.958999999999999631e+00 -1.079274207871740643e+01
6.554999999999999716e+00 -1.087215163553339181e+01
7.209999999999999964e+00 -1.095118564866671385e+01
7.932000000000000384e+00 -1.103019010427746416e+01
8.724999999999999645e+00 -1.110902558118679373e+01
9.596999999999999531e+00 -1.118799601935119625e+01
1.055700000000000038e+01 -1.126746636795433076e+01
1.161299999999999955e+01 -1.134767801128246489e+01
1.277399999999999913e+01 -1.142884629938039787e+01
1.405100000000000016e+01 -1.151133572926990567e+01
1.545599999999999952e+01 -1.159551629969711684e+01
1.700199999999999889e+01 -1.168173827710647750e+01
1.870200000000000173e+01 -1.177033274560749199e+01
2.057199999999999918e+01 -1.186169431601643787e+01
2.262999999999999901e+01 -1.195617811371420025e+01
2.489300000000000068e+01 -1.205404312806371792e+01
2.738200000000000145e+01 -1.215566170029817350e+01
3.012000000000000099e+01 -1.226137501817483688e+01
3.313199999999999790e+01 -1.237156021236879333e+01
3.644500000000000028e+01 -1.248651750324592946e+01
4.009000000000000341e+01 -1.260656036143253367e+01
4.409899999999999665e+01 -1.273195336398064015e+01
4.850900000000000034e+01 -1.286298819116808190e+01
5.335900000000000176e+01 -1.299990683516813306e+01
5.869500000000000028e+01 -1.314312185137642608e+01
6.456499999999999773e+01 -1.329287356387661490e+01
7.102100000000000080e+01 -1.344932627148253523e+01
7.812399999999999523e+01 -1.361286935069091797e+01
8.593600000000000705e+01 -1.378376192214969542e+01
9.453000000000000114e+01 -1.396230436605797109e+01
1.039830000000000041e+02 -1.414890824585802598e+01
1.143810000000000002e+02 -1.434380809724653005e+01
1.258190000000000026e+02 -1.454730397671984221e+01
1.384010000000000105e+02 -1.475965384604598363e+01
1.522410000000000139e+02 -1.498135138261783794e+01
1.674650000000000034e+02 -1.521318138638666362e+01
1.842110000000000127e+02 -1.545672968537064840e+01
2.026330000000000098e+02 -1.571376985829024875e+01
2.228959999999999866e+02 -1.598712265323687554e+01
2.451850000000000023e+02 -1.628061128634387345e+01
2.697040000000000077e+02 -1.659960975224482382e+01
2.966739999999999782e+02 -1.695235626674860896e+01
3.263419999999999845e+02 -1.735250670078935542e+01
3.589759999999999991e+02 -1.782280239405163158e+01
3.948729999999999905e+02 -1.841530422337712380e+01
