# # theta [arcmin], log_e(xim)
5.000000000000000000e-01 -1.223938457796200119e+01
5.500000000000000444e-01 -1.221363375883802505e+01
6.049999999999999822e-01 -1.218893493853092025e+01
6.660000000000000364e-01 -1.216522921123975287e+01
7.319999999999999840e-01 -1.214315024210761607e+01
8.050000000000000488e-01 -1.212224155362372890e+01
8.860000000000000098e-01 -1.210260582177557609e+01
9.739999999999999769e-01 -1.208479687214541443e+01
1.072000000000000064e+00 -1.206852149297700905e+01
1.179000000000000048e+00 -1.205429500771262497e+01
1.296999999999999931e+00 -1.204205390131699183e+01
1.427000000000000046e+00 -1.203193347332777918e+01
1.568999999999999950e+00 -1.202414866776028646e+01
1.725999999999999979e+00 -1.201876868820025202e+01
1.899000000000000021e+00 -1.201600863900431015e+01
2.088999999999999968e+00 -1.201605362371365082e+01
2.297000000000000153e+00 -1.201895892286033707e+01
2.527000000000000135e+00 -1.202485569859311454e+01
2.779999999999999805e+00 -1.203386523133913322e+01
3.057999999999999829e+00 -1.204610611062188141e+01
3.363999999999999879e+00 -1.206172315510679383e+01
3.700000000000000178e+00 -1.208078503973375284e+01
4.070000000000000284e+00 -1.210334639650801947e+01
4.477000000000000313e+00 -1.212941016747808654e+01
4.924999999999999822e+00 -1.215904613091482034e+01
5.416999999999999815e+00 -1.219221944573848582e+01
5.958999999999999631e+00 -1.222906147538301624e+01
6.554999999999999716e+00 -1.226950372677240075e+01
7.209999999999999964e+00 -1.231338328366361345e+01
7.932000000000000384e+00 -1.236075506670680824e+01
8.724999999999999645e+00 -1.241135859714349188e+01
9.596999999999999531e+00 -1.246514056890448785e+01
1.055700000000000038e+01 -1.252207298866771445e+01
1.161299999999999955e+01 -1.258194409763526167e+01
1.277399999999999913e+01 -1.264443963273939886e+01
1.405100000000000016e+01 -1.270937960542147671e+01
1.545599999999999952e+01 -1.277656547458211023e+01
1.700199999999999889e+01 -1.284573479531247564e+01
1.870200000000000173e+01 -1.291660568811752441e+01
2.057199999999999918e+01 -1.298885836012763306e+01
2.262999999999999901e+01 -1.306211906318978144e+01
2.489300000000000068e+01 -1.313597763223683756e+01
2.738200000000000145e+01 -1.321011047951878048e+01
3.012000000000000099e+01 -1.328414728298073477e+01
3.313199999999999790e+01 -1.335777753056974149e+01
3.644500000000000028e+01 -1.343056725569919685e+01
4.009000000000000341e+01 -1.350214100211657886e+01
4.409899999999999665e+01 -1.357216445933255855e+01
4.850900000000000034e+01 -1.364034789836879824e+01
5.335900000000000176e+01 -1.370641402990000124e+01
5.869500000000000028e+01 -1.377026189561112979e+01
6.456499999999999773e+01 -1.383169949451302649e+01
7.102100000000000080e+01 -1.389060335335878804e+01
7.812399999999999523e+01 -1.394707314709778245e+01
8.593600000000000705e+01 -1.400122911804608172e+01
9.453000000000000114e+01 -1.405324542159531198e+01
1.039830000000000041e+02 -1.410340425280649335e+01
1.143810000000000002e+02 -1.415191323700467230e+01
1.258190000000000026e+02 -1.419911266280933937e+01
1.384010000000000105e+02 -1.424541447587346354e+01
1.522410000000000139e+02 -1.429143906468317660e+01
1.674650000000000034e+02 -1.433795980842907092e+01
1.842110000000000127e+02 -1.438586628816391944e+01
2.026330000000000098e+02 -1.443595222077867035e+01
2.228959999999999866e+02 -1.448888079783244720e+01
2.451850000000000023e+02 -1.454486581024226943e+01
2.697040000000000077e+02 -1.460355584324314648e+01
2.966739999999999782e+02 -1.466419591381160359e+01
3.263419999999999845e+02 -1.472603991845773486e+01
3.589759999999999991e+02 -1.478858065787825637e+01
3.948729999999999905e+02 -1.485182264115534068e+01
