# # theta [arcmin], log_e(xip)
5.000000000000000000e-01 -8.768716284323234689e+00
5.500000000000000444e-01 -8.810815539085716352e+00
6.049999999999999822e-01 -8.854906898342907340e+00
6.660000000000000364e-01 -8.901434623572775706e+00
7.319999999999999840e-01 -8.949313925064593889e+00
8.050000000000000488e-01 -8.999649231107245129e+00
8.860000000000000098e-01 -9.052668470361949105e+00
9.739999999999999769e-01 -9.107301048201039251e+00
1.072000000000000064e+00 -9.164942622209753864e+00
1.179000000000000048e+00 -9.224497513060386567e+00
1.296999999999999931e+00 -9.286566878948594450e+00
1.427000000000000046e+00 -9.351077089290100730e+00
1.568999999999999950e+00 -9.417445602506449021e+00
1.725999999999999979e+00 -9.486434643080478679e+00
1.899000000000000021e+00 -9.557749377620757159e+00
2.088999999999999968e+00 -9.631077455302197166e+00
2.297000000000000153e+00 -9.706067553047569518e+00
2.527000000000000135e+00 -9.783320161715103325e+00
2.779999999999999805e+00 -9.862256745591061247e+00
3.057999999999999829e+00 -9.942604959025725719e+00
3.363999999999999879e+00 -1.002430152684993381e+01
3.700000000000000178e+00 -1.010694760129628733e+01
4.070000000000000284e+00 -1.019052956320449610e+01
4.477000000000000313e+00 -1.027469124372787412e+01
4.924999999999999822e+00 -1.035923898850863978e+01
5.416999999999999815e+00 -1.044375468875571222e+01
5.958999999999999631e+00 -1.052830266655929670e+01
6.554999999999999716e+00 -1.061257023138358058e+01
7.209999999999999964e+00 -1.069633308686805506e+01
7.932000000000000384e+00 -1.077973963662598322e+01
8.724999999999999645e+00 -1.086242798984367397e+01
9.596999999999999531e+00 -1.094451305246325390e+01
1.055700000000000038e+01 -1.102618640747778400e+01
1.161299999999999955e+01 -1.110752969259906386e+01
1.277399999999999913e+01 -1.118862919838636927e+01
1.405100000000000016e+01 -1.126974166753460516e+01
1.545599999999999952e+01 -1.135115701701329094e+01
1.700199999999999889e+01 -1.143317387659087814e+01
1.870200000000000173e+01 -1.151610029942787961e+01
2.057199999999999918e+01 -1.160031902407304827e+01
2.262999999999999901e+01 -1.168617791075436330e+01
2.489300000000000068e+01 -1.177395716769262890e+01
2.738200000000000145e+01 -1.186404884738264087e+01
3.012000000000000099e+01 -1.195681497537134241e+01
3.313199999999999790e+01 -1.205265978067859933e+01
3.644500000000000028e+01 -1.215190913415909613e+01
4.009000000000000341e+01 -1.225489342016810212e+01
4.409899999999999665e+01 -1.236190877826886769e+01
4.850900000000000034e+01 -1.247327049296093016e+01
5.335900000000000176e+01 -1.258923707260751357e+01
5.869500000000000028e+01 -1.271021266781776937e+01
6.456499999999999773e+01 -1.283644824006338325e+01
7.102100000000000080e+01 -1.296812584420607628e+01
7.812399999999999523e+01 -1.310560852712056423e+01
8.593600000000000705e+01 -1.324913821844622852e+01
9.453000000000000114e+01 -1.339897099858786333e+01
1.039830000000000041e+02 -1.355540962212450751e+01
1.143810000000000002e+02 -1.371860528735759210e+01
1.258190000000000026e+02 -1.388871747465196549e+01
1.384010000000000105e+02 -1.406579665801308110e+01
1.522410000000000139e+02 -1.424998489435741789e+01
1.674650000000000034e+02 -1.444155008294060671e+01
1.842110000000000127e+02 -1.464117775704570690e+01
2.026330000000000098e+02 -1.484974790137261635e+01
2.228959999999999866e+02 -1.506877375155135468e+01
2.451850000000000023e+02 -1.530024190224701819e+01
2.697040000000000077e+02 -1.554647167929067386e+01
2.966739999999999782e+02 -1.581037274428976325e+01
3.263419999999999845e+02 -1.609578440816494904e+01
3.589759999999999991e+02 -1.640684616065261281e+01
3.948729999999999905e+02 -1.674995565277056997e+01
