# # theta [arcmin], log_e(xip)
5.000000000000000000e-01 -8.922822062932896259e+00
5.500000000000000444e-01 -8.957429884741939574e+00
6.049999999999999822e-01 -8.993701127880765256e+00
6.660000000000000364e-01 -9.032008429787994785e+00
7.319999999999999840e-01 -9.071462298358826004e+00
8.050000000000000488e-01 -9.112980476094032056e+00
8.860000000000000098e-01 -9.156758847584910654e+00
9.739999999999999769e-01 -9.201922898517176819e+00
1.072000000000000064e+00 -9.249639776225526688e+00
1.179000000000000048e+00 -9.299013346837105232e+00
1.296999999999999931e+00 -9.350559103663695026e+00
1.427000000000000046e+00 -9.404235970328352678e+00
1.568999999999999950e+00 -9.459581009191834866e+00
1.725999999999999979e+00 -9.517254466550243208e+00
1.899000000000000021e+00 -9.577039533783375802e+00
2.088999999999999968e+00 -9.638703909434507722e+00
2.297000000000000153e+00 -9.701984312826045453e+00
2.527000000000000135e+00 -9.767426013433428977e+00
2.779999999999999805e+00 -9.834578657908467747e+00
3.057999999999999829e+00 -9.903248181187734644e+00
3.363999999999999879e+00 -9.973414860472862742e+00
3.700000000000000178e+00 -1.004476267919738319e+01
4.070000000000000284e+00 -1.011730596839108820e+01
4.477000000000000313e+00 -1.019075397804773431e+01
4.924999999999999822e+00 -1.026493874173909582e+01
5.416999999999999815e+00 -1.033947692179133604e+01
5.958999999999999631e+00 -1.041438617896674756e+01
6.554999999999999716e+00 -1.048932447941334622e+01
7.209999999999999964e+00 -1.056401537641451327e+01
7.932000000000000384e+00 -1.063848141910004053e+01
8.724999999999999645e+00 -1.071226962766052360e+01
9.596999999999999531e+00 -1.078533096502622790e+01
1.055700000000000038e+01 -1.085766448841713583e+01
1.161299999999999955e+01 -1.092915853505500223e+01
1.277399999999999913e+01 -1.099972167129333300e+01
1.405100000000000016e+01 -1.106940121550807099e+01
1.545599999999999952e+01 -1.113828595448349645e+01
1.700199999999999889e+01 -1.120649058079172988e+01
1.870200000000000173e+01 -1.127415347637795762e+01
2.057199999999999918e+01 -1.134150224657996731e+01
2.262999999999999901e+01 -1.140875735995148155e+01
2.489300000000000068e+01 -1.147610860028542845e+01
2.738200000000000145e+01 -1.154385364838634231e+01
3.012000000000000099e+01 -1.161229076567482998e+01
3.313199999999999790e+01 -1.168176207374960107e+01
3.644500000000000028e+01 -1.175256571668375116e+01
4.009000000000000341e+01 -1.182500966220804806e+01
4.409899999999999665e+01 -1.189938900183607728e+01
4.850900000000000034e+01 -1.197602307575128400e+01
5.335900000000000176e+01 -1.205519015757159984e+01
5.869500000000000028e+01 -1.213725971023076688e+01
6.456499999999999773e+01 -1.222249231349140963e+01
7.102100000000000080e+01 -1.231109788406632255e+01
7.812399999999999523e+01 -1.240336864170090081e+01
8.593600000000000705e+01 -1.249949006703136689e+01
9.453000000000000114e+01 -1.259961906424481093e+01
1.039830000000000041e+02 -1.270385569465764242e+01
1.143810000000000002e+02 -1.281216874988851373e+01
1.258190000000000026e+02 -1.292454009561589956e+01
1.384010000000000105e+02 -1.304100922236163385e+01
1.522410000000000139e+02 -1.316189245809799324e+01
1.674650000000000034e+02 -1.328792280689398275e+01
1.842110000000000127e+02 -1.342034901642300149e+01
2.026330000000000098e+02 -1.356070401200793896e+01
2.228959999999999866e+02 -1.371065246850135289e+01
2.451850000000000023e+02 -1.387168299921146009e+01
2.697040000000000077e+02 -1.404492409965064148e+01
2.966739999999999782e+02 -1.423131134566289546e+01
3.263419999999999845e+02 -1.443178577542949625e+01
3.589759999999999991e+02 -1.464717226924090454e+01
3.948729999999999905e+02 -1.487842255366222410e+01
