# # theta [arcmin], log_e(xip)
5.000000000000000000e-01 -9.187325263169835665e+00
5.500000000000000444e-01 -9.228779023909831736e+00
6.049999999999999822e-01 -9.272155458364460756e+00
6.660000000000000364e-01 -9.317888723647225646e+00
7.319999999999999840e-01 -9.364909105842521342e+00
8.050000000000000488e-01 -9.414299501749901822e+00
8.860000000000000098e-01 -9.466279879465526292e+00
9.739999999999999769e-01 -9.519797952574371891e+00
1.072000000000000064e+00 -9.576220986953179803e+00
1.179000000000000048e+00 -9.634472836044961852e+00
1.296999999999999931e+00 -9.695143048926714968e+00
1.427000000000000046e+00 -9.758159737105565057e+00
1.568999999999999950e+00 -9.822955856744462366e+00
1.725999999999999979e+00 -9.890278773818749869e+00
1.899000000000000021e+00 -9.959844381848458994e+00
2.088999999999999968e+00 -1.003135410641472269e+01
2.297000000000000153e+00 -1.010447120807628707e+01
2.527000000000000135e+00 -1.017978929397020771e+01
2.779999999999999805e+00 -1.025675260249129295e+01
3.057999999999999829e+00 -1.033510373877866861e+01
3.363999999999999879e+00 -1.041478795565866911e+01
3.700000000000000178e+00 -1.049542164614289419e+01
4.070000000000000284e+00 -1.057699290304080186e+01
4.477000000000000313e+00 -1.065915332233703516e+01
4.924999999999999822e+00 -1.074170443674714726e+01
5.416999999999999815e+00 -1.082422264597026640e+01
5.958999999999999631e+00 -1.090674348064807830e+01
6.554999999999999716e+00 -1.098892501166888458e+01
7.209999999999999964e+00 -1.107050310083214306e+01
7.932000000000000384e+00 -1.115156342265892775e+01
8.724999999999999645e+00 -1.123168660550530618e+01
9.596999999999999531e+00 -1.131091076399733453e+01
1.055700000000000038e+01 -1.138933797446953911e+01
1.161299999999999955e+01 -1.146696501495388887e+01
1.277399999999999913e+01 -1.154379506593317295e+01
1.405100000000000016e+01 -1.161999521832067828e+01
1.545599999999999952e+01 -1.169577316015071311e+01
1.700199999999999889e+01 -1.177135143471102907e+01
1.870200000000000173e+01 -1.184697334272570401e+01
2.057199999999999918e+01 -1.192296245823650302e+01
2.262999999999999901e+01 -1.199961781954107209e+01
2.489300000000000068e+01 -1.207719019249879011e+01
2.738200000000000145e+01 -1.215604001544604706e+01
3.012000000000000099e+01 -1.223650814195578640e+01
3.313199999999999790e+01 -1.231897844426630861e+01
3.644500000000000028e+01 -1.240376972213801210e+01
4.009000000000000341e+01 -1.249120623479229764e+01
4.409899999999999665e+01 -1.258158737758638956e+01
4.850900000000000034e+01 -1.267523055249983166e+01
5.335900000000000176e+01 -1.277240534146923601e+01
5.869500000000000028e+01 -1.287350061867735995e+01
6.456499999999999773e+01 -1.297877788455839010e+01
7.102100000000000080e+01 -1.308844467587570648e+01
7.812399999999999523e+01 -1.320284809941847826e+01
8.593600000000000705e+01 -1.332222811995601930e+01
9.453000000000000114e+01 -1.344683530660296178e+01
1.039830000000000041e+02 -1.357693706287002477e+01
1.143810000000000002e+02 -1.371268144360088037e+01
1.258190000000000026e+02 -1.385420221909026317e+01
1.384010000000000105e+02 -1.400151031103598065e+01
1.522410000000000139e+02 -1.415462895257544851e+01
1.674650000000000034e+02 -1.431361148516942094e+01
1.842110000000000127e+02 -1.447872677253448614e+01
2.026330000000000098e+02 -1.465042846716019476e+01
2.228959999999999866e+02 -1.482971681059799707e+01
2.451850000000000023e+02 -1.501813260830259900e+01
2.697040000000000077e+02 -1.521755916813315501e+01
2.966739999999999782e+02 -1.542997156504141820e+01
3.263419999999999845e+02 -1.565759074205713119e+01
3.589759999999999991e+02 -1.590249729316030525e+01
3.948729999999999905e+02 -1.616685762552508265e+01
