# # theta [arcmin], log_e(xip)
5.000000000000000000e-01 -9.083517430779114221e+00
5.500000000000000444e-01 -9.130212129499312823e+00
6.049999999999999822e-01 -9.178932794336644108e+00
6.660000000000000364e-01 -9.230120515525124247e+00
7.319999999999999840e-01 -9.282532641798383111e+00
8.050000000000000488e-01 -9.337326034710883960e+00
8.860000000000000098e-01 -9.394680725168997881e+00
9.739999999999999769e-01 -9.453372266760098341e+00
1.072000000000000064e+00 -9.514832410206025770e+00
1.179000000000000048e+00 -9.577813261606353379e+00
1.296999999999999931e+00 -9.642879136360738457e+00
1.427000000000000046e+00 -9.709869047233210537e+00
1.568999999999999950e+00 -9.778103786862279989e+00
1.725999999999999979e+00 -9.848292988008751081e+00
1.899000000000000021e+00 -9.920056055255678018e+00
2.088999999999999968e+00 -9.993015621011496208e+00
2.297000000000000153e+00 -1.006677030308270737e+01
2.527000000000000135e+00 -1.014186200741899491e+01
2.779999999999999805e+00 -1.021768856429811123e+01
3.057999999999999829e+00 -1.029397548064418721e+01
3.363999999999999879e+00 -1.037066860899095744e+01
3.700000000000000178e+00 -1.044742435075301401e+01
4.070000000000000284e+00 -1.052427686290637077e+01
4.477000000000000313e+00 -1.060096690340973780e+01
4.924999999999999822e+00 -1.067741451234013361e+01
5.416999999999999815e+00 -1.075336012465071356e+01
5.958999999999999631e+00 -1.082899815711297542e+01
6.554999999999999716e+00 -1.090420228427611882e+01
7.209999999999999964e+00 -1.097892936208122272e+01
7.932000000000000384e+00 -1.105347798129634640e+01
8.724999999999999645e+00 -1.112768755427538103e+01
9.596999999999999531e+00 -1.120181426071068920e+01
1.055700000000000038e+01 -1.127617175350229317e+01
1.161299999999999955e+01 -1.135095628655789390e+01
1.277399999999999913e+01 -1.142635243404019540e+01
1.405100000000000016e+01 -1.150267814851867954e+01
1.545599999999999952e+01 -1.158026652288126535e+01
1.700199999999999889e+01 -1.165943441731364594e+01
1.870200000000000173e+01 -1.174048512796760413e+01
2.057199999999999918e+01 -1.182378486863130007e+01
2.262999999999999901e+01 -1.190966852100332929e+01
2.489300000000000068e+01 -1.199838553189192325e+01
2.738200000000000145e+01 -1.209029090000853301e+01
3.012000000000000099e+01 -1.218571409435693909e+01
3.313199999999999790e+01 -1.228501520858478280e+01
3.644500000000000028e+01 -1.238848820674240514e+01
4.009000000000000341e+01 -1.249644018729568451e+01
4.409899999999999665e+01 -1.260913444390211779e+01
4.850900000000000034e+01 -1.272686207690681037e+01
5.335900000000000176e+01 -1.284986867644532360e+01
5.869500000000000028e+01 -1.297854402528603757e+01
6.456499999999999773e+01 -1.311312864906823172e+01
7.102100000000000080e+01 -1.325380324450832603e+01
7.812399999999999523e+01 -1.340092648759637051e+01
8.593600000000000705e+01 -1.355473678843277874e+01
9.453000000000000114e+01 -1.371551319835179505e+01
1.039830000000000041e+02 -1.388358246081591751e+01
1.143810000000000002e+02 -1.405911743728931995e+01
1.258190000000000026e+02 -1.424229578317408773e+01
1.384010000000000105e+02 -1.443322619981414157e+01
1.522410000000000139e+02 -1.463216344245612177e+01
1.674650000000000034e+02 -1.483960172412273870e+01
1.842110000000000127e+02 -1.505662360113179865e+01
2.026330000000000098e+02 -1.528447504205895768e+01
2.228959999999999866e+02 -1.552496993087727795e+01
2.451850000000000023e+02 -1.578038418250215535e+01
2.697040000000000077e+02 -1.605361119378217793e+01
2.966739999999999782e+02 -1.634854406795642845e+01
3.263419999999999845e+02 -1.667065792352439857e+01
3.589759999999999991e+02 -1.702683074866118318e+01
3.948729999999999905e+02 -1.742953340593514255e+01
