# # theta [arcmin], log_e(xip)
5.000000000000000000e-01 -9.244435666556739761e+00
5.500000000000000444e-01 -9.288366239839117355e+00
6.049999999999999822e-01 -9.334280536406712514e+00
6.660000000000000364e-01 -9.382616869730558307e+00
7.319999999999999840e-01 -9.432222594100613478e+00
8.050000000000000488e-01 -9.484215270336772363e+00
8.860000000000000098e-01 -9.538795134608141879e+00
9.739999999999999769e-01 -9.594824723525654520e+00
1.072000000000000064e+00 -9.653700356547656014e+00
1.179000000000000048e+00 -9.714259401269350391e+00
1.296999999999999931e+00 -9.777074485180836660e+00
1.427000000000000046e+00 -9.842025258135945975e+00
1.568999999999999950e+00 -9.908483009078491222e+00
1.725999999999999979e+00 -9.977168108352920228e+00
1.899000000000000021e+00 -1.004773952000414639e+01
2.088999999999999968e+00 -1.011984816011350574e+01
2.297000000000000153e+00 -1.019311418107887590e+01
2.527000000000000135e+00 -1.026808925898132507e+01
2.779999999999999805e+00 -1.034418002185163132e+01
3.057999999999999829e+00 -1.042110384747480722e+01
3.363999999999999879e+00 -1.049878922450110075e+01
3.700000000000000178e+00 -1.057685602765464594e+01
4.070000000000000284e+00 -1.065529743074496771e+01
4.477000000000000313e+00 -1.073379464369403458e+01
4.924999999999999822e+00 -1.081219461327436093e+01
5.416999999999999815e+00 -1.089014871143418262e+01
5.958999999999999631e+00 -1.096776102514256301e+01
6.554999999999999716e+00 -1.104479859573735290e+01
7.209999999999999964e+00 -1.112111178165489633e+01
7.932000000000000384e+00 -1.119689576034054035e+01
8.724999999999999645e+00 -1.127187912913446866e+01
9.596999999999999531e+00 -1.134622359617394238e+01
1.055700000000000038e+01 -1.142015304801835640e+01
1.161299999999999955e+01 -1.149378482144284419e+01
1.277399999999999913e+01 -1.156723657153366069e+01
1.405100000000000016e+01 -1.164077031381870420e+01
1.545599999999999952e+01 -1.171467354059801913e+01
1.700199999999999889e+01 -1.178923182027445904e+01
1.870200000000000173e+01 -1.186473142453215068e+01
2.057199999999999918e+01 -1.194152445986326505e+01
2.262999999999999901e+01 -1.201993404957462630e+01
2.489300000000000068e+01 -1.210021555318695974e+01
2.738200000000000145e+01 -1.218272493691785741e+01
3.012000000000000099e+01 -1.226779401855840490e+01
3.313199999999999790e+01 -1.235578661545993917e+01
3.644500000000000028e+01 -1.244700218392701885e+01
4.009000000000000341e+01 -1.254174875914142540e+01
4.409899999999999665e+01 -1.264029933074830225e+01
4.850900000000000034e+01 -1.274294865324101877e+01
5.335900000000000176e+01 -1.284994482709113761e+01
5.869500000000000028e+01 -1.296165921860722747e+01
6.456499999999999773e+01 -1.307833165956166965e+01
7.102100000000000080e+01 -1.320014655640319390e+01
7.812399999999999523e+01 -1.332743557863001627e+01
8.593600000000000705e+01 -1.346041636275074715e+01
9.453000000000000114e+01 -1.359932878368221765e+01
1.039830000000000041e+02 -1.374443066582078110e+01
1.143810000000000002e+02 -1.389584420795742226e+01
1.258190000000000026e+02 -1.405366699074330405e+01
1.384010000000000105e+02 -1.421789546476687249e+01
1.522410000000000139e+02 -1.438858825212301973e+01
1.674650000000000034e+02 -1.456592949996423592e+01
1.842110000000000127e+02 -1.475049900777183787e+01
2.026330000000000098e+02 -1.494313547205564596e+01
2.228959999999999866e+02 -1.514523821360241662e+01
2.451850000000000023e+02 -1.535859815405342310e+01
2.697040000000000077e+02 -1.558518588688036743e+01
2.966739999999999782e+02 -1.582726578800152240e+01
3.263419999999999845e+02 -1.608756353613141599e+01
3.589759999999999991e+02 -1.636878577415820502e+01
3.948729999999999905e+02 -1.667486050666575537e+01
