# # theta [arcmin], log_e(xip)
5.000000000000000000e-01 -8.597635103761357200e+00
5.500000000000000444e-01 -8.625814016110302518e+00
6.049999999999999822e-01 -8.655390308768946994e+00
6.660000000000000364e-01 -8.686681645845444777e+00
7.319999999999999840e-01 -8.718977729192712189e+00
8.050000000000000488e-01 -8.753047179172966707e+00
8.860000000000000098e-01 -8.789074752009968350e+00
9.739999999999999769e-01 -8.826365875007672557e+00
1.072000000000000064e+00 -8.865911303638547736e+00
1.179000000000000048e+00 -8.907002493713989111e+00
1.296999999999999931e+00 -8.950103753959373520e+00
1.427000000000000046e+00 -8.995221734321061646e+00
1.568999999999999950e+00 -9.042012099435286387e+00
1.725999999999999979e+00 -9.091081093169776750e+00
1.899000000000000021e+00 -9.142302356218900528e+00
2.088999999999999968e+00 -9.195534521527806149e+00
2.297000000000000153e+00 -9.250608873868413795e+00
2.527000000000000135e+00 -9.308069855938192916e+00
2.779999999999999805e+00 -9.367597287829919850e+00
3.057999999999999829e+00 -9.429091085944008910e+00
3.363999999999999879e+00 -9.492607398953216702e+00
3.700000000000000178e+00 -9.557929149008657532e+00
4.070000000000000284e+00 -9.625142888312970157e+00
4.477000000000000313e+00 -9.694049493878042156e+00
4.924999999999999822e+00 -9.764552212572194634e+00
5.416999999999999815e+00 -9.836332208268721899e+00
5.958999999999999631e+00 -9.909438625094153963e+00
6.554999999999999716e+00 -9.983549027052427860e+00
7.209999999999999964e+00 -1.005838594516427875e+01
7.932000000000000384e+00 -1.013393798419948943e+01
8.724999999999999645e+00 -1.020968423413571458e+01
9.596999999999999531e+00 -1.028547737406051255e+01
1.055700000000000038e+01 -1.036118418450518242e+01
1.161299999999999955e+01 -1.043652606594831944e+01
1.277399999999999913e+01 -1.051122613987839216e+01
1.405100000000000016e+01 -1.058512126813818277e+01
1.545599999999999952e+01 -1.065807406169597193e+01
1.700199999999999889e+01 -1.072996957360965631e+01
1.870200000000000173e+01 -1.080071318392210955e+01
2.057199999999999918e+01 -1.087031397111817732e+01
2.262999999999999901e+01 -1.093878932375465318e+01
2.489300000000000068e+01 -1.100614280297122072e+01
2.738200000000000145e+01 -1.107251543857157117e+01
3.012000000000000099e+01 -1.113807902723212351e+01
3.313199999999999790e+01 -1.120307885085699162e+01
3.644500000000000028e+01 -1.126774492166770436e+01
4.009000000000000341e+01 -1.133233457157727209e+01
4.409899999999999665e+01 -1.139711860288144152e+01
4.850900000000000034e+01 -1.146241297533138415e+01
5.335900000000000176e+01 -1.152850743578131265e+01
5.869500000000000028e+01 -1.159578275486679644e+01
6.456499999999999773e+01 -1.166451830220111852e+01
7.102100000000000080e+01 -1.173495338882823624e+01
7.812399999999999523e+01 -1.180739800723196176e+01
8.593600000000000705e+01 -1.188207344625492645e+01
9.453000000000000114e+01 -1.195916288133303063e+01
1.039830000000000041e+02 -1.203881024410491207e+01
1.143810000000000002e+02 -1.212107895269689628e+01
1.258190000000000026e+02 -1.220612564693472279e+01
1.384010000000000105e+02 -1.229425707391200007e+01
1.522410000000000139e+02 -1.238610881581045042e+01
1.674650000000000034e+02 -1.248272457429695770e+01
1.842110000000000127e+02 -1.258558495980024361e+01
2.026330000000000098e+02 -1.269636290398211820e+01
2.228959999999999866e+02 -1.281672928603505390e+01
2.451850000000000023e+02 -1.294808029273071170e+01
2.697040000000000077e+02 -1.309147439228725851e+01
2.966739999999999782e+02 -1.324769930195088108e+01
3.263419999999999845e+02 -1.341734804904645273e+01
3.589759999999999991e+02 -1.360087751854021043e+01
3.948729999999999905e+02 -1.379883143117179145e+01
