# # theta [arcmin], log_e(xim)
5.000000000000000000e-01 -1.150319793121171763e+01
5.500000000000000444e-01 -1.147806810355957374e+01
6.049999999999999822e-01 -1.145425852286474111e+01
6.660000000000000364e-01 -1.143173818180397028e+01
7.319999999999999840e-01 -1.141112457727740015e+01
8.050000000000000488e-01 -1.139200601965948323e+01
8.860000000000000098e-01 -1.137450877486737966e+01
9.739999999999999769e-01 -1.135915428571563268e+01
1.072000000000000064e+00 -1.134572008406060917e+01
1.179000000000000048e+00 -1.133467719274758423e+01
1.296999999999999931e+00 -1.132599703612558706e+01
1.427000000000000046e+00 -1.131981564465837486e+01
1.568999999999999950e+00 -1.131631153250967969e+01
1.725999999999999979e+00 -1.131560282253331629e+01
1.899000000000000021e+00 -1.131788431296736341e+01
2.088999999999999968e+00 -1.132331553302709182e+01
2.297000000000000153e+00 -1.133191810468767180e+01
2.527000000000000135e+00 -1.134386309057923015e+01
2.779999999999999805e+00 -1.135922031294717272e+01
3.057999999999999829e+00 -1.137807731465175287e+01
3.363999999999999879e+00 -1.140056331803956091e+01
3.700000000000000178e+00 -1.142670281561114187e+01
4.070000000000000284e+00 -1.145653567978294696e+01
4.477000000000000313e+00 -1.149001981389864468e+01
4.924999999999999822e+00 -1.152719215189978108e+01
5.416999999999999815e+00 -1.156795742367226865e+01
5.958999999999999631e+00 -1.161242375266781579e+01
6.554999999999999716e+00 -1.166045958260271931e+01
7.209999999999999964e+00 -1.171183711956342322e+01
7.932000000000000384e+00 -1.176657513208581918e+01
8.724999999999999645e+00 -1.182431624753654020e+01
9.596999999999999531e+00 -1.188493945283171804e+01
1.055700000000000038e+01 -1.194834233201730811e+01
1.161299999999999955e+01 -1.201421982257608434e+01
1.277399999999999913e+01 -1.208215839977076911e+01
1.405100000000000016e+01 -1.215188810482630188e+01
1.545599999999999952e+01 -1.222311463888516414e+01
1.700199999999999889e+01 -1.229547823180741162e+01
1.870200000000000173e+01 -1.236860922224248327e+01
2.057199999999999918e+01 -1.244211958869327894e+01
2.262999999999999901e+01 -1.251559332046975470e+01
2.489300000000000068e+01 -1.258860590980404837e+01
2.738200000000000145e+01 -1.266086014941788918e+01
3.012000000000000099e+01 -1.273205928555511868e+01
3.313199999999999790e+01 -1.280201471552893189e+01
3.644500000000000028e+01 -1.287047961122700457e+01
4.009000000000000341e+01 -1.293731886455572599e+01
4.409899999999999665e+01 -1.300249141396647978e+01
4.850900000000000034e+01 -1.306603975635138504e+01
5.335900000000000176e+01 -1.312806007280556031e+01
5.869500000000000028e+01 -1.318883977501218929e+01
6.456499999999999773e+01 -1.324859122028353298e+01
7.102100000000000080e+01 -1.330757189746937996e+01
7.812399999999999523e+01 -1.336623528436902042e+01
8.593600000000000705e+01 -1.342501358217814555e+01
9.453000000000000114e+01 -1.348433877251950896e+01
1.039830000000000041e+02 -1.354468526607897338e+01
1.143810000000000002e+02 -1.360640345833599518e+01
1.258190000000000026e+02 -1.366991955068954745e+01
1.384010000000000105e+02 -1.373564263479542902e+01
1.522410000000000139e+02 -1.380404849906084230e+01
1.674650000000000034e+02 -1.387563473002657943e+01
1.842110000000000127e+02 -1.395089440818652449e+01
2.026330000000000098e+02 -1.403011145190120956e+01
2.228959999999999866e+02 -1.411346911978646368e+01
2.451850000000000023e+02 -1.420095791485824499e+01
2.697040000000000077e+02 -1.429244825236958860e+01
2.966739999999999782e+02 -1.438781875481499206e+01
3.263419999999999845e+02 -1.448698548751515247e+01
3.589759999999999991e+02 -1.458985347734942550e+01
3.948729999999999905e+02 -1.469650147452247779e+01
