# # theta [arcmin], log_e(xip)
5.000000000000000000e-01 -9.220769567466721384e+00
5.500000000000000444e-01 -9.260446266339091181e+00
6.049999999999999822e-01 -9.301966745334956599e+00
6.660000000000000364e-01 -9.345745404482464380e+00
7.319999999999999840e-01 -9.390756864557845418e+00
8.050000000000000488e-01 -9.438036646223732617e+00
8.860000000000000098e-01 -9.487793472530830385e+00
9.739999999999999769e-01 -9.539018620783661362e+00
1.072000000000000064e+00 -9.593018926773815735e+00
1.179000000000000048e+00 -9.648762701917769746e+00
1.296999999999999931e+00 -9.706812337476769414e+00
1.427000000000000046e+00 -9.767097724134483627e+00
1.568999999999999950e+00 -9.829075312390893160e+00
1.725999999999999979e+00 -9.893459402928739266e+00
1.899000000000000021e+00 -9.959977695601091696e+00
2.088999999999999968e+00 -1.002834422245779145e+01
2.297000000000000153e+00 -1.009823827235070404e+01
2.527000000000000135e+00 -1.017022908327048292e+01
2.779999999999999805e+00 -1.024378786690635224e+01
3.057999999999999829e+00 -1.031867123335545422e+01
3.363999999999999879e+00 -1.039483086173849458e+01
3.700000000000000178e+00 -1.047190238880484081e+01
4.070000000000000284e+00 -1.054987863623963662e+01
4.477000000000000313e+00 -1.062843050348626761e+01
4.924999999999999822e+00 -1.070737100561076538e+01
5.416999999999999815e+00 -1.078629515359373414e+01
5.958999999999999631e+00 -1.086523600733506711e+01
6.554999999999999716e+00 -1.094385904668299325e+01
7.209999999999999964e+00 -1.102190609650699926e+01
7.932000000000000384e+00 -1.109944787602533012e+01
8.724999999999999645e+00 -1.117606830244249849e+01
9.596999999999999531e+00 -1.125178348565051500e+01
1.055700000000000038e+01 -1.132666832940263824e+01
1.161299999999999955e+01 -1.140069202207943633e+01
1.277399999999999913e+01 -1.147383168294928524e+01
1.405100000000000016e+01 -1.154621961494478022e+01
1.545599999999999952e+01 -1.161802379278007002e+01
1.700199999999999889e+01 -1.168942997364263192e+01
1.870200000000000173e+01 -1.176064363896089304e+01
2.057199999999999918e+01 -1.183195002147857977e+01
2.262999999999999901e+01 -1.190361600649649709e+01
2.489300000000000068e+01 -1.197586609601564689e+01
2.738200000000000145e+01 -1.204903026498809204e+01
3.012000000000000099e+01 -1.212342594657132189e+01
3.313199999999999790e+01 -1.219941207644986214e+01
3.644500000000000028e+01 -1.227729177901469271e+01
4.009000000000000341e+01 -1.235737658118135229e+01
4.409899999999999665e+01 -1.243995768057647311e+01
4.850900000000000034e+01 -1.252534776389486915e+01
5.335900000000000176e+01 -1.261381805154256419e+01
5.869500000000000028e+01 -1.270574668004483954e+01
6.456499999999999773e+01 -1.280139934518429534e+01
7.102100000000000080e+01 -1.290099419935970815e+01
7.812399999999999523e+01 -1.300486704951135586e+01
8.593600000000000705e+01 -1.311325448957397910e+01
9.453000000000000114e+01 -1.322640032492059703e+01
1.039830000000000041e+02 -1.334453989644500460e+01
1.143810000000000002e+02 -1.346778615083937503e+01
1.258190000000000026e+02 -1.359620395834351037e+01
1.384010000000000105e+02 -1.372974487319379655e+01
1.522410000000000139e+02 -1.386838678874536868e+01
1.674650000000000034e+02 -1.401220645231400752e+01
1.842110000000000127e+02 -1.416158884530985951e+01
2.026330000000000098e+02 -1.431724413989383926e+01
2.228959999999999866e+02 -1.448040561485812638e+01
2.451850000000000023e+02 -1.465269648339523911e+01
2.697040000000000077e+02 -1.483583962440747506e+01
2.966739999999999782e+02 -1.503148138490053398e+01
3.263419999999999845e+02 -1.524124120747211819e+01
3.589759999999999991e+02 -1.546637012384477750e+01
3.948729999999999905e+02 -1.570833644237713855e+01
