# # theta [arcmin], log_e(xip)
5.000000000000000000e-01 -9.010237837887141055e+00
5.500000000000000444e-01 -9.044880172257640183e+00
6.049999999999999822e-01 -9.081193703218769286e+00
6.660000000000000364e-01 -9.119553132535816786e+00
7.319999999999999840e-01 -9.159075177983444505e+00
8.050000000000000488e-01 -9.200682162994375801e+00
8.860000000000000098e-01 -9.244577842135125678e+00
9.739999999999999769e-01 -9.289892583296058604e+00
1.072000000000000064e+00 -9.337803698324860235e+00
1.179000000000000048e+00 -9.387421762455012697e+00
1.296999999999999931e+00 -9.439272897112530814e+00
1.427000000000000046e+00 -9.493326554066536360e+00
1.568999999999999950e+00 -9.549126423403475172e+00
1.725999999999999979e+00 -9.607349185539893810e+00
1.899000000000000021e+00 -9.667788117277220650e+00
2.088999999999999968e+00 -9.730220026725437066e+00
2.297000000000000153e+00 -9.794389231185737898e+00
2.527000000000000135e+00 -9.860859957094760375e+00
2.779999999999999805e+00 -9.929186561373359865e+00
3.057999999999999829e+00 -9.999180505588785906e+00
3.363999999999999879e+00 -1.007083009698163600e+01
3.700000000000000178e+00 -1.014381820960704061e+01
4.070000000000000284e+00 -1.021816322949756284e+01
4.477000000000000313e+00 -1.029356830898054653e+01
4.924999999999999822e+00 -1.036985906590795459e+01
5.416999999999999815e+00 -1.044663390916501022e+01
5.958999999999999631e+00 -1.052390150547073233e+01
6.554999999999999716e+00 -1.060129356863683903e+01
7.209999999999999964e+00 -1.067850531030574324e+01
7.932000000000000384e+00 -1.075553715123812992e+01
8.724999999999999645e+00 -1.083189185838757673e+01
9.596999999999999531e+00 -1.090748881484164023e+01
1.055700000000000038e+01 -1.098229368450252252e+01
1.161299999999999955e+01 -1.105615716252351888e+01
1.277399999999999913e+01 -1.112894824341023536e+01
1.405100000000000016e+01 -1.120068152018152752e+01
1.545599999999999952e+01 -1.127141639694012554e+01
1.700199999999999889e+01 -1.134124111654246470e+01
1.870200000000000173e+01 -1.141027501823409018e+01
2.057199999999999918e+01 -1.147872792377043538e+01
2.262999999999999901e+01 -1.154680949955795555e+01
2.489300000000000068e+01 -1.161469942003264322e+01
2.738200000000000145e+01 -1.168269366588056890e+01
3.012000000000000099e+01 -1.175108874987418339e+01
3.313199999999999790e+01 -1.182023177263100422e+01
3.644500000000000028e+01 -1.189042444623824046e+01
4.009000000000000341e+01 -1.196197779356436541e+01
4.409899999999999665e+01 -1.203519347047724786e+01
4.850900000000000034e+01 -1.211039744144622787e+01
5.335900000000000176e+01 -1.218787503106846337e+01
5.869500000000000028e+01 -1.226800592326335604e+01
6.456499999999999773e+01 -1.235106211766124673e+01
7.102100000000000080e+01 -1.243726827801403445e+01
7.812399999999999523e+01 -1.252693928537299861e+01
8.593600000000000705e+01 -1.262029347332364893e+01
9.453000000000000114e+01 -1.271753647290477041e+01
1.039830000000000041e+02 -1.281883428488302279e+01
1.143810000000000002e+02 -1.292421276377355710e+01
1.258190000000000026e+02 -1.303366958313933210e+01
1.384010000000000105e+02 -1.314718438573708070e+01
1.522410000000000139e+02 -1.326490322458679216e+01
1.674650000000000034e+02 -1.338727012123503357e+01
1.842110000000000127e+02 -1.351522227868169068e+01
2.026330000000000098e+02 -1.365013680734887558e+01
2.228959999999999866e+02 -1.379374808770965899e+01
2.451850000000000023e+02 -1.394784780671961855e+01
2.697040000000000077e+02 -1.411398829446267023e+01
2.966739999999999782e+02 -1.429348716711075618e+01
3.263419999999999845e+02 -1.448754068135196249e+01
3.589759999999999991e+02 -1.469703809281907247e+01
3.948729999999999905e+02 -1.492299751022307319e+01
