# # theta [arcmin], log_e(xim)
5.000000000000000000e-01 -1.181846157645003892e+01
5.500000000000000444e-01 -1.179647767704713957e+01
6.049999999999999822e-01 -1.177561903365240070e+01
6.660000000000000364e-01 -1.175586122113493204e+01
7.319999999999999840e-01 -1.173774429377848172e+01
8.050000000000000488e-01 -1.172090236362970117e+01
8.860000000000000098e-01 -1.170545458209801737e+01
9.739999999999999769e-01 -1.169186973123554552e+01
1.072000000000000064e+00 -1.167996353157986533e+01
1.179000000000000048e+00 -1.167016833736765946e+01
1.296999999999999931e+00 -1.166246743125160634e+01
1.427000000000000046e+00 -1.165699308347946861e+01
1.568999999999999950e+00 -1.165392248473956727e+01
1.725999999999999979e+00 -1.165338480046744962e+01
1.899000000000000021e+00 -1.165557925470823619e+01
2.088999999999999968e+00 -1.166067760915727014e+01
2.297000000000000153e+00 -1.166871882659409643e+01
2.527000000000000135e+00 -1.167988636306630745e+01
2.779999999999999805e+00 -1.169427385544416964e+01
3.057999999999999829e+00 -1.171199342327979842e+01
3.363999999999999879e+00 -1.173319876440122478e+01
3.700000000000000178e+00 -1.175794518939160227e+01
4.070000000000000284e+00 -1.178629945465098317e+01
4.477000000000000313e+00 -1.181825473732169129e+01
4.924999999999999822e+00 -1.185388089610681028e+01
5.416999999999999815e+00 -1.189312363763808911e+01
5.958999999999999631e+00 -1.193612596956930005e+01
6.554999999999999716e+00 -1.198280094242775462e+01
7.209999999999999964e+00 -1.203296843828582929e+01
7.932000000000000384e+00 -1.208669284094366425e+01
8.724999999999999645e+00 -1.214367491424888179e+01
9.596999999999999531e+00 -1.220385231229535350e+01
1.055700000000000038e+01 -1.226718706227656419e+01
1.161299999999999955e+01 -1.233344362396021765e+01
1.277399999999999913e+01 -1.240228097882318714e+01
1.405100000000000016e+01 -1.247350277987628964e+01
1.545599999999999952e+01 -1.254688914481063833e+01
1.700199999999999889e+01 -1.262215188475816241e+01
1.870200000000000173e+01 -1.269898173327791113e+01
2.057199999999999918e+01 -1.277703936219821479e+01
2.262999999999999901e+01 -1.285593737298216688e+01
2.489300000000000068e+01 -1.293524874245055223e+01
2.738200000000000145e+01 -1.301464998194041200e+01
3.012000000000000099e+01 -1.309377592055241557e+01
3.313199999999999790e+01 -1.317233701660415157e+01
3.644500000000000028e+01 -1.324993825959818317e+01
4.009000000000000341e+01 -1.332626389423972846e+01
4.409899999999999665e+01 -1.340105531581798992e+01
4.850900000000000034e+01 -1.347411474776278872e+01
5.335900000000000176e+01 -1.354527657191690082e+01
5.869500000000000028e+01 -1.361457744239183754e+01
6.456499999999999773e+01 -1.368197666534287649e+01
7.102100000000000080e+01 -1.374750337210582884e+01
7.812399999999999523e+01 -1.381142591150251064e+01
8.593600000000000705e+01 -1.387401632613737590e+01
9.453000000000000114e+01 -1.393557971731120837e+01
1.039830000000000041e+02 -1.399651350450696974e+01
1.143810000000000002e+02 -1.405713635865737032e+01
1.258190000000000026e+02 -1.411787820419022843e+01
1.384010000000000105e+02 -1.417913804347702467e+01
1.522410000000000139e+02 -1.424138630316912213e+01
1.674650000000000034e+02 -1.430512849623918825e+01
1.842110000000000127e+02 -1.437091539939285134e+01
2.026330000000000098e+02 -1.443922776258134100e+01
2.228959999999999866e+02 -1.451062988192124692e+01
2.451850000000000023e+02 -1.458561157168632505e+01
2.697040000000000077e+02 -1.466441744547494608e+01
2.966739999999999782e+02 -1.474700503323070677e+01
3.263419999999999845e+02 -1.483314045752084986e+01
3.589759999999999991e+02 -1.492250215518757983e+01
3.948729999999999905e+02 -1.501488262858132217e+01
