# # theta [arcmin], log_e(xim)
5.000000000000000000e-01 -1.213807909986965505e+01
5.500000000000000444e-01 -1.211590841069114433e+01
6.049999999999999822e-01 -1.209482326333349178e+01
6.660000000000000364e-01 -1.207479388818445720e+01
7.319999999999999840e-01 -1.205636329955537889e+01
8.050000000000000488e-01 -1.203915546254530788e+01
8.860000000000000098e-01 -1.202328269844807807e+01
9.739999999999999769e-01 -1.200921902584141598e+01
1.072000000000000064e+00 -1.199676290161226078e+01
1.179000000000000048e+00 -1.198635222645355647e+01
1.296999999999999931e+00 -1.197795922450286099e+01
1.427000000000000046e+00 -1.197171097328895151e+01
1.568999999999999950e+00 -1.196778640562789420e+01
1.725999999999999979e+00 -1.196629807940489520e+01
1.899000000000000021e+00 -1.196744180382273726e+01
2.088999999999999968e+00 -1.197138636853035720e+01
2.297000000000000153e+00 -1.197816876259473950e+01
2.527000000000000135e+00 -1.198795385721971485e+01
2.779999999999999805e+00 -1.200083582705634733e+01
3.057999999999999829e+00 -1.201692295360014739e+01
3.363999999999999879e+00 -1.203636058871444270e+01
3.700000000000000178e+00 -1.205920367022320328e+01
4.070000000000000284e+00 -1.208551018716129200e+01
4.477000000000000313e+00 -1.211527316912407137e+01
4.924999999999999822e+00 -1.214855911697314284e+01
5.416999999999999815e+00 -1.218531968562937884e+01
5.958999999999999631e+00 -1.222569184964941336e+01
6.554999999999999716e+00 -1.226959749394091759e+01
7.209999999999999964e+00 -1.231686656207956254e+01
7.932000000000000384e+00 -1.236756410305810228e+01
8.724999999999999645e+00 -1.242141644415432467e+01
9.596999999999999531e+00 -1.247837597931424369e+01
1.055700000000000038e+01 -1.253842326768578452e+01
1.161299999999999955e+01 -1.260135299482000804e+01
1.277399999999999913e+01 -1.266686031251526146e+01
1.405100000000000016e+01 -1.273478325644008891e+01
1.545599999999999952e+01 -1.280494399922622328e+01
1.700199999999999889e+01 -1.287710262458668176e+01
1.870200000000000173e+01 -1.295100166084671578e+01
2.057199999999999918e+01 -1.302635162557739967e+01
2.262999999999999901e+01 -1.310281372327963467e+01
2.489300000000000068e+01 -1.318000732085941351e+01
2.738200000000000145e+01 -1.325764315470582844e+01
3.012000000000000099e+01 -1.333538210813909330e+01
3.313199999999999790e+01 -1.341294097116817419e+01
3.644500000000000028e+01 -1.348991078437230584e+01
4.009000000000000341e+01 -1.356593074436903379e+01
4.409899999999999665e+01 -1.364067612653985151e+01
4.850900000000000034e+01 -1.371385329087483562e+01
5.335900000000000176e+01 -1.378516953746337137e+01
5.869500000000000028e+01 -1.385451004758928484e+01
6.456499999999999773e+01 -1.392165526991254154e+01
7.102100000000000080e+01 -1.398644574619402903e+01
7.812399999999999523e+01 -1.404895119274338988e+01
8.593600000000000705e+01 -1.410924598170059951e+01
9.453000000000000114e+01 -1.416744916464900328e+01
1.039830000000000041e+02 -1.422379177759492386e+01
1.143810000000000002e+02 -1.427845198337951693e+01
1.258190000000000026e+02 -1.433174980900295026e+01
1.384010000000000105e+02 -1.438400554961441280e+01
1.522410000000000139e+02 -1.443564596697890146e+01
1.674650000000000034e+02 -1.448719864079577491e+01
1.842110000000000127e+02 -1.453932810232147155e+01
2.026330000000000098e+02 -1.459273089087212938e+01
2.228959999999999866e+02 -1.464825434456818343e+01
2.451850000000000023e+02 -1.470667657549551599e+01
2.697040000000000077e+02 -1.476843415436229812e+01
2.966739999999999782e+02 -1.483345784031912551e+01
3.263419999999999845e+02 -1.490125272311952465e+01
3.589759999999999991e+02 -1.497115965610173838e+01
3.948729999999999905e+02 -1.504274311857631297e+01
