# # theta [arcmin], log_e(xim)
5.000000000000000000e-01 -1.138361446569015989e+01
5.500000000000000444e-01 -1.135891422343546608e+01
6.049999999999999822e-01 -1.133517266239095456e+01
6.660000000000000364e-01 -1.131233022690036982e+01
7.319999999999999840e-01 -1.129099304678174143e+01
8.050000000000000488e-01 -1.127071838295386108e+01
8.860000000000000098e-01 -1.125160251170988346e+01
9.739999999999999769e-01 -1.123418373857800923e+01
1.072000000000000064e+00 -1.121817741543690872e+01
1.179000000000000048e+00 -1.120409020704843250e+01
1.296999999999999931e+00 -1.119185987499929347e+01
1.427000000000000046e+00 -1.118162443315369536e+01
1.568999999999999950e+00 -1.117360443288001370e+01
1.725999999999999979e+00 -1.116787441751472265e+01
1.899000000000000021e+00 -1.116465735968185236e+01
2.088999999999999968e+00 -1.116415417276199840e+01
2.297000000000000153e+00 -1.116643642162903838e+01
2.527000000000000135e+00 -1.117164907252203854e+01
2.779999999999999805e+00 -1.117993858085399594e+01
3.057999999999999829e+00 -1.119144722139510151e+01
3.363999999999999879e+00 -1.120634705813459142e+01
3.700000000000000178e+00 -1.122473677087286781e+01
4.070000000000000284e+00 -1.124670020222025890e+01
4.477000000000000313e+00 -1.127227289506261343e+01
4.924999999999999822e+00 -1.130155737304345287e+01
5.416999999999999815e+00 -1.133455169042437127e+01
5.958999999999999631e+00 -1.137141722217864981e+01
6.554999999999999716e+00 -1.141211679325341422e+01
7.209999999999999964e+00 -1.145651299594461392e+01
7.932000000000000384e+00 -1.150468649865644544e+01
8.724999999999999645e+00 -1.155639429259811202e+01
9.596999999999999531e+00 -1.161160037914966026e+01
1.055700000000000038e+01 -1.167029040500158921e+01
1.161299999999999955e+01 -1.173225903349525012e+01
1.277399999999999913e+01 -1.179719217641294904e+01
1.405100000000000016e+01 -1.186490800689612612e+01
1.545599999999999952e+01 -1.193520281005194228e+01
1.700199999999999889e+01 -1.200780392340677238e+01
1.870200000000000173e+01 -1.208241481145588736e+01
2.057199999999999918e+01 -1.215870215528772036e+01
2.262999999999999901e+01 -1.223627889532065538e+01
2.489300000000000068e+01 -1.231471988990148247e+01
2.738200000000000145e+01 -1.239369534860400357e+01
3.012000000000000099e+01 -1.247283297856331785e+01
3.313199999999999790e+01 -1.255183308426018129e+01
3.644500000000000028e+01 -1.263028335977826622e+01
4.009000000000000341e+01 -1.270784537071787490e+01
4.409899999999999665e+01 -1.278423893499852682e+01
4.850900000000000034e+01 -1.285924362915582009e+01
5.335900000000000176e+01 -1.293266162140099063e+01
5.869500000000000028e+01 -1.300450034494777540e+01
6.456499999999999773e+01 -1.307468144614581895e+01
7.102100000000000080e+01 -1.314319893799246763e+01
7.812399999999999523e+01 -1.321028735250314945e+01
8.593600000000000705e+01 -1.327618611101182822e+01
9.453000000000000114e+01 -1.334117071868078419e+01
1.039830000000000041e+02 -1.340561195898354541e+01
1.143810000000000002e+02 -1.346979899283856241e+01
1.258190000000000026e+02 -1.353413960882159195e+01
1.384010000000000105e+02 -1.359902995487144572e+01
1.522410000000000139e+02 -1.366497296892406332e+01
1.674650000000000034e+02 -1.373252786858305008e+01
1.842110000000000127e+02 -1.380230710840269737e+01
2.026330000000000098e+02 -1.387481830349302570e+01
2.228959999999999866e+02 -1.395055452252060491e+01
2.451850000000000023e+02 -1.402979509151266591e+01
2.697040000000000077e+02 -1.411256387030809734e+01
2.966739999999999782e+02 -1.419875845622837041e+01
3.263419999999999845e+02 -1.428824896330358207e+01
3.589759999999999991e+02 -1.438083390305980203e+01
3.948729999999999905e+02 -1.447651857894955896e+01
