# # theta [arcmin], log_e(xim)
5.000000000000000000e-01 -1.109771862862299407e+01
5.500000000000000444e-01 -1.107420741548857457e+01
6.049999999999999822e-01 -1.105195942700119005e+01
6.660000000000000364e-01 -1.103095497507844769e+01
7.319999999999999840e-01 -1.101177812506554510e+01
8.050000000000000488e-01 -1.099405072245057546e+01
8.860000000000000098e-01 -1.097790920824309779e+01
9.739999999999999769e-01 -1.096385190874101312e+01
1.072000000000000064e+00 -1.095169897491220823e+01
1.179000000000000048e+00 -1.094190637114389375e+01
1.296999999999999931e+00 -1.093447109971968878e+01
1.427000000000000046e+00 -1.092954348647219298e+01
1.568999999999999950e+00 -1.092730726059123114e+01
1.725999999999999979e+00 -1.092791598621540494e+01
1.899000000000000021e+00 -1.093158005604352034e+01
2.088999999999999968e+00 -1.093847623847690187e+01
2.297000000000000153e+00 -1.094864343802430184e+01
2.527000000000000135e+00 -1.096228930203252716e+01
2.779999999999999805e+00 -1.097949760705524547e+01
3.057999999999999829e+00 -1.100037373178860811e+01
3.363999999999999879e+00 -1.102506718293065013e+01
3.700000000000000178e+00 -1.105361126464335797e+01
4.070000000000000284e+00 -1.108606161840835469e+01
4.477000000000000313e+00 -1.112237841312261111e+01
4.924999999999999822e+00 -1.116259963406048072e+01
5.416999999999999815e+00 -1.120661645607598977e+01
5.958999999999999631e+00 -1.125453292351674683e+01
6.554999999999999716e+00 -1.130619019626369948e+01
7.209999999999999964e+00 -1.136132947415531191e+01
7.932000000000000384e+00 -1.141994618141331586e+01
8.724999999999999645e+00 -1.148162739942534394e+01
9.596999999999999531e+00 -1.154621000014319776e+01
1.055700000000000038e+01 -1.161354788979607200e+01
1.161299999999999955e+01 -1.168328220649645743e+01
1.277399999999999913e+01 -1.175494721849318225e+01
1.405100000000000016e+01 -1.182823282610620730e+01
1.545599999999999952e+01 -1.190281111552920734e+01
1.700199999999999889e+01 -1.197829743691972304e+01
1.870200000000000173e+01 -1.205431442535351749e+01
2.057199999999999918e+01 -1.213048940497735018e+01
2.262999999999999901e+01 -1.220644671548561710e+01
2.489300000000000068e+01 -1.228182279609029770e+01
2.738200000000000145e+01 -1.235641146639848564e+01
3.012000000000000099e+01 -1.243002802628875081e+01
3.313199999999999790e+01 -1.250261761097671531e+01
3.644500000000000028e+01 -1.257408128816286208e+01
4.009000000000000341e+01 -1.264444397323517144e+01
4.409899999999999665e+01 -1.271381801814437296e+01
4.850900000000000034e+01 -1.278239120129447493e+01
5.335900000000000176e+01 -1.285039118647040013e+01
5.869500000000000028e+01 -1.291821917609990145e+01
6.456499999999999773e+01 -1.298617520464769015e+01
7.102100000000000080e+01 -1.305457109300037999e+01
7.812399999999999523e+01 -1.312389805441890900e+01
8.593600000000000705e+01 -1.319459273065268690e+01
9.453000000000000114e+01 -1.326706954735358934e+01
1.039830000000000041e+02 -1.334176767843672096e+01
1.143810000000000002e+02 -1.341897991021381564e+01
1.258190000000000026e+02 -1.349906320190709685e+01
1.384010000000000105e+02 -1.358232004680226090e+01
1.522410000000000139e+02 -1.366908046243797514e+01
1.674650000000000034e+02 -1.375966061090484871e+01
1.842110000000000127e+02 -1.385436105965427700e+01
2.026330000000000098e+02 -1.395330577062084387e+01
2.228959999999999866e+02 -1.405662067067573595e+01
2.451850000000000023e+02 -1.416432703214819355e+01
2.697040000000000077e+02 -1.427636354235710847e+01
2.966739999999999782e+02 -1.439266902280857607e+01
3.263419999999999845e+02 -1.451316025967665091e+01
3.589759999999999991e+02 -1.463767044153584251e+01
3.948729999999999905e+02 -1.476620874532393479e+01
