# # theta [arcmin], log_e(xip)
5.000000000000000000e-01 -8.942010093461213671e+00
5.500000000000000444e-01 -8.973499853856594655e+00
6.049999999999999822e-01 -9.006475057474878199e+00
6.660000000000000364e-01 -9.041283064335395636e+00
7.319999999999999840e-01 -9.077129405682693886e+00
8.050000000000000488e-01 -9.114863842372390224e+00
8.860000000000000098e-01 -9.154685254186404109e+00
9.739999999999999769e-01 -9.195821285876979445e+00
1.072000000000000064e+00 -9.239360306433054504e+00
1.179000000000000048e+00 -9.284518161951726967e+00
1.296999999999999931e+00 -9.331800911367929885e+00
1.427000000000000046e+00 -9.381212800882522629e+00
1.568999999999999950e+00 -9.432372041659936812e+00
1.725999999999999979e+00 -9.485938944853300470e+00
1.899000000000000021e+00 -9.541770939198062962e+00
2.088999999999999968e+00 -9.599711485980606085e+00
2.297000000000000153e+00 -9.659575879381321784e+00
2.527000000000000135e+00 -9.721951804408947240e+00
2.779999999999999805e+00 -9.786488824368468897e+00
3.057999999999999829e+00 -9.853076226968759954e+00
3.363999999999999879e+00 -9.921773730223446108e+00
3.700000000000000178e+00 -9.992346963361590895e+00
4.070000000000000284e+00 -1.006488734379689731e+01
4.477000000000000313e+00 -1.013917900045821341e+01
4.924999999999999822e+00 -1.021511811450653795e+01
5.416999999999999815e+00 -1.029236254087039271e+01
5.958999999999999631e+00 -1.037096796776542540e+01
6.554999999999999716e+00 -1.045059237993952905e+01
7.209999999999999964e+00 -1.053093913163420581e+01
7.932000000000000384e+00 -1.061200302261645589e+01
8.724999999999999645e+00 -1.069322933742052228e+01
9.596999999999999531e+00 -1.077446702175028115e+01
1.055700000000000038e+01 -1.085558060692408056e+01
1.161299999999999955e+01 -1.093628064048695414e+01
1.277399999999999913e+01 -1.101627016772713219e+01
1.405100000000000016e+01 -1.109537633035995796e+01
1.545599999999999952e+01 -1.117344917361453405e+01
1.700199999999999889e+01 -1.125035583697588493e+01
1.870200000000000173e+01 -1.132598376416401464e+01
2.057199999999999918e+01 -1.140032114909828564e+01
2.262999999999999901e+01 -1.147335769666293892e+01
2.489300000000000068e+01 -1.154506143826608522e+01
2.738200000000000145e+01 -1.161554429803248389e+01
3.012000000000000099e+01 -1.168494384227832761e+01
3.313199999999999790e+01 -1.175347792581032280e+01
3.644500000000000028e+01 -1.182134167844241368e+01
4.009000000000000341e+01 -1.188875774445065581e+01
4.409899999999999665e+01 -1.195597235401510261e+01
4.850900000000000034e+01 -1.202327953326931009e+01
5.335900000000000176e+01 -1.209095359958994997e+01
5.869500000000000028e+01 -1.215938182630122633e+01
6.456499999999999773e+01 -1.222885500381862478e+01
7.102100000000000080e+01 -1.229963525322853712e+01
7.812399999999999523e+01 -1.237207953324096898e+01
8.593600000000000705e+01 -1.244647299252166306e+01
9.453000000000000114e+01 -1.252309125692581659e+01
1.039830000000000041e+02 -1.260221306400238106e+01
1.143810000000000002e+02 -1.268400329071191202e+01
1.258190000000000026e+02 -1.276859304777643978e+01
1.384010000000000105e+02 -1.285602739527519489e+01
1.522410000000000139e+02 -1.294639194000917648e+01
1.674650000000000034e+02 -1.303988471599973309e+01
1.842110000000000127e+02 -1.313698322851765532e+01
2.026330000000000098e+02 -1.323849783521223422e+01
2.228959999999999866e+02 -1.334571132460595422e+01
2.451850000000000023e+02 -1.346026353301679457e+01
2.697040000000000077e+02 -1.358389737545216214e+01
2.966739999999999782e+02 -1.371815791994397671e+01
3.263419999999999845e+02 -1.386430613214833940e+01
3.589759999999999991e+02 -1.402323854205370957e+01
3.948729999999999905e+02 -1.419555838928533475e+01
