# # theta [arcmin], log_e(xip)
5.000000000000000000e-01 -8.557319594582928346e+00
5.500000000000000444e-01 -8.602027485426281928e+00
6.049999999999999822e-01 -8.648842356542846943e+00
6.660000000000000364e-01 -8.698230772859448123e+00
7.319999999999999840e-01 -8.749034458433643024e+00
8.050000000000000488e-01 -8.802417619684373307e+00
8.860000000000000098e-01 -8.858609429496370424e+00
9.739999999999999769e-01 -8.916464023723582599e+00
1.072000000000000064e+00 -8.977445321455695293e+00
1.179000000000000048e+00 -9.040375681086063153e+00
1.296999999999999931e+00 -9.105873155191014590e+00
1.427000000000000046e+00 -9.173834880163873606e+00
1.568999999999999950e+00 -9.243625630840677232e+00
1.725999999999999979e+00 -9.316019493939164064e+00
1.899000000000000021e+00 -9.390677698657395212e+00
2.088999999999999968e+00 -9.467245484765159702e+00
2.297000000000000153e+00 -9.545328889852635612e+00
2.527000000000000135e+00 -9.625525113050318993e+00
2.779999999999999805e+00 -9.707207536560778394e+00
3.057999999999999829e+00 -9.790076906302299875e+00
3.363999999999999879e+00 -9.874059050045364216e+00
3.700000000000000178e+00 -9.958747017579977268e+00
4.070000000000000284e+00 -1.004413978109845296e+01
4.477000000000000313e+00 -1.012990144559319994e+01
4.924999999999999822e+00 -1.021588098442066794e+01
5.416999999999999815e+00 -1.030171958253728448e+01
5.958999999999999631e+00 -1.038756609022257038e+01
6.554999999999999716e+00 -1.047320650600334346e+01
7.209999999999999964e+00 -1.055852386636378171e+01
7.932000000000000384e+00 -1.064379468678098206e+01
8.724999999999999645e+00 -1.072877737619405636e+01
9.596999999999999531e+00 -1.081371619605343959e+01
1.055700000000000038e+01 -1.089893134626937155e+01
1.161299999999999955e+01 -1.098461931967470306e+01
1.277399999999999913e+01 -1.107095936443960582e+01
1.405100000000000016e+01 -1.115829691346493568e+01
1.545599999999999952e+01 -1.124699525834629021e+01
1.700199999999999889e+01 -1.133740196267727285e+01
1.870200000000000173e+01 -1.142985810540233871e+01
2.057199999999999918e+01 -1.152477236317080589e+01
2.262999999999999901e+01 -1.162250542553416466e+01
2.489300000000000068e+01 -1.172332815190110367e+01
2.738200000000000145e+01 -1.182763059338734379e+01
3.012000000000000099e+01 -1.193576661591350607e+01
3.313199999999999790e+01 -1.204813753570006973e+01
3.644500000000000028e+01 -1.216505758164900719e+01
4.009000000000000341e+01 -1.228685069016434284e+01
4.409899999999999665e+01 -1.241380013726840836e+01
4.850900000000000034e+01 -1.254621360368791549e+01
5.335900000000000176e+01 -1.268434299010541366e+01
5.869500000000000028e+01 -1.282862791375070444e+01
6.456499999999999773e+01 -1.297932550241280580e+01
7.102100000000000080e+01 -1.313660784990079833e+01
7.812399999999999523e+01 -1.330089930872888537e+01
8.593600000000000705e+01 -1.347249264822327852e+01
9.453000000000000114e+01 -1.365170350844942249e+01
1.039830000000000041e+02 -1.383898022865302302e+01
1.143810000000000002e+02 -1.403458004456185293e+01
1.258190000000000026e+02 -1.423884421191053917e+01
1.384010000000000105e+02 -1.445204265003653887e+01
1.522410000000000139e+02 -1.467468422407552353e+01
1.674650000000000034e+02 -1.490752794090719924e+01
1.842110000000000127e+02 -1.515205864070905584e+01
2.026330000000000098e+02 -1.540989878713337369e+01
2.228959999999999866e+02 -1.568380080890332096e+01
2.451850000000000023e+02 -1.597757834177060587e+01
2.697040000000000077e+02 -1.629655603169598521e+01
2.966739999999999782e+02 -1.664902296673588467e+01
3.263419999999999845e+02 -1.704884693445735167e+01
3.589759999999999991e+02 -1.751874211252029312e+01
3.948729999999999905e+02 -1.811097865149653785e+01
