# # theta [arcmin], log_e(xim)
5.000000000000000000e-01 -1.114463484496249635e+01
5.500000000000000444e-01 -1.111924148259790535e+01
6.049999999999999822e-01 -1.109503651999194673e+01
6.660000000000000364e-01 -1.107197674619082406e+01
7.319999999999999840e-01 -1.105069068523924791e+01
8.050000000000000488e-01 -1.103074872954302599e+01
8.860000000000000098e-01 -1.101227079039184176e+01
9.739999999999999769e-01 -1.099579734373134166e+01
1.072000000000000064e+00 -1.098108148262067019e+01
1.179000000000000048e+00 -1.096862057868007057e+01
1.296999999999999931e+00 -1.095837907618180473e+01
1.427000000000000046e+00 -1.095050219313696793e+01
1.568999999999999950e+00 -1.094519582638764277e+01
1.725999999999999979e+00 -1.094256984179778946e+01
1.899000000000000021e+00 -1.094284123431444833e+01
2.088999999999999968e+00 -1.094619618090503366e+01
2.297000000000000153e+00 -1.095268415842665455e+01
2.527000000000000135e+00 -1.096247959249130410e+01
2.779999999999999805e+00 -1.097568909569381290e+01
3.057999999999999829e+00 -1.099243073801067361e+01
3.363999999999999879e+00 -1.101285770002036379e+01
3.700000000000000178e+00 -1.103702612463476029e+01
4.070000000000000284e+00 -1.106499746934338546e+01
4.477000000000000313e+00 -1.109676047201119609e+01
4.924999999999999822e+00 -1.113237346042545006e+01
5.416999999999999815e+00 -1.117176708264403295e+01
5.958999999999999631e+00 -1.121506561228632570e+01
6.554999999999999716e+00 -1.126215507353942513e+01
7.209999999999999964e+00 -1.131281965629930930e+01
7.932000000000000384e+00 -1.136708118798654610e+01
8.724999999999999645e+00 -1.142458954890324030e+01
9.596999999999999531e+00 -1.148521886242889245e+01
1.055700000000000038e+01 -1.154886232786660649e+01
1.161299999999999955e+01 -1.161520395716763332e+01
1.277399999999999913e+01 -1.168381557048981101e+01
1.405100000000000016e+01 -1.175441108321838080e+01
1.545599999999999952e+01 -1.182667981798335788e+01
1.700199999999999889e+01 -1.190024593713763501e+01
1.870200000000000173e+01 -1.197472634890720578e+01
2.057199999999999918e+01 -1.204972398303757686e+01
2.262999999999999901e+01 -1.212481971662371194e+01
2.489300000000000068e+01 -1.219959348072408822e+01
2.738200000000000145e+01 -1.227376365052745477e+01
3.012000000000000099e+01 -1.234705619376202179e+01
3.313199999999999790e+01 -1.241931834261561463e+01
3.644500000000000028e+01 -1.249034480501560829e+01
4.009000000000000341e+01 -1.256005122792116424e+01
4.409899999999999665e+01 -1.262844975881108489e+01
4.850900000000000034e+01 -1.269563657623536557e+01
5.335900000000000176e+01 -1.276175931258062057e+01
5.869500000000000028e+01 -1.282715259196935520e+01
6.456499999999999773e+01 -1.289206786246234415e+01
7.102100000000000080e+01 -1.295678834754211195e+01
7.812399999999999523e+01 -1.302179115735832404e+01
8.593600000000000705e+01 -1.308751422484421489e+01
9.453000000000000114e+01 -1.315438772661035038e+01
1.039830000000000041e+02 -1.322287400613286756e+01
1.143810000000000002e+02 -1.329330236216561900e+01
1.258190000000000026e+02 -1.336607003260375315e+01
1.384010000000000105e+02 -1.344153405296612291e+01
1.522410000000000139e+02 -1.352010216058158321e+01
1.674650000000000034e+02 -1.360218060285184016e+01
1.842110000000000127e+02 -1.368816010303983610e+01
2.026330000000000098e+02 -1.377822729738378271e+01
2.228959999999999866e+02 -1.387251243111617960e+01
2.451850000000000023e+02 -1.397100211970534467e+01
2.697040000000000077e+02 -1.407360767964907211e+01
2.966739999999999782e+02 -1.418024762796594906e+01
3.263419999999999845e+02 -1.429087863013946524e+01
3.589759999999999991e+02 -1.440540428115541438e+01
3.948729999999999905e+02 -1.452386457864701086e+01
