# # theta [arcmin], log_e(xip)
5.000000000000000000e-01 -9.132917400509262151e+00
5.500000000000000444e-01 -9.182061028669950886e+00
6.049999999999999822e-01 -9.233290625855456568e+00
6.660000000000000364e-01 -9.287062465662526023e+00
7.319999999999999840e-01 -9.342062316924698351e+00
8.050000000000000488e-01 -9.399494054681433397e+00
8.860000000000000098e-01 -9.459533922338072998e+00
9.739999999999999769e-01 -9.520887604493985634e+00
1.072000000000000064e+00 -9.585039203250257600e+00
1.179000000000000048e+00 -9.650671807351194786e+00
1.296999999999999931e+00 -9.718360268811059299e+00
1.427000000000000046e+00 -9.787921194116625756e+00
1.568999999999999950e+00 -9.858635417950953439e+00
1.725999999999999979e+00 -9.931224695007802694e+00
1.899000000000000021e+00 -1.000528088261691551e+01
2.088999999999999968e+00 -1.008040422208406994e+01
2.297000000000000153e+00 -1.015617475120671820e+01
2.527000000000000135e+00 -1.023314200316800893e+01
2.779999999999999805e+00 -1.031068556124962221e+01
3.057999999999999829e+00 -1.038852912702519404e+01
3.363999999999999879e+00 -1.046662699124367535e+01
3.700000000000000178e+00 -1.054464777934581576e+01
4.070000000000000284e+00 -1.062264734650432274e+01
4.477000000000000313e+00 -1.070039209005535419e+01
4.924999999999999822e+00 -1.077783675680112374e+01
5.416999999999999815e+00 -1.085476266351134278e+01
5.958999999999999631e+00 -1.093141288548863166e+01
6.554999999999999716e+00 -1.100771276422553591e+01
7.209999999999999964e+00 -1.108366831226296867e+01
7.932000000000000384e+00 -1.115963403867692172e+01
8.724999999999999645e+00 -1.123549450610220646e+01
9.596999999999999531e+00 -1.131155565031249921e+01
1.055700000000000038e+01 -1.138817564271557359e+01
1.161299999999999955e+01 -1.146558969124736826e+01
1.277399999999999913e+01 -1.154400919732691122e+01
1.405100000000000016e+01 -1.162378205642073681e+01
1.545599999999999952e+01 -1.170526269155189247e+01
1.700199999999999889e+01 -1.178878450572263503e+01
1.870200000000000173e+01 -1.187466004444728362e+01
2.057199999999999918e+01 -1.196326561385517273e+01
2.262999999999999901e+01 -1.205494303883804541e+01
2.489300000000000068e+01 -1.214993979072950125e+01
2.738200000000000145e+01 -1.224861424271997734e+01
3.012000000000000099e+01 -1.235129797506295546e+01
3.313199999999999790e+01 -1.245835591441417733e+01
3.644500000000000028e+01 -1.257008156026469514e+01
4.009000000000000341e+01 -1.268678460483790538e+01
4.409899999999999665e+01 -1.280872558797547001e+01
4.850900000000000034e+01 -1.293619589234921818e+01
5.335900000000000176e+01 -1.306943891409644110e+01
5.869500000000000028e+01 -1.320886179507099989e+01
6.456499999999999773e+01 -1.335470850870561144e+01
7.102100000000000080e+01 -1.350715491406888802e+01
7.812399999999999523e+01 -1.366658550798883454e+01
8.593600000000000705e+01 -1.383326147745310131e+01
9.453000000000000114e+01 -1.400749101208227287e+01
1.039830000000000041e+02 -1.418967919968680391e+01
1.143810000000000002e+02 -1.438006683001795238e+01
1.258190000000000026e+02 -1.457894072756934989e+01
1.384010000000000105e+02 -1.478653998649785350e+01
1.522410000000000139e+02 -1.500329641401729930e+01
1.674650000000000034e+02 -1.522988921694179787e+01
1.842110000000000127e+02 -1.546769992930510362e+01
2.026330000000000098e+02 -1.571826237186982311e+01
2.228959999999999866e+02 -1.598398442646878870e+01
2.451850000000000023e+02 -1.626811154082351507e+01
2.697040000000000077e+02 -1.657511640365431305e+01
2.966739999999999782e+02 -1.691160762438287435e+01
3.263419999999999845e+02 -1.728822048282169277e+01
3.589759999999999991e+02 -1.772126077850885650e+01
3.948729999999999905e+02 -1.824474117545861773e+01
