# # theta [arcmin], log_e(xim)
5.000000000000000000e-01 -1.109218298579037132e+01
5.500000000000000444e-01 -1.106927286961056645e+01
6.049999999999999822e-01 -1.104774218496293869e+01
6.660000000000000364e-01 -1.102758874074693018e+01
7.319999999999999840e-01 -1.100937826478293680e+01
8.050000000000000488e-01 -1.099276058811016732e+01
8.860000000000000098e-01 -1.097788226825660196e+01
9.739999999999999769e-01 -1.096521917151060599e+01
1.072000000000000064e+00 -1.095462883245213170e+01
1.179000000000000048e+00 -1.094654007118132277e+01
1.296999999999999931e+00 -1.094096617250356651e+01
1.427000000000000046e+00 -1.093805462922362359e+01
1.568999999999999950e+00 -1.093796909069380874e+01
1.725999999999999979e+00 -1.094088264205525896e+01
1.899000000000000021e+00 -1.094699196160672194e+01
2.088999999999999968e+00 -1.095645748332553637e+01
2.297000000000000153e+00 -1.096929621202494154e+01
2.527000000000000135e+00 -1.098572956829091751e+01
2.779999999999999805e+00 -1.100580971428131960e+01
3.057999999999999829e+00 -1.102962068948536434e+01
3.363999999999999879e+00 -1.105729653342007701e+01
3.700000000000000178e+00 -1.108884209077553606e+01
4.070000000000000284e+00 -1.112429527217494751e+01
4.477000000000000313e+00 -1.116358777295112681e+01
4.924999999999999822e+00 -1.120673203973494481e+01
5.416999999999999815e+00 -1.125358345522481507e+01
5.958999999999999631e+00 -1.130422491344985758e+01
6.554999999999999716e+00 -1.135846169130481798e+01
7.209999999999999964e+00 -1.141600113406356343e+01
7.932000000000000384e+00 -1.147681535395817143e+01
8.724999999999999645e+00 -1.154045155557062508e+01
9.596999999999999531e+00 -1.160671957458994896e+01
1.055700000000000038e+01 -1.167544639447000421e+01
1.161299999999999955e+01 -1.174624827458949561e+01
1.277399999999999913e+01 -1.181863859088220003e+01
1.405100000000000016e+01 -1.189229674752363941e+01
1.545599999999999952e+01 -1.196688914476504451e+01
1.700199999999999889e+01 -1.204203387158132088e+01
1.870200000000000173e+01 -1.211736841888607330e+01
2.057199999999999918e+01 -1.219254633986547987e+01
2.262999999999999901e+01 -1.226723256059047706e+01
2.489300000000000068e+01 -1.234111489320732247e+01
2.738200000000000145e+01 -1.241404880547908363e+01
3.012000000000000099e+01 -1.248592147807030628e+01
3.313199999999999790e+01 -1.255675358943307884e+01
3.644500000000000028e+01 -1.262652571406693092e+01
4.009000000000000341e+01 -1.269534162563092927e+01
4.409899999999999665e+01 -1.276338558705294091e+01
4.850900000000000034e+01 -1.283090942743478102e+01
5.335900000000000176e+01 -1.289819834797657094e+01
5.869500000000000028e+01 -1.296569686493962870e+01
6.456499999999999773e+01 -1.303373684714394010e+01
7.102100000000000080e+01 -1.310264751857830667e+01
7.812399999999999523e+01 -1.317292746404427461e+01
8.593600000000000705e+01 -1.324500965698451616e+01
9.453000000000000114e+01 -1.331929717488623943e+01
1.039830000000000041e+02 -1.339621158060061390e+01
1.143810000000000002e+02 -1.347602002384639519e+01
1.258190000000000026e+02 -1.355905061281250923e+01
1.384010000000000105e+02 -1.364557539682136955e+01
1.522410000000000139e+02 -1.373589009326891208e+01
1.674650000000000034e+02 -1.383026689920625252e+01
1.842110000000000127e+02 -1.392896630734357544e+01
2.026330000000000098e+02 -1.403206027148767276e+01
2.228959999999999866e+02 -1.413963395631370723e+01
2.451850000000000023e+02 -1.425168072851927015e+01
2.697040000000000077e+02 -1.436812704823321241e+01
2.966739999999999782e+02 -1.448890197507123112e+01
3.263419999999999845e+02 -1.461391937018234088e+01
3.589759999999999991e+02 -1.474301947908448440e+01
3.948729999999999905e+02 -1.487620066851860656e+01
