# # theta [arcmin], log_e(xip)
5.000000000000000000e-01 -9.259390920042559259e+00
5.500000000000000444e-01 -9.306333564980928230e+00
6.049999999999999822e-01 -9.355318052697297659e+00
6.660000000000000364e-01 -9.406794038284438386e+00
7.319999999999999840e-01 -9.459516345524992431e+00
8.050000000000000488e-01 -9.514653578230527486e+00
8.860000000000000098e-01 -9.572392892050999080e+00
9.739999999999999769e-01 -9.631507361941995526e+00
1.072000000000000064e+00 -9.693445289531572584e+00
1.179000000000000048e+00 -9.756955017223992499e+00
1.296999999999999931e+00 -9.822611407652505733e+00
1.427000000000000046e+00 -9.890258049593937173e+00
1.568999999999999950e+00 -9.959213392999496151e+00
1.725999999999999979e+00 -1.003019882656020911e+01
1.899000000000000021e+00 -1.010283303758871831e+01
2.088999999999999968e+00 -1.017673589426230762e+01
2.297000000000000153e+00 -1.025150125639689236e+01
2.527000000000000135e+00 -1.032767656397243705e+01
2.779999999999999805e+00 -1.040464737437231157e+01
3.057999999999999829e+00 -1.048212888377571872e+01
3.363999999999999879e+00 -1.056005596835557192e+01
3.700000000000000178e+00 -1.063806816450577131e+01
4.070000000000000284e+00 -1.071618342660927503e+01
4.477000000000000313e+00 -1.079411930963000366e+01
4.924999999999999822e+00 -1.087177129722789637e+01
5.416999999999999815e+00 -1.094884992225558484e+01
5.958999999999999631e+00 -1.102552283010796330e+01
6.554999999999999716e+00 -1.110163137841362158e+01
7.209999999999999964e+00 -1.117709986594547722e+01
7.932000000000000384e+00 -1.125219407137259964e+01
8.724999999999999645e+00 -1.132672062455816864e+01
9.596999999999999531e+00 -1.140090567160295620e+01
1.055700000000000038e+01 -1.147503544448815838e+01
1.161299999999999955e+01 -1.154928223512615126e+01
1.277399999999999913e+01 -1.162380473654181756e+01
1.405100000000000016e+01 -1.169890426131937211e+01
1.545599999999999952e+01 -1.177489586701170943e+01
1.700199999999999889e+01 -1.185208414685635070e+01
1.870200000000000173e+01 -1.193076466737449337e+01
2.057199999999999918e+01 -1.201129663509116696e+01
2.262999999999999901e+01 -1.209400815183389888e+01
2.489300000000000068e+01 -1.217914954671494776e+01
2.738200000000000145e+01 -1.226707523876880757e+01
3.012000000000000099e+01 -1.235811465017647315e+01
3.313199999999999790e+01 -1.245262889762144454e+01
3.644500000000000028e+01 -1.255091360241024923e+01
4.009000000000000341e+01 -1.265327766931934761e+01
4.409899999999999665e+01 -1.275998985127157148e+01
4.850900000000000034e+01 -1.287134282563422794e+01
5.335900000000000176e+01 -1.298758557437208339e+01
5.869500000000000028e+01 -1.310910219683420230e+01
6.456499999999999773e+01 -1.323613752191355175e+01
7.102100000000000080e+01 -1.336887663548481342e+01
7.812399999999999523e+01 -1.350767518441544013e+01
8.593600000000000705e+01 -1.365276945314926316e+01
9.453000000000000114e+01 -1.380443017279376505e+01
1.039830000000000041e+02 -1.396297015642070427e+01
1.143810000000000002e+02 -1.412856404667484966e+01
1.258190000000000026e+02 -1.430138506596935066e+01
1.384010000000000105e+02 -1.448151349948104993e+01
1.522410000000000139e+02 -1.466910422877321096e+01
1.674650000000000034e+02 -1.486442823445653083e+01
1.842110000000000127e+02 -1.506815448354553055e+01
2.026330000000000098e+02 -1.528110660138483290e+01
2.228959999999999866e+02 -1.550470730170195388e+01
2.451850000000000023e+02 -1.574085513554522997e+01
2.697040000000000077e+02 -1.599183046841424982e+01
2.966739999999999782e+02 -1.626059686671942117e+01
3.263419999999999845e+02 -1.655117042211460543e+01
3.589759999999999991e+02 -1.686776217901638120e+01
3.948729999999999905e+02 -1.721708220965671998e+01
