# # theta [arcmin], log_e(xim)
5.000000000000000000e-01 -1.133252575373897209e+01
5.500000000000000444e-01 -1.130995849886574334e+01
6.049999999999999822e-01 -1.128902539988473563e+01
6.660000000000000364e-01 -1.126974088340753255e+01
7.319999999999999840e-01 -1.125265261675909301e+01
8.050000000000000488e-01 -1.123743161809108670e+01
8.860000000000000098e-01 -1.122423240373986708e+01
9.739999999999999769e-01 -1.121349072645157818e+01
1.072000000000000064e+00 -1.120510258711681217e+01
1.179000000000000048e+00 -1.119944188278671149e+01
1.296999999999999931e+00 -1.119652839278006695e+01
1.427000000000000046e+00 -1.119648393879703718e+01
1.568999999999999950e+00 -1.119942141789751844e+01
1.725999999999999979e+00 -1.120552165084636265e+01
1.899000000000000021e+00 -1.121493495747540692e+01
2.088999999999999968e+00 -1.122777659837680275e+01
2.297000000000000153e+00 -1.124401039625787213e+01
2.527000000000000135e+00 -1.126385065387176532e+01
2.779999999999999805e+00 -1.128728662946867978e+01
3.057999999999999829e+00 -1.131435497339311702e+01
3.363999999999999879e+00 -1.134515340734211541e+01
3.700000000000000178e+00 -1.137963747696620764e+01
4.070000000000000284e+00 -1.141781439589622060e+01
4.477000000000000313e+00 -1.145957428947323464e+01
4.924999999999999822e+00 -1.150489777328300001e+01
5.416999999999999815e+00 -1.155360788589799803e+01
5.958999999999999631e+00 -1.160576612654631212e+01
6.554999999999999716e+00 -1.166115520818944518e+01
7.209999999999999964e+00 -1.171946426635982519e+01
7.932000000000000384e+00 -1.178066034541241258e+01
8.724999999999999645e+00 -1.184428039735566962e+01
9.596999999999999531e+00 -1.191013122558750403e+01
1.055700000000000038e+01 -1.197804074170359279e+01
1.161299999999999955e+01 -1.204762942044327190e+01
1.277399999999999913e+01 -1.211841970771804000e+01
1.405100000000000016e+01 -1.219009930137355013e+01
1.545599999999999952e+01 -1.226234420568230910e+01
1.700199999999999889e+01 -1.233478208249154129e+01
1.870200000000000173e+01 -1.240706143602363021e+01
2.057199999999999918e+01 -1.247884377404625589e+01
2.262999999999999901e+01 -1.254980231371472499e+01
2.489300000000000068e+01 -1.261963363704257013e+01
2.738200000000000145e+01 -1.268819938360246447e+01
3.012000000000000099e+01 -1.275539311262336817e+01
3.313199999999999790e+01 -1.282123930480052465e+01
3.644500000000000028e+01 -1.288572607759260791e+01
4.009000000000000341e+01 -1.294896232358501464e+01
4.409899999999999665e+01 -1.301114092650970022e+01
4.850900000000000034e+01 -1.307252614255715706e+01
5.335900000000000176e+01 -1.313342078584180506e+01
5.869500000000000028e+01 -1.319427998312551864e+01
6.456499999999999773e+01 -1.325545658033369456e+01
7.102100000000000080e+01 -1.331730098292231546e+01
7.812399999999999523e+01 -1.338032614269681631e+01
8.593600000000000705e+01 -1.344498478121820995e+01
9.453000000000000114e+01 -1.351170467559813382e+01
1.039830000000000041e+02 -1.358092709270754739e+01
1.143810000000000002e+02 -1.365294197969901902e+01
1.258190000000000026e+02 -1.372809326337034364e+01
1.384010000000000105e+02 -1.380668164774745499e+01
1.522410000000000139e+02 -1.388903234811009035e+01
1.674650000000000034e+02 -1.397546008532231632e+01
1.842110000000000127e+02 -1.406626467182205786e+01
2.026330000000000098e+02 -1.416154983310454796e+01
2.228959999999999866e+02 -1.426139930244783649e+01
2.451850000000000023e+02 -1.436580111136863103e+01
2.697040000000000077e+02 -1.447468248956425008e+01
2.966739999999999782e+02 -1.458796938015833256e+01
3.263419999999999845e+02 -1.470557984650556627e+01
3.589759999999999991e+02 -1.482736962796274582e+01
3.948729999999999905e+02 -1.495335579186047603e+01
