# # theta [arcmin], log_e(xip)
5.000000000000000000e-01 -9.404603627881586547e+00
5.500000000000000444e-01 -9.435873776716549699e+00
6.049999999999999822e-01 -9.468566560103646168e+00
6.660000000000000364e-01 -9.503022122012644957e+00
7.319999999999999840e-01 -9.538450905281639081e+00
8.050000000000000488e-01 -9.575688822255541410e+00
8.860000000000000098e-01 -9.614926366617851272e+00
9.739999999999999769e-01 -9.655398854667273767e+00
1.072000000000000064e+00 -9.698173038129450418e+00
1.179000000000000048e+00 -9.742473905407608825e+00
1.296999999999999931e+00 -9.788793906355067520e+00
1.427000000000000046e+00 -9.837133305826386120e+00
1.568999999999999950e+00 -9.887115705603259030e+00
1.725999999999999979e+00 -9.939383574604859106e+00
1.899000000000000021e+00 -9.993794608861261253e+00
2.088999999999999968e+00 -1.005019496897191722e+01
2.297000000000000153e+00 -1.010840471817052588e+01
2.527000000000000135e+00 -1.016899595462810701e+01
2.779999999999999805e+00 -1.023162946287257391e+01
3.057999999999999829e+00 -1.029620160202786572e+01
3.363999999999999879e+00 -1.036277536181204617e+01
3.700000000000000178e+00 -1.043113046416173439e+01
4.070000000000000284e+00 -1.050136455409177039e+01
4.477000000000000313e+00 -1.057327920913237485e+01
4.924999999999999822e+00 -1.064678594306827719e+01
5.416999999999999815e+00 -1.072156867565183092e+01
5.958999999999999631e+00 -1.079769590478414365e+01
6.554999999999999716e+00 -1.087485187300944212e+01
7.209999999999999964e+00 -1.095276468271405079e+01
7.932000000000000384e+00 -1.103144420643904056e+01
8.724999999999999645e+00 -1.111036323279910221e+01
9.596999999999999531e+00 -1.118938360943004007e+01
1.055700000000000038e+01 -1.126837743275773462e+01
1.161299999999999955e+01 -1.134705685193173430e+01
1.277399999999999913e+01 -1.142512431659880079e+01
1.405100000000000016e+01 -1.150239015673484566e+01
1.545599999999999952e+01 -1.157867741534870731e+01
1.700199999999999889e+01 -1.165381517803976230e+01
1.870200000000000173e+01 -1.172763889977771434e+01
2.057199999999999918e+01 -1.180007341342496474e+01
2.262999999999999901e+01 -1.187103400744903858e+01
2.489300000000000068e+01 -1.194040737384847262e+01
2.738200000000000145e+01 -1.200821178486815732e+01
3.012000000000000099e+01 -1.207448716997480176e+01
3.313199999999999790e+01 -1.213934714258162550e+01
3.644500000000000028e+01 -1.220288513105639439e+01
4.009000000000000341e+01 -1.226522495173536065e+01
4.409899999999999665e+01 -1.232651792180642580e+01
4.850900000000000034e+01 -1.238696977729931525e+01
5.335900000000000176e+01 -1.244677902436586336e+01
5.869500000000000028e+01 -1.250625870129855777e+01
6.456499999999999773e+01 -1.256564521209687335e+01
7.102100000000000080e+01 -1.262516751831359052e+01
7.812399999999999523e+01 -1.268515124806632421e+01
8.593600000000000705e+01 -1.274587438466601519e+01
9.453000000000000114e+01 -1.280761760317816389e+01
1.039830000000000041e+02 -1.287068173877561783e+01
1.143810000000000002e+02 -1.293530057808515643e+01
1.258190000000000026e+02 -1.300172841236732779e+01
1.384010000000000105e+02 -1.307017043781890209e+01
1.522410000000000139e+02 -1.314080335353145657e+01
1.674650000000000034e+02 -1.321373552146005359e+01
1.842110000000000127e+02 -1.328909705885663151e+01
2.026330000000000098e+02 -1.336709260720611425e+01
2.228959999999999866e+02 -1.344821471597361295e+01
2.451850000000000023e+02 -1.353339117864151930e+01
2.697040000000000077e+02 -1.362410868563444133e+01
2.966739999999999782e+02 -1.372235178167884051e+01
3.263419999999999845e+02 -1.383028090445172431e+01
3.589759999999999991e+02 -1.394970617113443012e+01
3.948729999999999905e+02 -1.408195665177392719e+01
