# # theta [arcmin], log_e(xim)
5.000000000000000000e-01 -1.120842536176160742e+01
5.500000000000000444e-01 -1.118541324972052742e+01
6.049999999999999822e-01 -1.116390020540249317e+01
6.660000000000000364e-01 -1.114388716327681728e+01
7.319999999999999840e-01 -1.112594005960893462e+01
8.050000000000000488e-01 -1.110971289191535760e+01
8.860000000000000098e-01 -1.109535459484495057e+01
9.739999999999999769e-01 -1.108332855190140265e+01
1.072000000000000064e+00 -1.107350411779287747e+01
1.179000000000000048e+00 -1.106628962315838827e+01
1.296999999999999931e+00 -1.106169890158862046e+01
1.427000000000000046e+00 -1.105986709917569399e+01
1.568999999999999950e+00 -1.106093752304932387e+01
1.725999999999999979e+00 -1.106508245339614760e+01
1.899000000000000021e+00 -1.107247874421783074e+01
2.088999999999999968e+00 -1.108326607980233369e+01
2.297000000000000153e+00 -1.109743742138394929e+01
2.527000000000000135e+00 -1.111520762291223718e+01
2.779999999999999805e+00 -1.113660221936839534e+01
3.057999999999999829e+00 -1.116168284944556532e+01
3.363999999999999879e+00 -1.119056736582598077e+01
3.700000000000000178e+00 -1.122323715635673480e+01
4.070000000000000284e+00 -1.125971838444163353e+01
4.477000000000000313e+00 -1.129992356681013099e+01
4.924999999999999822e+00 -1.134385295715582131e+01
5.416999999999999815e+00 -1.139134697450698397e+01
5.958999999999999631e+00 -1.144248284487681211e+01
6.554999999999999716e+00 -1.149705703708588977e+01
7.209999999999999964e+00 -1.155476964841428433e+01
7.932000000000000384e+00 -1.161559327588032353e+01
8.724999999999999645e+00 -1.167907237941856735e+01
9.596999999999999531e+00 -1.174501629910851896e+01
1.055700000000000038e+01 -1.181325288724528733e+01
1.161299999999999955e+01 -1.188339946518472168e+01
1.277399999999999913e+01 -1.195497297364110345e+01
1.405100000000000016e+01 -1.202765352668512833e+01
1.545599999999999952e+01 -1.210110794819808611e+01
1.700199999999999889e+01 -1.217495428333567098e+01
1.870200000000000173e+01 -1.224882942721124301e+01
2.057199999999999918e+01 -1.232238378995012518e+01
2.262999999999999901e+01 -1.239527961244902166e+01
2.489300000000000068e+01 -1.246720211267376577e+01
2.738200000000000145e+01 -1.253800368899517359e+01
3.012000000000000099e+01 -1.260756923862116530e+01
3.313199999999999790e+01 -1.267591756737059505e+01
3.644500000000000028e+01 -1.274303145234341272e+01
4.009000000000000341e+01 -1.280901648218485356e+01
4.409899999999999665e+01 -1.287406254098893754e+01
4.850900000000000034e+01 -1.293843061929260330e+01
5.335900000000000176e+01 -1.300241956679336930e+01
5.869500000000000028e+01 -1.306648269618380986e+01
6.456499999999999773e+01 -1.313096778941275744e+01
7.102100000000000080e+01 -1.319622091937984365e+01
7.812399999999999523e+01 -1.326275251642618969e+01
8.593600000000000705e+01 -1.333100817053322729e+01
9.453000000000000114e+01 -1.340141017472895335e+01
1.039830000000000041e+02 -1.347439198942332261e+01
1.143810000000000002e+02 -1.355023438337901531e+01
1.258190000000000026e+02 -1.362927583427132561e+01
1.384010000000000105e+02 -1.371180390919063186e+01
1.522410000000000139e+02 -1.379812850495452281e+01
1.674650000000000034e+02 -1.388854297027837070e+01
1.842110000000000127e+02 -1.398332584135660639e+01
2.026330000000000098e+02 -1.408255806169742996e+01
2.228959999999999866e+02 -1.418631238958277940e+01
2.451850000000000023e+02 -1.429456623364146317e+01
2.697040000000000077e+02 -1.440723825855571683e+01
2.966739999999999782e+02 -1.452425210100091313e+01
3.263419999999999845e+02 -1.464551947057799985e+01
3.589759999999999991e+02 -1.477089275134506430e+01
3.948729999999999905e+02 -1.490038652338472680e+01
