# # theta [arcmin], log_e(xip)
5.000000000000000000e-01 -8.933202696800089271e+00
5.500000000000000444e-01 -8.969928382103471876e+00
6.049999999999999822e-01 -9.008382868443147728e+00
6.660000000000000364e-01 -9.048966698033266809e+00
7.319999999999999840e-01 -9.090745645090533955e+00
8.050000000000000488e-01 -9.134702427969378036e+00
8.860000000000000098e-01 -9.181056364768888756e+00
9.739999999999999769e-01 -9.228895763394497465e+00
1.072000000000000064e+00 -9.279472253124529502e+00
1.179000000000000048e+00 -9.331856805597993798e+00
1.296999999999999931e+00 -9.386616558897156182e+00
1.427000000000000046e+00 -9.443732005967236276e+00
1.568999999999999950e+00 -9.502735265678069254e+00
1.725999999999999979e+00 -9.564358277541264997e+00
1.899000000000000021e+00 -9.628400870024051983e+00
2.088999999999999968e+00 -9.694646597456742398e+00
2.297000000000000153e+00 -9.762844085774307956e+00
2.527000000000000135e+00 -9.833614721660360658e+00
2.779999999999999805e+00 -9.906507909224627539e+00
3.057999999999999829e+00 -9.981345747994870621e+00
3.363999999999999879e+00 -1.005813892435537049e+01
3.700000000000000178e+00 -1.013657083975963324e+01
4.070000000000000284e+00 -1.021668273409350292e+01
4.477000000000000313e+00 -1.029817504832044861e+01
4.924999999999999822e+00 -1.038087711072606112e+01
5.416999999999999815e+00 -1.046436758929742439e+01
5.958999999999999631e+00 -1.054866662100459784e+01
6.554999999999999716e+00 -1.063338087851914082e+01
7.209999999999999964e+00 -1.071817476744196540e+01
7.932000000000000384e+00 -1.080304359371671907e+01
8.724999999999999645e+00 -1.088742830792129368e+01
9.596999999999999531e+00 -1.097121822494667853e+01
1.055700000000000038e+01 -1.105435064649065069e+01
1.161299999999999955e+01 -1.113663104776189350e+01
1.277399999999999913e+01 -1.121787212717167925e+01
1.405100000000000016e+01 -1.129804798367310426e+01
1.545599999999999952e+01 -1.137717765541341386e+01
1.700199999999999889e+01 -1.145531148824814238e+01
1.870200000000000173e+01 -1.153253722448282304e+01
2.057199999999999918e+01 -1.160904558268572728e+01
2.262999999999999901e+01 -1.168502068939897676e+01
2.489300000000000068e+01 -1.176062378212610859e+01
2.738200000000000145e+01 -1.183614988273951774e+01
3.012000000000000099e+01 -1.191189715104940383e+01
3.313199999999999790e+01 -1.198823016007062314e+01
3.644500000000000028e+01 -1.206546132484848499e+01
4.009000000000000341e+01 -1.214391470572916454e+01
4.409899999999999665e+01 -1.222391161805895266e+01
4.850900000000000034e+01 -1.230580016744012184e+01
5.335900000000000176e+01 -1.238988515323926798e+01
5.869500000000000028e+01 -1.247658981478932816e+01
6.456499999999999773e+01 -1.256621760300818913e+01
7.102100000000000080e+01 -1.265902503692579373e+01
7.812399999999999523e+01 -1.275539138054925203e+01
8.593600000000000705e+01 -1.285560110605506345e+01
9.453000000000000114e+01 -1.295993207674584902e+01
1.039830000000000041e+02 -1.306867191093157210e+01
1.143810000000000002e+02 -1.318198653210639826e+01
1.258190000000000026e+02 -1.330001386066840219e+01
1.384010000000000105e+02 -1.342275926227618577e+01
1.522410000000000139e+02 -1.355021520871043883e+01
1.674650000000000034e+02 -1.368239237569939526e+01
1.842110000000000127e+02 -1.381949408166991589e+01
2.026330000000000098e+02 -1.396195641299975421e+01
2.228959999999999866e+02 -1.411073298759004047e+01
2.451850000000000023e+02 -1.426727324930439522e+01
2.697040000000000077e+02 -1.443331318839114807e+01
2.966739999999999782e+02 -1.461057994970904517e+01
3.263419999999999845e+02 -1.480070264765574173e+01
3.589759999999999991e+02 -1.500500238623507876e+01
3.948729999999999905e+02 -1.522460487388179651e+01
