# # theta [arcmin], log_e(xim)
5.000000000000000000e-01 -1.245267189348079739e+01
5.500000000000000444e-01 -1.243020943994704375e+01
6.049999999999999822e-01 -1.240859674637635557e+01
6.660000000000000364e-01 -1.238777607340517761e+01
7.319999999999999840e-01 -1.236829561882730566e+01
8.050000000000000488e-01 -1.234974211234482766e+01
8.860000000000000098e-01 -1.233220156135937451e+01
9.739999999999999769e-01 -1.231616835454151371e+01
1.072000000000000064e+00 -1.230137656535409185e+01
1.179000000000000048e+00 -1.228829470960998016e+01
1.296999999999999931e+00 -1.227685912456990280e+01
1.427000000000000046e+00 -1.226719046394805979e+01
1.568999999999999950e+00 -1.225949304270293361e+01
1.725999999999999979e+00 -1.225383093226828812e+01
1.899000000000000021e+00 -1.225041185988933989e+01
2.088999999999999968e+00 -1.224942262437857821e+01
2.297000000000000153e+00 -1.225092797133988043e+01
2.527000000000000135e+00 -1.225505261771200693e+01
2.779999999999999805e+00 -1.226193594545114784e+01
3.057999999999999829e+00 -1.227171428154196242e+01
3.363999999999999879e+00 -1.228454826506131781e+01
3.700000000000000178e+00 -1.230053718299079435e+01
4.070000000000000284e+00 -1.231975704209492584e+01
4.477000000000000313e+00 -1.234224729992368630e+01
4.924999999999999822e+00 -1.236811121982874795e+01
5.416999999999999815e+00 -1.239736342582055606e+01
5.958999999999999631e+00 -1.243016514695515085e+01
6.554999999999999716e+00 -1.246650122464593657e+01
7.209999999999999964e+00 -1.250626194156775917e+01
7.932000000000000384e+00 -1.254954061533020671e+01
8.724999999999999645e+00 -1.259614601650149268e+01
9.596999999999999531e+00 -1.264607951020144228e+01
1.055700000000000038e+01 -1.269936913947061363e+01
1.161299999999999955e+01 -1.275587370586553959e+01
1.277399999999999913e+01 -1.281535305486132614e+01
1.405100000000000016e+01 -1.287770259114274829e+01
1.545599999999999952e+01 -1.294280730771389898e+01
1.700199999999999889e+01 -1.301049960384250070e+01
1.870200000000000173e+01 -1.308059734862466961e+01
2.057199999999999918e+01 -1.315288598896088956e+01
2.262999999999999901e+01 -1.322709964350201695e+01
2.489300000000000068e+01 -1.330293786121942290e+01
2.738200000000000145e+01 -1.338018248675642852e+01
3.012000000000000099e+01 -1.345856295120142754e+01
3.313199999999999790e+01 -1.353785382167848894e+01
3.644500000000000028e+01 -1.361768317361005920e+01
4.009000000000000341e+01 -1.369770085599677323e+01
4.409899999999999665e+01 -1.377756854661718044e+01
4.850900000000000034e+01 -1.385694461475643280e+01
5.335900000000000176e+01 -1.393543878038937933e+01
5.869500000000000028e+01 -1.401279900191536143e+01
6.456499999999999773e+01 -1.408860567261090857e+01
7.102100000000000080e+01 -1.416245358245291364e+01
7.812399999999999523e+01 -1.423412747318620930e+01
8.593600000000000705e+01 -1.430337351992680262e+01
9.453000000000000114e+01 -1.436995078723911945e+01
1.039830000000000041e+02 -1.443372189486498414e+01
1.143810000000000002e+02 -1.449449254034087531e+01
1.258190000000000026e+02 -1.455225315876991843e+01
1.384010000000000105e+02 -1.460701527681250589e+01
1.522410000000000139e+02 -1.465890521244689104e+01
1.674650000000000034e+02 -1.470814824179833558e+01
1.842110000000000127e+02 -1.475520042682916255e+01
2.026330000000000098e+02 -1.480073371672362015e+01
2.228959999999999866e+02 -1.484579787814299046e+01
2.451850000000000023e+02 -1.489161183150839918e+01
2.697040000000000077e+02 -1.493928774323129183e+01
2.966739999999999782e+02 -1.498934641005748070e+01
3.263419999999999845e+02 -1.504124715140769553e+01
3.589759999999999991e+02 -1.509349810802041958e+01
3.948729999999999905e+02 -1.514451649147414969e+01
