# # theta [arcmin], log_e(xip)
5.000000000000000000e-01 -9.238042147559568207e+00
5.500000000000000444e-01 -9.282453105174413466e+00
6.049999999999999822e-01 -9.328853111301542711e+00
6.660000000000000364e-01 -9.377681379615991020e+00
7.319999999999999840e-01 -9.427769904434400772e+00
8.050000000000000488e-01 -9.480243169919690516e+00
8.860000000000000098e-01 -9.535297680582784707e+00
9.739999999999999769e-01 -9.591781774088946833e+00
1.072000000000000064e+00 -9.651097636133293634e+00
1.179000000000000048e+00 -9.712067843071229944e+00
1.296999999999999931e+00 -9.775264097118864015e+00
1.427000000000000046e+00 -9.840558576020825399e+00
1.568999999999999950e+00 -9.907314064303118784e+00
1.725999999999999979e+00 -9.976248801159973922e+00
1.899000000000000021e+00 -1.004701433302887104e+01
2.088999999999999968e+00 -1.011925686054049578e+01
2.297000000000000153e+00 -1.019259223641986978e+01
2.527000000000000135e+00 -1.026756928772637956e+01
2.779999999999999805e+00 -1.034359224321847925e+01
3.057999999999999829e+00 -1.042037953953209950e+01
3.363999999999999879e+00 -1.049786074104005706e+01
3.700000000000000178e+00 -1.057566063537664647e+01
4.070000000000000284e+00 -1.065377752352865670e+01
4.477000000000000313e+00 -1.073190019978691367e+01
4.924999999999999822e+00 -1.080988587602666762e+01
5.416999999999999815e+00 -1.088739727867033658e+01
5.958999999999999631e+00 -1.096455033142602709e+01
6.554999999999999716e+00 -1.104112594929431346e+01
7.209999999999999964e+00 -1.111698759723063468e+01
7.932000000000000384e+00 -1.119234236620137501e+01
8.724999999999999645e+00 -1.126693216883553106e+01
9.596999999999999531e+00 -1.134092785048017582e+01
1.055700000000000038e+01 -1.141456177007369455e+01
1.161299999999999955e+01 -1.148795776826774073e+01
1.277399999999999913e+01 -1.156123773335004579e+01
1.405100000000000016e+01 -1.163466742684379618e+01
1.545599999999999952e+01 -1.170853483502099657e+01
1.700199999999999889e+01 -1.178312524708556275e+01
1.870200000000000173e+01 -1.185872250272912254e+01
2.057199999999999918e+01 -1.193567595828852745e+01
2.262999999999999901e+01 -1.201430682650823911e+01
2.489300000000000068e+01 -1.209486710535869314e+01
2.738200000000000145e+01 -1.217770989808290594e+01
3.012000000000000099e+01 -1.226316482626946502e+01
3.313199999999999790e+01 -1.235159380037783805e+01
3.644500000000000028e+01 -1.244329433036496546e+01
4.009000000000000341e+01 -1.253857553046151097e+01
4.409899999999999665e+01 -1.263771008046603583e+01
4.850900000000000034e+01 -1.274099323551271290e+01
5.335900000000000176e+01 -1.284867615259811835e+01
5.869500000000000028e+01 -1.296113310286580678e+01
6.456499999999999773e+01 -1.307860968451440620e+01
7.102100000000000080e+01 -1.320129403696596704e+01
7.812399999999999523e+01 -1.332952593279731346e+01
8.593600000000000705e+01 -1.346353061832976294e+01
9.453000000000000114e+01 -1.360355981305640505e+01
1.039830000000000041e+02 -1.374988106964786816e+01
1.143810000000000002e+02 -1.390262968621340711e+01
1.258190000000000026e+02 -1.406191544351157496e+01
1.384010000000000105e+02 -1.422774698982748376e+01
1.522410000000000139e+02 -1.440018708436508454e+01
1.674650000000000034e+02 -1.457941974543737729e+01
1.842110000000000127e+02 -1.476601185477103151e+01
2.026330000000000098e+02 -1.496076392673814048e+01
2.228959999999999866e+02 -1.516501099435518718e+01
2.451850000000000023e+02 -1.538048957741817979e+01
2.697040000000000077e+02 -1.560912915429865855e+01
2.966739999999999782e+02 -1.585321148718254314e+01
3.263419999999999845e+02 -1.611562670132435215e+01
3.589759999999999991e+02 -1.639903543712411960e+01
3.948729999999999905e+02 -1.670718971012799514e+01
