# # theta [arcmin], log_e(xip)
5.000000000000000000e-01 -9.536260419293405732e+00
5.500000000000000444e-01 -9.571527623938706597e+00
6.049999999999999822e-01 -9.608416644883636337e+00
6.660000000000000364e-01 -9.647287168887849873e+00
7.319999999999999840e-01 -9.687220228377352527e+00
8.050000000000000488e-01 -9.729125253431062603e+00
8.860000000000000098e-01 -9.773174809210352976e+00
9.739999999999999769e-01 -9.818464100159955521e+00
1.072000000000000064e+00 -9.866134929330696579e+00
1.179000000000000048e+00 -9.915261190604107711e+00
1.296999999999999931e+00 -9.966323630319772420e+00
1.427000000000000046e+00 -1.001924481645432508e+01
1.568999999999999950e+00 -1.007353214066434788e+01
1.725999999999999979e+00 -1.012979510402398020e+01
1.899000000000000021e+00 -1.018777778379040377e+01
2.088999999999999968e+00 -1.024721383625273674e+01
2.297000000000000153e+00 -1.030781131223026570e+01
2.527000000000000135e+00 -1.037004975030608378e+01
2.779999999999999805e+00 -1.043345861959102194e+01
3.057999999999999829e+00 -1.049781870596250322e+01
3.363999999999999879e+00 -1.056308004156941927e+01
3.700000000000000178e+00 -1.062892241534608040e+01
4.070000000000000284e+00 -1.069533878557647810e+01
4.477000000000000313e+00 -1.076204772871914805e+01
4.924999999999999822e+00 -1.082889168558681803e+01
5.416999999999999815e+00 -1.089553145531545120e+01
5.958999999999999631e+00 -1.096199817005458144e+01
6.554999999999999716e+00 -1.102801105598875253e+01
7.209999999999999964e+00 -1.109335957515095394e+01
7.932000000000000384e+00 -1.115810473903167832e+01
8.724999999999999645e+00 -1.122189899126805734e+01
9.596999999999999531e+00 -1.128475297996682158e+01
1.055700000000000038e+01 -1.134671974006245776e+01
1.161299999999999955e+01 -1.140775586753612636e+01
1.277399999999999913e+01 -1.146783451541857701e+01
1.405100000000000016e+01 -1.152704376073410941e+01
1.545599999999999952e+01 -1.158549938361671749e+01
1.700199999999999889e+01 -1.164333180281181335e+01
1.870200000000000173e+01 -1.170068184369019448e+01
2.057199999999999918e+01 -1.175775752072959079e+01
2.262999999999999901e+01 -1.181475839012745155e+01
2.489300000000000068e+01 -1.187184907812872758e+01
2.738200000000000145e+01 -1.192928050371721760e+01
3.012000000000000099e+01 -1.198730103724663465e+01
3.313199999999999790e+01 -1.204618928609798090e+01
3.644500000000000028e+01 -1.210619056915398417e+01
4.009000000000000341e+01 -1.216756102988095911e+01
4.409899999999999665e+01 -1.223054322277221750e+01
4.850900000000000034e+01 -1.229540234411547317e+01
5.335900000000000176e+01 -1.236237330156749969e+01
5.869500000000000028e+01 -1.243176018002729855e+01
6.456499999999999773e+01 -1.250378323589165142e+01
7.102100000000000080e+01 -1.257862148719677542e+01
7.812399999999999523e+01 -1.265651493148833495e+01
8.593600000000000705e+01 -1.273761403337486620e+01
9.453000000000000114e+01 -1.282204954758639559e+01
1.039830000000000041e+02 -1.290988651346536287e+01
1.143810000000000002e+02 -1.300109398172537745e+01
1.258190000000000026e+02 -1.309566448605486499e+01
1.384010000000000105e+02 -1.319368377691290029e+01
1.522410000000000139e+02 -1.329550737710538399e+01
1.674650000000000034e+02 -1.340189872472034160e+01
1.842110000000000127e+02 -1.351412012589347889e+01
2.026330000000000098e+02 -1.363374665663122620e+01
2.228959999999999866e+02 -1.376245806187982090e+01
2.451850000000000023e+02 -1.390175408437208482e+01
2.697040000000000077e+02 -1.405280704120155910e+01
2.966739999999999782e+02 -1.421652438772777671e+01
3.263419999999999845e+02 -1.439362550507966709e+01
3.589759999999999991e+02 -1.458461113550428223e+01
3.948729999999999905e+02 -1.479003201369143383e+01
