# # theta [arcmin], log_e(xip)
5.000000000000000000e-01 -9.460846641191329454e+00
5.500000000000000444e-01 -9.509864552897884238e+00
6.049999999999999822e-01 -9.560984537670073280e+00
6.660000000000000364e-01 -9.614670424503726665e+00
7.319999999999999840e-01 -9.669619316792536168e+00
8.050000000000000488e-01 -9.727043735862446638e+00
8.860000000000000098e-01 -9.787131846140797009e+00
9.739999999999999769e-01 -9.848600015185528633e+00
1.072000000000000064e+00 -9.912946750015038333e+00
1.179000000000000048e+00 -9.978863897966023799e+00
1.296999999999999931e+00 -1.004693907304136147e+01
1.427000000000000046e+00 -1.011700013091717487e+01
1.568999999999999950e+00 -1.018833178879008727e+01
1.725999999999999979e+00 -1.026166991777796333e+01
1.899000000000000021e+00 -1.033660950974595139e+01
2.088999999999999968e+00 -1.041274939963843771e+01
2.297000000000000153e+00 -1.048966155847199744e+01
2.527000000000000135e+00 -1.056790034826309466e+01
2.779999999999999805e+00 -1.064682631879809449e+01
3.057999999999999829e+00 -1.072614177714206107e+01
3.363999999999999879e+00 -1.080577873696850588e+01
3.700000000000000178e+00 -1.088537069402661217e+01
4.070000000000000284e+00 -1.096493816949953448e+01
4.477000000000000313e+00 -1.104420140402294770e+01
4.924999999999999822e+00 -1.112306548599256217e+01
5.416999999999999815e+00 -1.120125248948328434e+01
5.958999999999999631e+00 -1.127895434392703500e+01
6.554999999999999716e+00 -1.135603283344497072e+01
7.209999999999999964e+00 -1.143243639539252854e+01
7.932000000000000384e+00 -1.150846243910292444e+01
8.724999999999999645e+00 -1.158394209716587397e+01
9.596999999999999531e+00 -1.165913309120445618e+01
1.055700000000000038e+01 -1.173435224078716743e+01
1.161299999999999955e+01 -1.180979979035553207e+01
1.277399999999999913e+01 -1.188565778413986784e+01
1.405100000000000016e+01 -1.196225171237422380e+01
1.545599999999999952e+01 -1.203991841176526023e+01
1.700199999999999889e+01 -1.211897940522477057e+01
1.870200000000000173e+01 -1.219974431174067675e+01
2.057199999999999918e+01 -1.228258464350127710e+01
2.262999999999999901e+01 -1.236783891716948069e+01
2.489300000000000068e+01 -1.245576245136794036e+01
2.738200000000000145e+01 -1.254671564771473413e+01
3.012000000000000099e+01 -1.264103258092632309e+01
3.313199999999999790e+01 -1.273907775909334283e+01
3.644500000000000028e+01 -1.284114716363616004e+01
4.009000000000000341e+01 -1.294754993610069604e+01
4.409899999999999665e+01 -1.305855043193312781e+01
4.850900000000000034e+01 -1.317443539597149638e+01
5.335900000000000176e+01 -1.329544673804096533e+01
5.869500000000000028e+01 -1.342196487142990513e+01
6.456499999999999773e+01 -1.355422533699334053e+01
7.102100000000000080e+01 -1.369239332999718783e+01
7.812399999999999523e+01 -1.383681805901517592e+01
8.593600000000000705e+01 -1.398772136112991760e+01
9.453000000000000114e+01 -1.414535830504801517e+01
1.039830000000000041e+02 -1.431003592240075584e+01
1.143810000000000002e+02 -1.448192642500973548e+01
1.258190000000000026e+02 -1.466121795048296939e+01
1.384010000000000105e+02 -1.484802139126308163e+01
1.522410000000000139e+02 -1.504254150302441850e+01
1.674650000000000034e+02 -1.524508660282793393e+01
1.842110000000000127e+02 -1.545633852335646985e+01
2.026330000000000098e+02 -1.567706457708041334e+01
2.228959999999999866e+02 -1.590872815525884576e+01
2.451850000000000023e+02 -1.615349995188592658e+01
2.697040000000000077e+02 -1.641414368736894502e+01
2.966739999999999782e+02 -1.669428306799073525e+01
3.263419999999999845e+02 -1.699921737638371866e+01
3.589759999999999991e+02 -1.733488996736956977e+01
3.948729999999999905e+02 -1.771066169717223104e+01
