# # theta [arcmin], log_e(xim)
5.000000000000000000e-01 -1.159343446467433125e+01
5.500000000000000444e-01 -1.156681275242956275e+01
6.049999999999999822e-01 -1.154097757184751316e+01
6.660000000000000364e-01 -1.151583549500345605e+01
7.319999999999999840e-01 -1.149203813206229974e+01
8.050000000000000488e-01 -1.146907701479050345e+01
8.860000000000000098e-01 -1.144702537119352570e+01
9.739999999999999769e-01 -1.142646890853172614e+01
1.072000000000000064e+00 -1.140703329066790950e+01
1.179000000000000048e+00 -1.138927964904546997e+01
1.296999999999999931e+00 -1.137310091585925953e+01
1.427000000000000046e+00 -1.135863136685643582e+01
1.568999999999999950e+00 -1.134612118073536102e+01
1.725999999999999979e+00 -1.133558713719661171e+01
1.899000000000000021e+00 -1.132726698191270920e+01
2.088999999999999968e+00 -1.132137661092614245e+01
2.297000000000000153e+00 -1.131801432394442308e+01
2.527000000000000135e+00 -1.131727644796541199e+01
2.779999999999999805e+00 -1.131935244396633600e+01
3.057999999999999829e+00 -1.132440896982576106e+01
3.363999999999999879e+00 -1.133262678614833519e+01
3.700000000000000178e+00 -1.134414517874294148e+01
4.070000000000000284e+00 -1.135905996866106626e+01
4.477000000000000313e+00 -1.137744834150826279e+01
4.924999999999999822e+00 -1.139944500546722495e+01
5.416999999999999815e+00 -1.142510599790668202e+01
5.958999999999999631e+00 -1.145461504827378363e+01
6.554999999999999716e+00 -1.148799288117525030e+01
7.209999999999999964e+00 -1.152516314080352089e+01
7.932000000000000384e+00 -1.156623162592039300e+01
8.724999999999999645e+00 -1.161103709517493598e+01
9.596999999999999531e+00 -1.165959049895160504e+01
1.055700000000000038e+01 -1.171192448069009551e+01
1.161299999999999955e+01 -1.176789371748716384e+01
1.277399999999999913e+01 -1.182724382105104333e+01
1.405100000000000016e+01 -1.188983999737305375e+01
1.545599999999999952e+01 -1.195552717949163224e+01
1.700199999999999889e+01 -1.202408397747085900e+01
1.870200000000000173e+01 -1.209525944282692400e+01
2.057199999999999918e+01 -1.216875624442866766e+01
2.262999999999999901e+01 -1.224421136824627965e+01
2.489300000000000068e+01 -1.232121731473826998e+01
2.738200000000000145e+01 -1.239944552384515042e+01
3.012000000000000099e+01 -1.247850938751043159e+01
3.313199999999999790e+01 -1.255807395649705072e+01
3.644500000000000028e+01 -1.263766943118616837e+01
4.009000000000000341e+01 -1.271687193630954660e+01
4.409899999999999665e+01 -1.279529738396454341e+01
4.850900000000000034e+01 -1.287260048546701618e+01
5.335900000000000176e+01 -1.294843275961392237e+01
5.869500000000000028e+01 -1.302263931675637210e+01
6.456499999999999773e+01 -1.309496078160115040e+01
7.102100000000000080e+01 -1.316521242500921574e+01
7.812399999999999523e+01 -1.323345416866521695e+01
8.593600000000000705e+01 -1.329976306648551265e+01
9.453000000000000114e+01 -1.336427507877085574e+01
1.039830000000000041e+02 -1.342724518761029806e+01
1.143810000000000002e+02 -1.348886573832187707e+01
1.258190000000000026e+02 -1.354948607719180842e+01
1.384010000000000105e+02 -1.360950014420663834e+01
1.522410000000000139e+02 -1.366948133953477296e+01
1.674650000000000034e+02 -1.373011665504750489e+01
1.842110000000000127e+02 -1.379217887101324358e+01
2.026330000000000098e+02 -1.385632203170654009e+01
2.228959999999999866e+02 -1.392308441013410913e+01
2.451850000000000023e+02 -1.399264889090169106e+01
2.697040000000000077e+02 -1.406481227026046632e+01
2.966739999999999782e+02 -1.413921311510067191e+01
3.263419999999999845e+02 -1.421546855806691312e+01
3.589759999999999991e+02 -1.429327252543533966e+01
3.948729999999999905e+02 -1.437282210270829275e+01
