# # theta [arcmin], log_e(xim)
5.000000000000000000e-01 -1.193796735387981300e+01
5.500000000000000444e-01 -1.191441966756963922e+01
6.049999999999999822e-01 -1.189163628232967262e+01
6.660000000000000364e-01 -1.186954269628865255e+01
7.319999999999999840e-01 -1.184871195676817734e+01
8.050000000000000488e-01 -1.182869581208608345e+01
8.860000000000000098e-01 -1.180956876959459301e+01
9.739999999999999769e-01 -1.179185158291872604e+01
1.072000000000000064e+00 -1.177523236108331517e+01
1.179000000000000048e+00 -1.176020867240841916e+01
1.296999999999999931e+00 -1.174669489651971510e+01
1.427000000000000046e+00 -1.173481118268889922e+01
1.568999999999999950e+00 -1.172477960714939194e+01
1.725999999999999979e+00 -1.171663692331389761e+01
1.899000000000000021e+00 -1.171060036342780819e+01
2.088999999999999968e+00 -1.170686901626879184e+01
2.297000000000000153e+00 -1.170552380749794708e+01
2.527000000000000135e+00 -1.170667017829280354e+01
2.779999999999999805e+00 -1.171047412794045606e+01
3.057999999999999829e+00 -1.171708964443671697e+01
3.363999999999999879e+00 -1.172668864981030978e+01
3.700000000000000178e+00 -1.173939654637714725e+01
4.070000000000000284e+00 -1.175530267797225115e+01
4.477000000000000313e+00 -1.177447479158978894e+01
4.924999999999999822e+00 -1.179703990898321564e+01
5.416999999999999815e+00 -1.182304743927160295e+01
5.958999999999999631e+00 -1.185267881857332206e+01
6.554999999999999716e+00 -1.188595397392185937e+01
7.209999999999999964e+00 -1.192279731853411917e+01
7.932000000000000384e+00 -1.196332225079007827e+01
8.724999999999999645e+00 -1.200737868433868805e+01
9.596999999999999531e+00 -1.205499238891728631e+01
1.055700000000000038e+01 -1.210621608890396317e+01
1.161299999999999955e+01 -1.216093371042082794e+01
1.277399999999999913e+01 -1.221892812424182928e+01
1.405100000000000016e+01 -1.228010871257682268e+01
1.545599999999999952e+01 -1.234437402504674353e+01
1.700199999999999889e+01 -1.241156612974251239e+01
1.870200000000000173e+01 -1.248150788419721025e+01
2.057199999999999918e+01 -1.255398325158501649e+01
2.262999999999999901e+01 -1.262872012879543959e+01
2.489300000000000068e+01 -1.270540457558495007e+01
2.738200000000000145e+01 -1.278380403459099313e+01
3.012000000000000099e+01 -1.286362568099253600e+01
3.313199999999999790e+01 -1.294462103924654528e+01
3.644500000000000028e+01 -1.302638978134560332e+01
4.009000000000000341e+01 -1.310855416498728587e+01
4.409899999999999665e+01 -1.319074714871617537e+01
4.850900000000000034e+01 -1.327260620285059645e+01
5.335900000000000176e+01 -1.335372119864790541e+01
5.869500000000000028e+01 -1.343383348836367297e+01
6.456499999999999773e+01 -1.351252493448710190e+01
7.102100000000000080e+01 -1.358940739063744196e+01
7.812399999999999523e+01 -1.366430220253113959e+01
8.593600000000000705e+01 -1.373701088631258393e+01
9.453000000000000114e+01 -1.380736383282850532e+01
1.039830000000000041e+02 -1.387531735803809241e+01
1.143810000000000002e+02 -1.394077881310903955e+01
1.258190000000000026e+02 -1.400383706845756748e+01
1.384010000000000105e+02 -1.406459044184300211e+01
1.522410000000000139e+02 -1.412329248588015140e+01
1.674650000000000034e+02 -1.418035175516944690e+01
1.842110000000000127e+02 -1.423639615298631433e+01
2.026330000000000098e+02 -1.429215893472869858e+01
2.228959999999999866e+02 -1.434859644654503619e+01
2.451850000000000023e+02 -1.440662999037145475e+01
2.697040000000000077e+02 -1.446684212580606221e+01
2.966739999999999782e+02 -1.452920479083595851e+01
3.263419999999999845e+02 -1.459308271767166687e+01
3.589759999999999991e+02 -1.465757848499251814e+01
3.948729999999999905e+02 -1.472207945043397892e+01
