# # theta [arcmin], log_e(xim)
5.000000000000000000e-01 -1.125422791469036099e+01
5.500000000000000444e-01 -1.122991654470498979e+01
6.049999999999999822e-01 -1.120663044319679535e+01
6.660000000000000364e-01 -1.118432052308623703e+01
7.319999999999999840e-01 -1.116358565748847020e+01
8.050000000000000488e-01 -1.114400125060768154e+01
8.860000000000000098e-01 -1.112567456636200447e+01
9.739999999999999769e-01 -1.110913442399751538e+01
1.072000000000000064e+00 -1.109412302909031567e+01
1.179000000000000048e+00 -1.108113655505927930e+01
1.296999999999999931e+00 -1.107013053287754190e+01
1.427000000000000046e+00 -1.106124811585765144e+01
1.568999999999999950e+00 -1.105470346738585974e+01
1.725999999999999979e+00 -1.105059494890711136e+01
1.899000000000000021e+00 -1.104914679564700286e+01
2.088999999999999968e+00 -1.105055905014539341e+01
2.297000000000000153e+00 -1.105489953279643878e+01
2.527000000000000135e+00 -1.106233658825381738e+01
2.779999999999999805e+00 -1.107300482532822983e+01
3.057999999999999829e+00 -1.108704549871679035e+01
3.363999999999999879e+00 -1.110463102985190353e+01
3.700000000000000178e+00 -1.112585042229367538e+01
4.070000000000000284e+00 -1.115078687397122081e+01
4.477000000000000313e+00 -1.117946418530527630e+01
4.924999999999999822e+00 -1.121197382395942732e+01
5.416999999999999815e+00 -1.124829147059727674e+01
5.958999999999999631e+00 -1.128856984850384926e+01
6.554999999999999716e+00 -1.133274453100871959e+01
7.209999999999999964e+00 -1.138064973536064706e+01
7.932000000000000384e+00 -1.143234690089338201e+01
8.724999999999999645e+00 -1.148754625887084124e+01
9.596999999999999531e+00 -1.154617733118549694e+01
1.055700000000000038e+01 -1.160818901586169716e+01
1.161299999999999955e+01 -1.167332769508113266e+01
1.277399999999999913e+01 -1.174122742301710787e+01
1.405100000000000016e+01 -1.181165945212927326e+01
1.545599999999999952e+01 -1.188436921857935680e+01
1.700199999999999889e+01 -1.195903133402244478e+01
1.870200000000000173e+01 -1.203530069608390463e+01
2.057199999999999918e+01 -1.211280345622157739e+01
2.262999999999999901e+01 -1.219112295115811584e+01
2.489300000000000068e+01 -1.226981532343499737e+01
2.738200000000000145e+01 -1.234855022190378726e+01
3.012000000000000099e+01 -1.242697520973276681e+01
3.313199999999999790e+01 -1.250483211306680076e+01
3.644500000000000028e+01 -1.258177664176568022e+01
4.009000000000000341e+01 -1.265756514777398678e+01
4.409899999999999665e+01 -1.273203356554718546e+01
4.850900000000000034e+01 -1.280509398370019802e+01
5.335900000000000176e+01 -1.287670089129971096e+01
5.869500000000000028e+01 -1.294701650393056624e+01
6.456499999999999773e+01 -1.301612719525433803e+01
7.102100000000000080e+01 -1.308417685268575603e+01
7.812399999999999523e+01 -1.315153938791997490e+01
8.593600000000000705e+01 -1.321857201069714094e+01
9.453000000000000114e+01 -1.328564848269276943e+01
1.039830000000000041e+02 -1.335320964360394846e+01
1.143810000000000002e+02 -1.342158983053188592e+01
1.258190000000000026e+02 -1.349121284530946241e+01
1.384010000000000105e+02 -1.356246340948818840e+01
1.522410000000000139e+02 -1.363579572906861159e+01
1.674650000000000034e+02 -1.371168131410491853e+01
1.842110000000000127e+02 -1.379060918667771141e+01
2.026330000000000098e+02 -1.387293672529404809e+01
2.228959999999999866e+02 -1.395900824956945385e+01
2.451850000000000023e+02 -1.404901080518674839e+01
2.697040000000000077e+02 -1.414294852675431180e+01
2.966739999999999782e+02 -1.424076294948633681e+01
3.263419999999999845e+02 -1.434237020912794591e+01
3.589759999999999991e+02 -1.444757957251567859e+01
3.948729999999999905e+02 -1.455639840361052606e+01
