# # theta [arcmin], log_e(xim)
5.000000000000000000e-01 -1.187686156455145259e+01
5.500000000000000444e-01 -1.185091745583312317e+01
6.049999999999999822e-01 -1.182599016802005920e+01
6.660000000000000364e-01 -1.180201626254280178e+01
7.319999999999999840e-01 -1.177963409253234772e+01
8.050000000000000488e-01 -1.175837917230465024e+01
8.860000000000000098e-01 -1.173835136887071862e+01
9.739999999999999769e-01 -1.172011065597791912e+01
1.072000000000000064e+00 -1.170335318813446968e+01
1.179000000000000048e+00 -1.168860246580048212e+01
1.296999999999999931e+00 -1.167579080740321373e+01
1.427000000000000046e+00 -1.166505525483851358e+01
1.568999999999999950e+00 -1.165661790664743869e+01
1.725999999999999979e+00 -1.165054348219618596e+01
1.899000000000000021e+00 -1.164705326398111751e+01
2.088999999999999968e+00 -1.164634006441533920e+01
2.297000000000000153e+00 -1.164846790697110279e+01
2.527000000000000135e+00 -1.165356848538066714e+01
2.779999999999999805e+00 -1.166177611480262755e+01
3.057999999999999829e+00 -1.167322016402116347e+01
3.363999999999999879e+00 -1.168805593968364320e+01
3.700000000000000178e+00 -1.170636580699436458e+01
4.070000000000000284e+00 -1.172821580860027701e+01
4.477000000000000313e+00 -1.175362370209537488e+01
4.924999999999999822e+00 -1.178267279733231732e+01
5.416999999999999815e+00 -1.181534439343135823e+01
5.958999999999999631e+00 -1.185178210201611471e+01
6.554999999999999716e+00 -1.189193234936538524e+01
7.209999999999999964e+00 -1.193564543568508718e+01
7.932000000000000384e+00 -1.198298637585652493e+01
8.724999999999999645e+00 -1.203370546959758869e+01
9.596999999999999531e+00 -1.208775677407822258e+01
1.055700000000000038e+01 -1.214511828984663211e+01
1.161299999999999955e+01 -1.220558096642415791e+01
1.277399999999999913e+01 -1.226882950144291762e+01
1.405100000000000016e+01 -1.233468086260991292e+01
1.545599999999999952e+01 -1.240293070721503810e+01
1.700199999999999889e+01 -1.247330733126754687e+01
1.870200000000000173e+01 -1.254551717504068087e+01
2.057199999999999918e+01 -1.261922663749142437e+01
2.262999999999999901e+01 -1.269404735158516395e+01
2.489300000000000068e+01 -1.276955319203337424e+01
2.738200000000000145e+01 -1.284540724776492127e+01
3.012000000000000099e+01 -1.292122783545459441e+01
3.313199999999999790e+01 -1.299669771367621607e+01
3.644500000000000028e+01 -1.307138465749014067e+01
4.009000000000000341e+01 -1.314492140733814196e+01
4.409899999999999665e+01 -1.321699388823594745e+01
4.850900000000000034e+01 -1.328734179956432016e+01
5.335900000000000176e+01 -1.335572710222596093e+01
5.869500000000000028e+01 -1.342210318639624411e+01
6.456499999999999773e+01 -1.348634207176758437e+01
7.102100000000000080e+01 -1.354838916505769042e+01
7.812399999999999523e+01 -1.360842240757677324e+01
8.593600000000000705e+01 -1.366663720734674037e+01
9.453000000000000114e+01 -1.372327783595200579e+01
1.039830000000000041e+02 -1.377868598248812404e+01
1.143810000000000002e+02 -1.383313027753808555e+01
1.258190000000000026e+02 -1.388700580778992766e+01
1.384010000000000105e+02 -1.394075285738440328e+01
1.522410000000000139e+02 -1.399496993470621753e+01
1.674650000000000034e+02 -1.405036200499430876e+01
1.842110000000000127e+02 -1.410770787547662408e+01
2.026330000000000098e+02 -1.416765790979142459e+01
2.228959999999999866e+02 -1.423072816749513869e+01
2.451850000000000023e+02 -1.429706949334723021e+01
2.697040000000000077e+02 -1.436642198896955414e+01
2.966739999999999782e+02 -1.443834523147275029e+01
3.263419999999999845e+02 -1.451246176466594839e+01
3.589759999999999991e+02 -1.458849780006520369e+01
3.948729999999999905e+02 -1.466656285744589461e+01
