# # theta [arcmin], log_e(xim)
5.000000000000000000e-01 -1.147145152301389359e+01
5.500000000000000444e-01 -1.144501170885222052e+01
6.049999999999999822e-01 -1.141933585540741980e+01
6.660000000000000364e-01 -1.139432853839071491e+01
7.319999999999999840e-01 -1.137063541660189259e+01
8.050000000000000488e-01 -1.134774837152268567e+01
8.860000000000000098e-01 -1.132573743535361999e+01
9.739999999999999769e-01 -1.130518554274805254e+01
1.072000000000000064e+00 -1.128571579154635884e+01
1.179000000000000048e+00 -1.126788579297260817e+01
1.296999999999999931e+00 -1.125158711118457155e+01
1.427000000000000046e+00 -1.123694888526749480e+01
1.568999999999999950e+00 -1.122422266363946264e+01
1.725999999999999979e+00 -1.121341882903803899e+01
1.899000000000000021e+00 -1.120477407574438722e+01
2.088999999999999968e+00 -1.119850312171426765e+01
2.297000000000000153e+00 -1.119470376076785634e+01
2.527000000000000135e+00 -1.119346714770827589e+01
2.779999999999999805e+00 -1.119498313732343320e+01
3.057999999999999829e+00 -1.119941776349708995e+01
3.363999999999999879e+00 -1.120695146457766178e+01
3.700000000000000178e+00 -1.121772398426188921e+01
4.070000000000000284e+00 -1.123182928195725339e+01
4.477000000000000313e+00 -1.124934885876297486e+01
4.924999999999999822e+00 -1.127041545990106108e+01
5.416999999999999815e+00 -1.129509118291588088e+01
5.958999999999999631e+00 -1.132355878344963607e+01
6.554999999999999716e+00 -1.135584565067754781e+01
7.209999999999999964e+00 -1.139187931462376469e+01
7.932000000000000384e+00 -1.143176860895974833e+01
8.724999999999999645e+00 -1.147536381961683816e+01
9.596999999999999531e+00 -1.152268382325130958e+01
1.055700000000000038e+01 -1.157376852939351153e+01
1.161299999999999955e+01 -1.162848593485676751e+01
1.277399999999999913e+01 -1.168659682284509138e+01
1.405100000000000016e+01 -1.174798181777404871e+01
1.545599999999999952e+01 -1.181250388587309708e+01
1.700199999999999889e+01 -1.187996320338498357e+01
1.870200000000000173e+01 -1.195013297463860447e+01
2.057199999999999918e+01 -1.202274009995763926e+01
2.262999999999999901e+01 -1.209744876045929196e+01
2.489300000000000068e+01 -1.217387867761281761e+01
2.738200000000000145e+01 -1.225172713108241496e+01
3.012000000000000099e+01 -1.233063319674572256e+01
3.313199999999999790e+01 -1.241028429165395153e+01
3.644500000000000028e+01 -1.249022628356787123e+01
4.009000000000000341e+01 -1.257004472031498921e+01
4.409899999999999665e+01 -1.264935645007652809e+01
4.850900000000000034e+01 -1.272780890776379437e+01
5.335900000000000176e+01 -1.280503427844753794e+01
5.869500000000000028e+01 -1.288084841857896556e+01
6.456499999999999773e+01 -1.295494989579352207e+01
7.102100000000000080e+01 -1.302710365341833132e+01
7.812399999999999523e+01 -1.309731326774803861e+01
8.593600000000000705e+01 -1.316559452159660637e+01
9.453000000000000114e+01 -1.323201698409308946e+01
1.039830000000000041e+02 -1.329677748067800813e+01
1.143810000000000002e+02 -1.336001224905311524e+01
1.258190000000000026e+02 -1.342203368916817574e+01
1.384010000000000105e+02 -1.348320197734099679e+01
1.522410000000000139e+02 -1.354406915412231527e+01
1.674650000000000034e+02 -1.360531851653910529e+01
1.842110000000000127e+02 -1.366773472579809479e+01
2.026330000000000098e+02 -1.373198223978755017e+01
2.228959999999999866e+02 -1.379861509355052362e+01
2.451850000000000023e+02 -1.386783417242298988e+01
2.697040000000000077e+02 -1.393947879510266752e+01
2.966739999999999782e+02 -1.401324163390029298e+01
3.263419999999999845e+02 -1.408885799728471078e+01
3.589759999999999991e+02 -1.416611737883000366e+01
3.948729999999999905e+02 -1.424511340138568372e+01
