# # theta [arcmin], log_e(xip)
5.000000000000000000e-01 -9.999734390868123768e+00
5.500000000000000444e-01 -1.004308461850414780e+01
6.049999999999999822e-01 -1.008830141253914370e+01
6.660000000000000364e-01 -1.013581237300727800e+01
7.319999999999999840e-01 -1.018448296395093067e+01
8.050000000000000488e-01 -1.023540939790892423e+01
8.860000000000000098e-01 -1.028878539395478420e+01
9.739999999999999769e-01 -1.034349938591694773e+01
1.072000000000000064e+00 -1.040091631631215741e+01
1.179000000000000048e+00 -1.045990451218246342e+01
1.296999999999999931e+00 -1.052102571664465991e+01
1.427000000000000046e+00 -1.058416757211863057e+01
1.568999999999999950e+00 -1.064872539793054074e+01
1.725999999999999979e+00 -1.071540700788818690e+01
1.899000000000000021e+00 -1.078388859372669550e+01
2.088999999999999968e+00 -1.085384191818607569e+01
2.297000000000000153e+00 -1.092490827108640161e+01
2.527000000000000135e+00 -1.099763243494008691e+01
2.779999999999999805e+00 -1.107144927625242126e+01
3.057999999999999829e+00 -1.114609308291364620e+01
3.363999999999999879e+00 -1.122149916091037625e+01
3.700000000000000178e+00 -1.129730050757950899e+01
4.070000000000000284e+00 -1.137348531349464231e+01
4.477000000000000313e+00 -1.144973472668405634e+01
4.924999999999999822e+00 -1.152587889962903489e+01
5.416999999999999815e+00 -1.160154817582491127e+01
5.958999999999999631e+00 -1.167679942976085705e+01
6.554999999999999716e+00 -1.175134675385253225e+01
7.209999999999999964e+00 -1.182497413982614276e+01
7.932000000000000384e+00 -1.189778209409733023e+01
8.724999999999999645e+00 -1.196941079948923914e+01
9.596999999999999531e+00 -1.203990519996915864e+01
1.055700000000000038e+01 -1.210935926884904035e+01
1.161299999999999955e+01 -1.217776044521675871e+01
1.277399999999999913e+01 -1.224509667402715074e+01
1.405100000000000016e+01 -1.231149316298807150e+01
1.545599999999999952e+01 -1.237710156484693158e+01
1.700199999999999889e+01 -1.244208008298064527e+01
1.870200000000000173e+01 -1.250660033747448097e+01
2.057199999999999918e+01 -1.257090131233201546e+01
2.262999999999999901e+01 -1.263520492467366019e+01
2.489300000000000068e+01 -1.269969345784795856e+01
2.738200000000000145e+01 -1.276464487815889193e+01
3.012000000000000099e+01 -1.283032717295819225e+01
3.313199999999999790e+01 -1.289704379536320644e+01
3.644500000000000028e+01 -1.296505369249190309e+01
4.009000000000000341e+01 -1.303462726310024244e+01
4.409899999999999665e+01 -1.310601917455011289e+01
4.850900000000000034e+01 -1.317950479138877640e+01
5.335900000000000176e+01 -1.325533035791077019e+01
5.869500000000000028e+01 -1.333383469011068634e+01
6.456499999999999773e+01 -1.341526772891585217e+01
7.102100000000000080e+01 -1.349984762659808268e+01
7.812399999999999523e+01 -1.358789382625574760e+01
8.593600000000000705e+01 -1.367964838372279957e+01
9.453000000000000114e+01 -1.377537007562069604e+01
1.039830000000000041e+02 -1.387531512861459682e+01
1.143810000000000002e+02 -1.397967177645715431e+01
1.258190000000000026e+02 -1.408862183525175205e+01
1.384010000000000105e+02 -1.420226525267181827e+01
1.522410000000000139e+02 -1.432064391347308430e+01
1.674650000000000034e+02 -1.444371736064188738e+01
1.842110000000000127e+02 -1.457144611206394380e+01
2.026330000000000098e+02 -1.470381386719844841e+01
2.228959999999999866e+02 -1.484110066373452774e+01
2.451850000000000023e+02 -1.498414453288208215e+01
2.697040000000000077e+02 -1.513446183441406134e+01
2.966739999999999782e+02 -1.529402942448218994e+01
3.263419999999999845e+02 -1.546490209206349675e+01
3.589759999999999991e+02 -1.564875411584854170e+01
3.948729999999999905e+02 -1.584712239656980337e+01
