# # theta [arcmin], log_e(xip)
5.000000000000000000e-01 -8.959791014064766301e+00
5.500000000000000444e-01 -9.008495638693494456e+00
6.049999999999999822e-01 -9.059357275075452520e+00
6.660000000000000364e-01 -9.112846215150430140e+00
7.319999999999999840e-01 -9.167673679957063726e+00
8.050000000000000488e-01 -9.225056220894419567e+00
8.860000000000000098e-01 -9.285193667968570708e+00
9.739999999999999769e-01 -9.346810249149283933e+00
1.072000000000000064e+00 -9.411417316613023942e+00
1.179000000000000048e+00 -9.477710927030475574e+00
1.296999999999999931e+00 -9.546290844739834469e+00
1.427000000000000046e+00 -9.616992183938917194e+00
1.568999999999999950e+00 -9.689099983193747434e+00
1.725999999999999979e+00 -9.763364979543833755e+00
1.899000000000000021e+00 -9.839384376147332745e+00
2.088999999999999968e+00 -9.916755584879528129e+00
2.297000000000000153e+00 -9.995048170740769677e+00
2.527000000000000135e+00 -1.007483071305790467e+01
2.779999999999999805e+00 -1.015545685234144813e+01
3.057999999999999829e+00 -1.023662790604978667e+01
3.363999999999999879e+00 -1.031828022745524720e+01
3.700000000000000178e+00 -1.040004643200516732e+01
4.070000000000000284e+00 -1.048196052483977780e+01
4.477000000000000313e+00 -1.056374943096041008e+01
4.924999999999999822e+00 -1.064533476132787193e+01
5.416999999999999815e+00 -1.072645371098182920e+01
5.958999999999999631e+00 -1.080733107335852772e+01
6.554999999999999716e+00 -1.088785800152105487e+01
7.209999999999999964e+00 -1.096801208686534856e+01
7.932000000000000384e+00 -1.104814294200965996e+01
8.724999999999999645e+00 -1.112810806113522766e+01
9.596999999999999531e+00 -1.120821151196299148e+01
1.055700000000000038e+01 -1.128881997646598379e+01
1.161299999999999955e+01 -1.137017408238395788e+01
1.277399999999999913e+01 -1.145248627210938608e+01
1.405100000000000016e+01 -1.153612060433350450e+01
1.545599999999999952e+01 -1.162144663691058533e+01
1.700199999999999889e+01 -1.170881347130071859e+01
1.870200000000000173e+01 -1.179855191832205641e+01
2.057199999999999918e+01 -1.189105725509965339e+01
2.262999999999999901e+01 -1.198668429616940934e+01
2.489300000000000068e+01 -1.208569245207640286e+01
2.738200000000000145e+01 -1.218845672105236311e+01
3.012000000000000099e+01 -1.229532077673590607e+01
3.313199999999999790e+01 -1.240666734388017822e+01
3.644500000000000028e+01 -1.252280049184506439e+01
4.009000000000000341e+01 -1.264403976788219097e+01
4.409899999999999665e+01 -1.277065494619774100e+01
4.850900000000000034e+01 -1.290294515652481877e+01
5.335900000000000176e+01 -1.304115811499027267e+01
5.869500000000000028e+01 -1.318572126243373965e+01
6.456499999999999773e+01 -1.333688607033129081e+01
7.102100000000000080e+01 -1.349482658840464921e+01
7.812399999999999523e+01 -1.365995400969047502e+01
8.593600000000000705e+01 -1.383255295819456165e+01
9.453000000000000114e+01 -1.401294506221318592e+01
1.039830000000000041e+02 -1.420157870928470878e+01
1.143810000000000002e+02 -1.439872678325563271e+01
1.258190000000000026e+02 -1.460473745434544846e+01
1.384010000000000105e+02 -1.481991309025370640e+01
1.522410000000000139e+02 -1.504479228142511715e+01
1.674650000000000034e+02 -1.528017692316050535e+01
1.842110000000000127e+02 -1.552762703016168011e+01
2.026330000000000098e+02 -1.578886025147510885e+01
2.228959999999999866e+02 -1.606672120986325325e+01
2.451850000000000023e+02 -1.636517808961015774e+01
2.697040000000000077e+02 -1.668988060880064594e+01
2.966739999999999782e+02 -1.704967440132818624e+01
3.263419999999999845e+02 -1.745962928854507723e+01
3.589759999999999991e+02 -1.794544333485802312e+01
3.948729999999999905e+02 -1.856847693968018120e+01
