# # theta [arcmin], log_e(xip)
5.000000000000000000e-01 -9.300535794481142204e+00
5.500000000000000444e-01 -9.349210791875629312e+00
6.049999999999999822e-01 -9.400016144847384680e+00
6.660000000000000364e-01 -9.453420977121414381e+00
7.319999999999999840e-01 -9.508135677882373571e+00
8.050000000000000488e-01 -9.565374947768981784e+00
8.860000000000000098e-01 -9.625335951090997710e+00
9.739999999999999769e-01 -9.686745728622613072e+00
1.072000000000000064e+00 -9.751110215580872875e+00
1.179000000000000048e+00 -9.817129872493131515e+00
1.296999999999999931e+00 -9.885401692158982456e+00
1.427000000000000046e+00 -9.955761116704827884e+00
1.568999999999999950e+00 -1.002749710779501946e+01
1.725999999999999979e+00 -1.010135573426654432e+01
1.899000000000000021e+00 -1.017693620245368891e+01
2.088999999999999968e+00 -1.025383683146077907e+01
2.297000000000000153e+00 -1.033162842344420973e+01
2.527000000000000135e+00 -1.041087210358961812e+01
2.779999999999999805e+00 -1.049092067993999322e+01
3.057999999999999829e+00 -1.057147081695252488e+01
3.363999999999999879e+00 -1.065244854543556485e+01
3.700000000000000178e+00 -1.073347628396871301e+01
4.070000000000000284e+00 -1.081457086657630207e+01
4.477000000000000313e+00 -1.089544138823159258e+01
4.924999999999999822e+00 -1.097598482607402381e+01
5.416999999999999815e+00 -1.105591462767219291e+01
5.958999999999999631e+00 -1.113542165579177201e+01
6.554999999999999716e+00 -1.121436576896180348e+01
7.209999999999999964e+00 -1.129269334777020717e+01
7.932000000000000384e+00 -1.137071174804345652e+01
8.724999999999999645e+00 -1.144825351523464896e+01
9.596999999999999531e+00 -1.152558759242235809e+01
1.055700000000000038e+01 -1.160304756615849264e+01
1.161299999999999955e+01 -1.168084731694365352e+01
1.277399999999999913e+01 -1.175918105364220700e+01
1.405100000000000016e+01 -1.183839095864104962e+01
1.545599999999999952e+01 -1.191883056986278255e+01
1.700199999999999889e+01 -1.200083615283816840e+01
1.870200000000000173e+01 -1.208473150300594945e+01
2.057199999999999918e+01 -1.217090262536758161e+01
2.262999999999999901e+01 -1.225969897511858342e+01
2.489300000000000068e+01 -1.235138285109139211e+01
2.738200000000000145e+01 -1.244632497082375089e+01
3.012000000000000099e+01 -1.254486641482425036e+01
3.313199999999999790e+01 -1.264738091315311763e+01
3.644500000000000028e+01 -1.275416963033812223e+01
4.009000000000000341e+01 -1.286554562025554560e+01
4.409899999999999665e+01 -1.298177568909468249e+01
4.850900000000000034e+01 -1.310314866799604516e+01
5.335900000000000176e+01 -1.322990515918321641e+01
5.869500000000000028e+01 -1.336243693594138371e+01
6.456499999999999773e+01 -1.350097649873255712e+01
7.102100000000000080e+01 -1.364568593018715958e+01
7.812399999999999523e+01 -1.379692337490361886e+01
8.593600000000000705e+01 -1.395491562402735930e+01
9.453000000000000114e+01 -1.411992205683527501e+01
1.039830000000000041e+02 -1.429227329862475315e+01
1.143810000000000002e+02 -1.447214684747081215e+01
1.258190000000000026e+02 -1.465975299092754369e+01
1.384010000000000105e+02 -1.485523073651270209e+01
1.522410000000000139e+02 -1.505885848736439847e+01
1.674650000000000034e+02 -1.527106582648953292e+01
1.842110000000000127e+02 -1.549276810182925068e+01
2.026330000000000098e+02 -1.572498858992713622e+01
2.228959999999999866e+02 -1.596956530710000344e+01
2.451850000000000023e+02 -1.622911939468527365e+01
2.697040000000000077e+02 -1.650700265425139079e+01
2.966739999999999782e+02 -1.680787231808575299e+01
3.263419999999999845e+02 -1.713883425951641470e+01
3.589759999999999991e+02 -1.750863259913673176e+01
3.948729999999999905e+02 -1.793281939221813204e+01
