# # theta [arcmin], log_e(xim)
5.000000000000000000e-01 -1.087763464764260668e+01
5.500000000000000444e-01 -1.085392055471154116e+01
6.049999999999999822e-01 -1.083128321302460861e+01
6.660000000000000364e-01 -1.080968687440033627e+01
7.319999999999999840e-01 -1.078972348868899012e+01
8.050000000000000488e-01 -1.077099383454289239e+01
8.860000000000000098e-01 -1.075362357001692182e+01
9.739999999999999769e-01 -1.073813332257024555e+01
1.072000000000000064e+00 -1.072430811740459333e+01
1.179000000000000048e+00 -1.071263655605409504e+01
1.296999999999999931e+00 -1.070310475291496033e+01
1.427000000000000046e+00 -1.069587181309035984e+01
1.568999999999999950e+00 -1.069115642383961706e+01
1.725999999999999979e+00 -1.068909569577726160e+01
1.899000000000000021e+00 -1.068992878664946389e+01
2.088999999999999968e+00 -1.069386351223559828e+01
2.297000000000000153e+00 -1.070097354864503281e+01
2.527000000000000135e+00 -1.071146528163527378e+01
2.779999999999999805e+00 -1.072546905994009947e+01
3.057999999999999829e+00 -1.074312423483568679e+01
3.363999999999999879e+00 -1.076460804011468575e+01
3.700000000000000178e+00 -1.078999038220054807e+01
4.070000000000000284e+00 -1.081934837683378881e+01
4.477000000000000313e+00 -1.085267447955727604e+01
4.924999999999999822e+00 -1.089002694406924121e+01
5.416999999999999815e+00 -1.093132288214838432e+01
5.958999999999999631e+00 -1.097667364409426050e+01
6.554999999999999716e+00 -1.102593505646477290e+01
7.209999999999999964e+00 -1.107885411171888457e+01
7.932000000000000384e+00 -1.113541754237669146e+01
8.724999999999999645e+00 -1.119521528294309043e+01
9.596999999999999531e+00 -1.125807241610977805e+01
1.055700000000000038e+01 -1.132382857930850051e+01
1.161299999999999955e+01 -1.139211413035430631e+01
1.277399999999999913e+01 -1.146244910418208107e+01
1.405100000000000016e+01 -1.153451198645993614e+01
1.545599999999999952e+01 -1.160796696087330560e+01
1.700199999999999889e+01 -1.168243003143113157e+01
1.870200000000000173e+01 -1.175753323325648658e+01
2.057199999999999918e+01 -1.183292000752927287e+01
2.262999999999999901e+01 -1.190823981676719434e+01
2.489300000000000068e+01 -1.198316688248535300e+01
2.738200000000000145e+01 -1.205753799181188768e+01
3.012000000000000099e+01 -1.213121641053778532e+01
3.313199999999999790e+01 -1.220420019965161984e+01
3.644500000000000028e+01 -1.227644124861631703e+01
4.009000000000000341e+01 -1.234801047342822322e+01
4.409899999999999665e+01 -1.241906019407382722e+01
4.850900000000000034e+01 -1.248980811607055408e+01
5.335900000000000176e+01 -1.256049983185559604e+01
5.869500000000000028e+01 -1.263154323550811498e+01
6.456499999999999773e+01 -1.270323273615041160e+01
7.102100000000000080e+01 -1.277585877651967472e+01
7.812399999999999523e+01 -1.284989037878854923e+01
8.593600000000000705e+01 -1.292572972895263206e+01
9.453000000000000114e+01 -1.300375623697114413e+01
1.039830000000000041e+02 -1.308436600838528641e+01
1.143810000000000002e+02 -1.316780906557378472e+01
1.258190000000000026e+02 -1.325440274080110292e+01
1.384010000000000105e+02 -1.334440503602533390e+01
1.522410000000000139e+02 -1.343809999073296879e+01
1.674650000000000034e+02 -1.353575229614554587e+01
1.842110000000000127e+02 -1.363761293903573524e+01
2.026330000000000098e+02 -1.374374539948513885e+01
2.228959999999999866e+02 -1.385422966094497532e+01
2.451850000000000023e+02 -1.396905283956993493e+01
2.697040000000000077e+02 -1.408813549353548744e+01
2.966739999999999782e+02 -1.421140550648511081e+01
3.263419999999999845e+02 -1.433877590187674400e+01
3.589759999999999991e+02 -1.447008877617589739e+01
3.948729999999999905e+02 -1.460534839074227698e+01
