# # theta [arcmin], log_e(xip)
5.000000000000000000e-01 -9.357755817833110612e+00
5.500000000000000444e-01 -9.389531872511222232e+00
6.049999999999999822e-01 -9.422825551078469530e+00
6.660000000000000364e-01 -9.457974893711913467e+00
7.319999999999999840e-01 -9.494161640266350233e+00
8.050000000000000488e-01 -9.532224455030011256e+00
8.860000000000000098e-01 -9.572339320451861866e+00
9.739999999999999769e-01 -9.613701495014055354e+00
1.072000000000000064e+00 -9.657374472287912681e+00
1.179000000000000048e+00 -9.702534151584394806e+00
1.296999999999999931e+00 -9.749646577805400227e+00
1.427000000000000046e+00 -9.798668723564047056e+00
1.568999999999999950e+00 -9.849172488297247341e+00
1.725999999999999979e+00 -9.901754255563597340e+00
1.899000000000000021e+00 -9.956209024178217959e+00
2.088999999999999968e+00 -1.001231830472793760e+01
2.297000000000000153e+00 -1.006983615883495808e+01
2.527000000000000135e+00 -1.012925153418092883e+01
2.779999999999999805e+00 -1.019014907925523516e+01
3.057999999999999829e+00 -1.025234569882606372e+01
3.363999999999999879e+00 -1.031581746961979107e+01
3.700000000000000178e+00 -1.038027123448159550e+01
4.070000000000000284e+00 -1.044571475207500200e+01
4.477000000000000313e+00 -1.051188043472639499e+01
4.924999999999999822e+00 -1.057861133474822246e+01
5.416999999999999815e+00 -1.064555484570843902e+01
5.958999999999999631e+00 -1.071272011058987594e+01
6.554999999999999716e+00 -1.077978863619412486e+01
7.209999999999999964e+00 -1.084650220871806781e+01
7.932000000000000384e+00 -1.091286553674961546e+01
8.724999999999999645e+00 -1.097845519217005261e+01
9.596999999999999531e+00 -1.104320437563513480e+01
1.055700000000000038e+01 -1.110708042904377812e+01
1.161299999999999955e+01 -1.116994729504697403e+01
1.277399999999999913e+01 -1.123168660550530618e+01
1.405100000000000016e+01 -1.129229627200734853e+01
1.545599999999999952e+01 -1.135180541344617033e+01
1.700199999999999889e+01 -1.141026418898428574e+01
1.870200000000000173e+01 -1.146774370804055820e+01
2.057199999999999918e+01 -1.152438942578347003e+01
2.262999999999999901e+01 -1.158034921103577375e+01
2.489300000000000068e+01 -1.163574698499771642e+01
2.738200000000000145e+01 -1.169080255306362659e+01
3.012000000000000099e+01 -1.174574303406557974e+01
3.313199999999999790e+01 -1.180083556341796047e+01
3.644500000000000028e+01 -1.185632012638242294e+01
4.009000000000000341e+01 -1.191245035118309659e+01
4.409899999999999665e+01 -1.196947473144166985e+01
4.850900000000000034e+01 -1.202766607563964563e+01
5.335900000000000176e+01 -1.208726915293934034e+01
5.869500000000000028e+01 -1.214859404962064104e+01
6.456499999999999773e+01 -1.221186941437735207e+01
7.102100000000000080e+01 -1.227728619518443409e+01
7.812399999999999523e+01 -1.234509129421654272e+01
8.593600000000000705e+01 -1.241545506701103641e+01
9.453000000000000114e+01 -1.248852760318083810e+01
1.039830000000000041e+02 -1.256440038315162688e+01
1.143810000000000002e+02 -1.264308291137838403e+01
1.258190000000000026e+02 -1.272463747316000671e+01
1.384010000000000105e+02 -1.280925408420405276e+01
1.522410000000000139e+02 -1.289741625350539245e+01
1.674650000000000034e+02 -1.299001756229917603e+01
1.842110000000000127e+02 -1.308844902581056679e+01
2.026330000000000098e+02 -1.319443365783193123e+01
2.228959999999999866e+02 -1.330981044722695472e+01
2.451850000000000023e+02 -1.343624843581964434e+01
2.697040000000000077e+02 -1.357502072704059159e+01
2.966739999999999782e+02 -1.372708035465158005e+01
3.263419999999999845e+02 -1.389318630244000019e+01
3.589759999999999991e+02 -1.407380057346732016e+01
3.948729999999999905e+02 -1.426938370576073112e+01
