# # theta [arcmin], log_e(xip)
5.000000000000000000e-01 -8.858494067174140341e+00
5.500000000000000444e-01 -8.906151538810849644e+00
6.049999999999999822e-01 -8.955991995219434898e+00
6.660000000000000364e-01 -9.008498090361916510e+00
7.319999999999999840e-01 -9.062423941906406100e+00
8.050000000000000488e-01 -9.118989839419985088e+00
8.860000000000000098e-01 -9.178419313516466005e+00
9.739999999999999769e-01 -9.239479523283499418e+00
1.072000000000000064e+00 -9.303695354425185471e+00
1.179000000000000048e+00 -9.369802097136199492e+00
1.296999999999999931e+00 -9.438426367068348810e+00
1.427000000000000046e+00 -9.509435324284705615e+00
1.568999999999999950e+00 -9.582138235856511699e+00
1.725999999999999979e+00 -9.657318494553901900e+00
1.899000000000000021e+00 -9.734596279614207148e+00
2.088999999999999968e+00 -9.813582682404900837e+00
2.297000000000000153e+00 -9.893851330415884604e+00
2.527000000000000135e+00 -9.975996956926557857e+00
2.779999999999999805e+00 -1.005935991360633963e+01
3.057999999999999829e+00 -1.014362569736621467e+01
3.363999999999999879e+00 -1.022871477201979751e+01
3.700000000000000178e+00 -1.031422081302287808e+01
4.070000000000000284e+00 -1.040014863540876178e+01
4.477000000000000313e+00 -1.048617408525085004e+01
4.924999999999999822e+00 -1.057216653592886146e+01
5.416999999999999815e+00 -1.065779592383987229e+01
5.958999999999999631e+00 -1.074324233361225112e+01
6.554999999999999716e+00 -1.082833125702338428e+01
7.209999999999999964e+00 -1.091298078692769380e+01
7.932000000000000384e+00 -1.099750342094726463e+01
8.724999999999999645e+00 -1.108169449926699279e+01
9.596999999999999531e+00 -1.116582985671188410e+01
1.055700000000000038e+01 -1.125025663150396937e+01
1.161299999999999955e+01 -1.133519694001648759e+01
1.277399999999999913e+01 -1.142084686473544330e+01
1.405100000000000016e+01 -1.150756585338236349e+01
1.545599999999999952e+01 -1.159572898016810427e+01
1.700199999999999889e+01 -1.168569035254400390e+01
1.870200000000000173e+01 -1.177779363158596126e+01
2.057199999999999918e+01 -1.187244889055495101e+01
2.262999999999999901e+01 -1.197001997657586081e+01
2.489300000000000068e+01 -1.207077770886397694e+01
2.738200000000000145e+01 -1.217511385285892800e+01
3.012000000000000099e+01 -1.228338380395020657e+01
3.313199999999999790e+01 -1.239598840542751113e+01
3.644500000000000028e+01 -1.251324285073672726e+01
4.009000000000000341e+01 -1.263547528387515584e+01
4.409899999999999665e+01 -1.276296908424949095e+01
4.850900000000000034e+01 -1.289603051734634143e+01
5.335900000000000176e+01 -1.303491309674700638e+01
5.869500000000000028e+01 -1.318005605158297833e+01
6.456499999999999773e+01 -1.333171744220999777e+01
7.102100000000000080e+01 -1.349007182432969998e+01
7.812399999999999523e+01 -1.365554368218711723e+01
8.593600000000000705e+01 -1.382842772653126495e+01
9.453000000000000114e+01 -1.400904130364077993e+01
1.039830000000000041e+02 -1.419783757820293779e+01
1.143810000000000002e+02 -1.439508140531306069e+01
1.258190000000000026e+02 -1.460112550182452829e+01
1.384010000000000105e+02 -1.481626119732375635e+01
1.522410000000000139e+02 -1.504101995203074971e+01
1.674650000000000034e+02 -1.527615913693848526e+01
1.842110000000000127e+02 -1.552311713177118158e+01
2.026330000000000098e+02 -1.578343004531251026e+01
2.228959999999999866e+02 -1.605982485604367227e+01
2.451850000000000023e+02 -1.635624573921909430e+01
2.697040000000000077e+02 -1.667828275206203514e+01
2.966739999999999782e+02 -1.703467317395311653e+01
3.263419999999999845e+02 -1.744056261873208058e+01
3.589759999999999991e+02 -1.792081010753791759e+01
3.948729999999999905e+02 -1.853433948372135021e+01
