# # theta [arcmin], log_e(xim)
5.000000000000000000e-01 -1.120394482587415830e+01
5.500000000000000444e-01 -1.117898786640327913e+01
6.049999999999999822e-01 -1.115502936694374192e+01
6.660000000000000364e-01 -1.113201401244074162e+01
7.319999999999999840e-01 -1.111055781570524026e+01
8.050000000000000488e-01 -1.109021852193752977e+01
8.860000000000000098e-01 -1.107110271274119029e+01
9.739999999999999769e-01 -1.105375404281623020e+01
1.072000000000000064e+00 -1.103789698147674692e+01
1.179000000000000048e+00 -1.102404242858256822e+01
1.296999999999999931e+00 -1.101214108618997045e+01
1.427000000000000046e+00 -1.100233786953073256e+01
1.568999999999999950e+00 -1.099485812583527711e+01
1.725999999999999979e+00 -1.098979110545664106e+01
1.899000000000000021e+00 -1.098737005905734954e+01
2.088999999999999968e+00 -1.098779997341521586e+01
2.297000000000000153e+00 -1.099115812075205767e+01
2.527000000000000135e+00 -1.099760854220413364e+01
2.779999999999999805e+00 -1.100729712370938174e+01
3.057999999999999829e+00 -1.102037237169580486e+01
3.363999999999999879e+00 -1.103701245555570765e+01
3.700000000000000178e+00 -1.105731365289148016e+01
4.070000000000000284e+00 -1.108136580062482146e+01
4.477000000000000313e+00 -1.110919853328249829e+01
4.924999999999999822e+00 -1.114090890770983933e+01
5.416999999999999815e+00 -1.117647894296534794e+01
5.958999999999999631e+00 -1.121606613268492048e+01
6.554999999999999716e+00 -1.125960737868668637e+01
7.209999999999999964e+00 -1.130693946624867507e+01
7.932000000000000384e+00 -1.135812071338026463e+01
8.724999999999999645e+00 -1.141286024467479976e+01
9.596999999999999531e+00 -1.147108319111199570e+01
1.055700000000000038e+01 -1.153272662026749096e+01
1.161299999999999955e+01 -1.159752814520043884e+01
1.277399999999999913e+01 -1.166510823240788142e+01
1.405100000000000016e+01 -1.173522200010394378e+01
1.545599999999999952e+01 -1.180759751046152850e+01
1.700199999999999889e+01 -1.188189178215048614e+01
1.870200000000000173e+01 -1.195774271086751384e+01
2.057199999999999918e+01 -1.203475979613897451e+01
2.262999999999999901e+01 -1.211251235953370653e+01
2.489300000000000068e+01 -1.219054856996122815e+01
2.738200000000000145e+01 -1.226853588156229513e+01
3.012000000000000099e+01 -1.234612467997796870e+01
3.313199999999999790e+01 -1.242306863190335164e+01
3.644500000000000028e+01 -1.249904441713801795e+01
4.009000000000000341e+01 -1.257383713755510968e+01
4.409899999999999665e+01 -1.264731717084861806e+01
4.850900000000000034e+01 -1.271943882711527252e+01
5.335900000000000176e+01 -1.279020077105648134e+01
5.869500000000000028e+01 -1.285981028461218223e+01
6.456499999999999773e+01 -1.292839614548755378e+01
7.102100000000000080e+01 -1.299614446843803250e+01
7.812399999999999523e+01 -1.306345835089184604e+01
8.593600000000000705e+01 -1.313072322374880940e+01
9.453000000000000114e+01 -1.319833338977172943e+01
1.039830000000000041e+02 -1.326674138242234591e+01
1.143810000000000002e+02 -1.333628210850933371e+01
1.258190000000000026e+02 -1.340737701330183640e+01
1.384010000000000105e+02 -1.348040854538568745e+01
1.522410000000000139e+02 -1.355581909301442067e+01
1.674650000000000034e+02 -1.363406521826975926e+01
1.842110000000000127e+02 -1.371561183075479029e+01
2.026330000000000098e+02 -1.380076284209549442e+01
2.228959999999999866e+02 -1.388979077572064824e+01
2.451850000000000023e+02 -1.398280049771179101e+01
2.697040000000000077e+02 -1.407973811728794189e+01
2.966739999999999782e+02 -1.418052301975283314e+01
3.263419999999999845e+02 -1.428506596767539527e+01
3.589759999999999991e+02 -1.439321771223847968e+01
3.948729999999999905e+02 -1.450502275309594680e+01
