# # theta [arcmin], log_e(xim)
5.000000000000000000e-01 -1.130877963297755251e+01
5.500000000000000444e-01 -1.128546882839519228e+01
6.049999999999999822e-01 -1.126366358617297969e+01
6.660000000000000364e-01 -1.124336332134611460e+01
7.319999999999999840e-01 -1.122513939792607296e+01
8.050000000000000488e-01 -1.120863556905996639e+01
8.860000000000000098e-01 -1.119399984520865488e+01
9.739999999999999769e-01 -1.118169623463125717e+01
1.072000000000000064e+00 -1.117158438613548022e+01
1.179000000000000048e+00 -1.116407303728864342e+01
1.296999999999999931e+00 -1.115916917616462634e+01
1.427000000000000046e+00 -1.115700220347397043e+01
1.568999999999999950e+00 -1.115771068655449660e+01
1.725999999999999979e+00 -1.116145695099686463e+01
1.899000000000000021e+00 -1.116841136527014200e+01
2.088999999999999968e+00 -1.117870791109405992e+01
2.297000000000000153e+00 -1.119233365753036935e+01
2.527000000000000135e+00 -1.120949086759024382e+01
2.779999999999999805e+00 -1.123020141321523013e+01
3.057999999999999829e+00 -1.125452056692083502e+01
3.363999999999999879e+00 -1.128256005417303953e+01
3.700000000000000178e+00 -1.131430168118495772e+01
4.070000000000000284e+00 -1.134976464153045583e+01
4.477000000000000313e+00 -1.138886528299529211e+01
4.924999999999999822e+00 -1.143160449769563236e+01
5.416999999999999815e+00 -1.147783538653903967e+01
5.958999999999999631e+00 -1.152763613829609213e+01
6.554999999999999716e+00 -1.158082172367111795e+01
7.209999999999999964e+00 -1.163711061298389460e+01
7.932000000000000384e+00 -1.169649091507879923e+01
8.724999999999999645e+00 -1.175853729828332028e+01
9.596999999999999531e+00 -1.182308466601046959e+01
1.055700000000000038e+01 -1.188998811876113493e+01
1.161299999999999955e+01 -1.195889621139454917e+01
1.277399999999999913e+01 -1.202935576563613473e+01
1.405100000000000016e+01 -1.210107121433545707e+01
1.545599999999999952e+01 -1.217372976127902540e+01
1.700199999999999889e+01 -1.224696276737104128e+01
1.870200000000000173e+01 -1.232040999937228776e+01
2.057199999999999918e+01 -1.239371127292391428e+01
2.262999999999999901e+01 -1.246650330062576018e+01
2.489300000000000068e+01 -1.253843135431984734e+01
2.738200000000000145e+01 -1.260929247616138049e+01
3.012000000000000099e+01 -1.267890234435137486e+01
3.313199999999999790e+01 -1.274720044443755818e+01
3.644500000000000028e+01 -1.281408267102431431e+01
4.009000000000000341e+01 -1.287956269957474298e+01
4.409899999999999665e+01 -1.294374366398558962e+01
4.850900000000000034e+01 -1.300680503677005717e+01
5.335900000000000176e+01 -1.306897428074542589e+01
5.869500000000000028e+01 -1.313064608451522730e+01
6.456499999999999773e+01 -1.319212350744457396e+01
7.102100000000000080e+01 -1.325372683598269319e+01
7.812399999999999523e+01 -1.331595419445656958e+01
8.593600000000000705e+01 -1.337925439743802158e+01
9.453000000000000114e+01 -1.344406080111016522e+01
1.039830000000000041e+02 -1.351083052290804076e+01
1.143810000000000002e+02 -1.357988206884645344e+01
1.258190000000000026e+02 -1.365159061035087262e+01
1.384010000000000105e+02 -1.372629253407836281e+01
1.522410000000000139e+02 -1.380435896871295043e+01
1.674650000000000034e+02 -1.388616158915277410e+01
1.842110000000000127e+02 -1.397205899344478652e+01
2.026330000000000098e+02 -1.406222677424438317e+01
2.228959999999999866e+02 -1.415681354388906676e+01
2.451850000000000023e+02 -1.425585410854369783e+01
2.697040000000000077e+02 -1.435930196447773888e+01
2.966739999999999782e+02 -1.446710340423021002e+01
3.263419999999999845e+02 -1.457918922163863762e+01
3.589759999999999991e+02 -1.469542259215721636e+01
3.948729999999999905e+02 -1.481582957521892929e+01
