# # theta [arcmin], log_e(xip)
5.000000000000000000e-01 -8.915279589286578599e+00
5.500000000000000444e-01 -8.956605541899060441e+00
6.049999999999999822e-01 -8.999867961564145702e+00
6.660000000000000364e-01 -9.045497345285745894e+00
7.319999999999999840e-01 -9.092423123104573790e+00
8.050000000000000488e-01 -9.141722370744306048e+00
8.860000000000000098e-01 -9.193608139797031953e+00
9.739999999999999769e-01 -9.247026555764303879e+00
1.072000000000000064e+00 -9.303334446025374405e+00
1.179000000000000048e+00 -9.361450628578065647e+00
1.296999999999999931e+00 -9.421954765183729208e+00
1.427000000000000046e+00 -9.484765770375043203e+00
1.568999999999999950e+00 -9.549308861646180091e+00
1.725999999999999979e+00 -9.616317811303575880e+00
1.899000000000000021e+00 -9.685498221423078036e+00
2.088999999999999968e+00 -9.756541391613513525e+00
2.297000000000000153e+00 -9.829102790120936461e+00
2.527000000000000135e+00 -9.903760389752816806e+00
2.779999999999999805e+00 -9.979952700647528374e+00
3.057999999999999829e+00 -1.005741665691303943e+01
3.363999999999999879e+00 -1.013609272414196916e+01
3.700000000000000178e+00 -1.021559921217249567e+01
4.070000000000000284e+00 -1.029592558268698888e+01
4.477000000000000313e+00 -1.037673323155034488e+01
4.924999999999999822e+00 -1.045783847423448876e+01
5.416999999999999815e+00 -1.053884216481900538e+01
5.958999999999999631e+00 -1.061980387675477999e+01
6.554999999999999716e+00 -1.070041960184881980e+01
7.209999999999999964e+00 -1.078046767145195695e+01
7.932000000000000384e+00 -1.086007801949840612e+01
8.724999999999999645e+00 -1.093889070330513391e+01
9.596999999999999531e+00 -1.101699705573498633e+01
1.055700000000000038e+01 -1.109455729390655598e+01
1.161299999999999955e+01 -1.117162419264740336e+01
1.277399999999999913e+01 -1.124825923667106586e+01
1.405100000000000016e+01 -1.132468230883741356e+01
1.545599999999999952e+01 -1.140114887639958141e+01
1.700199999999999889e+01 -1.147792228697436911e+01
1.870200000000000173e+01 -1.155527863113571385e+01
2.057199999999999918e+01 -1.163356951442629317e+01
2.262999999999999901e+01 -1.171311828574379099e+01
2.489300000000000068e+01 -1.179418805313967411e+01
2.738200000000000145e+01 -1.187714911454546929e+01
3.012000000000000099e+01 -1.196234857347892344e+01
3.313199999999999790e+01 -1.205017241135178097e+01
3.644500000000000028e+01 -1.214093848931839936e+01
4.009000000000000341e+01 -1.223497080404484905e+01
4.409899999999999665e+01 -1.233256305558025367e+01
4.850900000000000034e+01 -1.243402951228366682e+01
5.335900000000000176e+01 -1.253963476066545191e+01
5.869500000000000028e+01 -1.264976997950619264e+01
6.456499999999999773e+01 -1.276469173033922289e+01
7.102100000000000080e+01 -1.288459844141676847e+01
7.812399999999999523e+01 -1.300983903335018077e+01
8.593600000000000705e+01 -1.314064904586457949e+01
9.453000000000000114e+01 -1.327727601411368319e+01
1.039830000000000041e+02 -1.341998468077088269e+01
1.143810000000000002e+02 -1.356888957111274330e+01
1.258190000000000026e+02 -1.372408518699512747e+01
1.384010000000000105e+02 -1.388555262251897204e+01
1.522410000000000139e+02 -1.405335285854739702e+01
1.674650000000000034e+02 -1.422769519160224760e+01
1.842110000000000127e+02 -1.440920813795563049e+01
2.026330000000000098e+02 -1.459879034512342777e+01
2.228959999999999866e+02 -1.479785161985003050e+01
2.451850000000000023e+02 -1.500809545138918999e+01
2.697040000000000077e+02 -1.523135114140483637e+01
2.966739999999999782e+02 -1.546968018124197819e+01
3.263419999999999845e+02 -1.572553815548712386e+01
3.589759999999999991e+02 -1.600136828343462270e+01
3.948729999999999905e+02 -1.630063399124811951e+01
