# # theta [arcmin], log_e(xim)
5.000000000000000000e-01 -1.118908698494216480e+01
5.500000000000000444e-01 -1.116264894737261848e+01
6.049999999999999822e-01 -1.113726754328173740e+01
6.660000000000000364e-01 -1.111287968157805572e+01
7.319999999999999840e-01 -1.109013792689709454e+01
8.050000000000000488e-01 -1.106857367384961321e+01
8.860000000000000098e-01 -1.104829185349525211e+01
9.739999999999999769e-01 -1.102986248151085924e+01
1.072000000000000064e+00 -1.101298325124042243e+01
1.179000000000000048e+00 -1.099818630907066819e+01
1.296999999999999931e+00 -1.098540910966053374e+01
1.427000000000000046e+00 -1.097479717435622959e+01
1.568999999999999950e+00 -1.096657614591520158e+01
1.725999999999999979e+00 -1.096082239841629224e+01
1.899000000000000021e+00 -1.095776415493521405e+01
2.088999999999999968e+00 -1.095760173188134345e+01
2.297000000000000153e+00 -1.096040392466509594e+01
2.527000000000000135e+00 -1.096631733962447441e+01
2.779999999999999805e+00 -1.097548166906001477e+01
3.057999999999999829e+00 -1.098803245252198124e+01
3.363999999999999879e+00 -1.100413390851723250e+01
3.700000000000000178e+00 -1.102387132943571402e+01
4.070000000000000284e+00 -1.104731961680340824e+01
4.477000000000000313e+00 -1.107449700070975496e+01
4.924999999999999822e+00 -1.110548963334724526e+01
5.416999999999999815e+00 -1.114027077989723757e+01
5.958999999999999631e+00 -1.117898500201351553e+01
6.554999999999999716e+00 -1.122156491641499443e+01
7.209999999999999964e+00 -1.126784118157892856e+01
7.932000000000000384e+00 -1.131786621151365146e+01
8.724999999999999645e+00 -1.137135125270513036e+01
9.596999999999999531e+00 -1.142821673704327345e+01
1.055700000000000038e+01 -1.148840067133872012e+01
1.161299999999999955e+01 -1.155164155346795063e+01
1.277399999999999913e+01 -1.161756279774340150e+01
1.405100000000000016e+01 -1.168592060827926105e+01
1.545599999999999952e+01 -1.175644457017171796e+01
1.700199999999999889e+01 -1.182879414022664122e+01
1.870200000000000173e+01 -1.190260940336734841e+01
2.057199999999999918e+01 -1.197750049575598652e+01
2.262999999999999901e+01 -1.205303658666212385e+01
2.489300000000000068e+01 -1.212876758949988165e+01
2.738200000000000145e+01 -1.220435971343637505e+01
3.012000000000000099e+01 -1.227946367474891076e+01
3.313199999999999790e+01 -1.235383209286478490e+01
3.644500000000000028e+01 -1.242714309720116006e+01
4.009000000000000341e+01 -1.249918007532035702e+01
4.409899999999999665e+01 -1.256981709104122835e+01
4.850900000000000034e+01 -1.263901049721401293e+01
5.335900000000000176e+01 -1.270676610679055507e+01
5.869500000000000028e+01 -1.277329403285131626e+01
6.456499999999999773e+01 -1.283872923678505096e+01
7.102100000000000080e+01 -1.290326399271920188e+01
7.812399999999999523e+01 -1.296730425319479174e+01
8.593600000000000705e+01 -1.303124150176813245e+01
9.453000000000000114e+01 -1.309547658841471574e+01
1.039830000000000041e+02 -1.316046563626086829e+01
1.143810000000000002e+02 -1.322654847302791481e+01
1.258190000000000026e+02 -1.329415694843766360e+01
1.384010000000000105e+02 -1.336370208618689226e+01
1.522410000000000139e+02 -1.343567441735661205e+01
1.674650000000000034e+02 -1.351058648677031293e+01
1.842110000000000127e+02 -1.358894008525843411e+01
2.026330000000000098e+02 -1.367102067947932653e+01
2.228959999999999866e+02 -1.375700960129394623e+01
2.451850000000000023e+02 -1.384690855649089158e+01
2.697040000000000077e+02 -1.394061923573486794e+01
2.966739999999999782e+02 -1.403805129100993199e+01
3.263419999999999845e+02 -1.413916529087487284e+01
3.589759999999999991e+02 -1.424390770687922902e+01
3.948729999999999905e+02 -1.435236655121852145e+01
