# # theta [arcmin], log_e(xip)
5.000000000000000000e-01 -9.420030330092274085e+00
5.500000000000000444e-01 -9.468289806164090550e+00
6.049999999999999822e-01 -9.518623734570425654e+00
6.660000000000000364e-01 -9.571490887790490731e+00
7.319999999999999840e-01 -9.625610240033473985e+00
8.050000000000000488e-01 -9.682178162267362609e+00
8.860000000000000098e-01 -9.741382988876020832e+00
9.739999999999999769e-01 -9.801963085112266327e+00
1.072000000000000064e+00 -9.865398633466362810e+00
1.179000000000000048e+00 -9.930403970950788306e+00
1.296999999999999931e+00 -9.997563314547692315e+00
1.427000000000000046e+00 -1.006671143633816179e+01
1.568999999999999950e+00 -1.013714720472118280e+01
1.725999999999999979e+00 -1.020960301411865601e+01
1.899000000000000021e+00 -1.028368470140243041e+01
2.088999999999999968e+00 -1.035899988958868079e+01
2.297000000000000153e+00 -1.043513137912058752e+01
2.527000000000000135e+00 -1.051263187717089842e+01
2.779999999999999805e+00 -1.059087256631154084e+01
3.057999999999999829e+00 -1.066956118813150844e+01
3.363999999999999879e+00 -1.074863040329215380e+01
3.700000000000000178e+00 -1.082771419057993079e+01
4.070000000000000284e+00 -1.090683075315325823e+01
4.477000000000000313e+00 -1.098569474368738952e+01
4.924999999999999822e+00 -1.106420229197215122e+01
5.416999999999999815e+00 -1.114206491420902623e+01
5.958999999999999631e+00 -1.121945617083684432e+01
6.554999999999999716e+00 -1.129622180531714370e+01
7.209999999999999964e+00 -1.137228825358086226e+01
7.932000000000000384e+00 -1.144793111024057630e+01
8.724999999999999645e+00 -1.152295883127074383e+01
9.596999999999999531e+00 -1.159760628708655261e+01
1.055700000000000038e+01 -1.167216600954336947e+01
1.161299999999999955e+01 -1.174681643848052204e+01
1.277399999999999913e+01 -1.182172113566520899e+01
1.405100000000000016e+01 -1.189718672207249739e+01
1.545599999999999952e+01 -1.197353368958310149e+01
1.700199999999999889e+01 -1.205107055682576700e+01
1.870200000000000173e+01 -1.213009690445758260e+01
2.057199999999999918e+01 -1.221097464070040495e+01
2.262999999999999901e+01 -1.229403516562211607e+01
2.489300000000000068e+01 -1.237953095718408569e+01
2.738200000000000145e+01 -1.246781904091808357e+01
3.012000000000000099e+01 -1.255923120776350110e+01
3.313199999999999790e+01 -1.265412975119015826e+01
3.644500000000000028e+01 -1.275281218925494464e+01
4.009000000000000341e+01 -1.285558808660285202e+01
4.409899999999999665e+01 -1.296272549413746233e+01
4.850900000000000034e+01 -1.307451603850737598e+01
5.335900000000000176e+01 -1.319120661722951304e+01
5.869500000000000028e+01 -1.331317951117548937e+01
6.456499999999999773e+01 -1.344067649340963122e+01
7.102100000000000080e+01 -1.357387739784825875e+01
7.812399999999999523e+01 -1.371313268596900414e+01
8.593600000000000705e+01 -1.385867623426234374e+01
9.453000000000000114e+01 -1.401077061735291274e+01
1.039830000000000041e+02 -1.416972638515346716e+01
1.143810000000000002e+02 -1.433572209189875934e+01
1.258190000000000026e+02 -1.450894818069846437e+01
1.384010000000000105e+02 -1.468950430365340942e+01
1.522410000000000139e+02 -1.487755594017269978e+01
1.674650000000000034e+02 -1.507334064263666029e+01
1.842110000000000127e+02 -1.527741420225689417e+01
2.026330000000000098e+02 -1.549041702388198516e+01
2.228959999999999866e+02 -1.571363171051796215e+01
2.451850000000000023e+02 -1.594895727839461763e+01
2.697040000000000077e+02 -1.619877125053235645e+01
2.966739999999999782e+02 -1.646610992131990869e+01
3.263419999999999845e+02 -1.675523024054935206e+01
3.589759999999999991e+02 -1.707064614393404867e+01
3.948729999999999905e+02 -1.741908352091419232e+01
