# # theta [arcmin], log_e(xim)
5.000000000000000000e-01 -1.109490286654854074e+01
5.500000000000000444e-01 -1.107264999605630962e+01
6.049999999999999822e-01 -1.105138378726388382e+01
6.660000000000000364e-01 -1.103106676064297176e+01
7.319999999999999840e-01 -1.101224896981637080e+01
8.050000000000000488e-01 -1.099454604310938244e+01
8.860000000000000098e-01 -1.097806969189665871e+01
9.739999999999999769e-01 -1.096331037487065529e+01
1.072000000000000064e+00 -1.095005497931430938e+01
1.179000000000000048e+00 -1.093876567000499733e+01
1.296999999999999931e+00 -1.092941905842952188e+01
1.427000000000000046e+00 -1.092215935413966577e+01
1.568999999999999950e+00 -1.091719432999429706e+01
1.725999999999999979e+00 -1.091464681175741447e+01
1.899000000000000021e+00 -1.091474412350667400e+01
2.088999999999999968e+00 -1.091768994513365953e+01
2.297000000000000153e+00 -1.092355893759718555e+01
2.527000000000000135e+00 -1.093254560731064906e+01
2.779999999999999805e+00 -1.094478950557165575e+01
3.057999999999999829e+00 -1.096044248369681995e+01
3.363999999999999879e+00 -1.097969296086184876e+01
3.700000000000000178e+00 -1.100263798597816489e+01
4.070000000000000284e+00 -1.102937833931655298e+01
4.477000000000000313e+00 -1.105994401953868156e+01
4.924999999999999822e+00 -1.109443554913937469e+01
5.416999999999999815e+00 -1.113282876441708957e+01
5.958999999999999631e+00 -1.117528533916858358e+01
6.554999999999999716e+00 -1.122173380832009393e+01
7.209999999999999964e+00 -1.127200015046030401e+01
7.932000000000000384e+00 -1.132614220970574337e+01
8.724999999999999645e+00 -1.138384822738260560e+01
9.596999999999999531e+00 -1.144503133020679542e+01
1.055700000000000038e+01 -1.150962392106915821e+01
1.161299999999999955e+01 -1.157734580642462596e+01
1.277399999999999913e+01 -1.164780633916412356e+01
1.405100000000000016e+01 -1.172075500167616191e+01
1.545599999999999952e+01 -1.179591695542196739e+01
1.700199999999999889e+01 -1.187294771919215286e+01
1.870200000000000173e+01 -1.195148903352507475e+01
2.057199999999999918e+01 -1.203116332494503204e+01
2.262999999999999901e+01 -1.211156078429734073e+01
2.489300000000000068e+01 -1.219225317579448387e+01
2.738200000000000145e+01 -1.227294134609501164e+01
3.012000000000000099e+01 -1.235331451292531924e+01
3.313199999999999790e+01 -1.243316975185375739e+01
3.644500000000000028e+01 -1.251222912375500584e+01
4.009000000000000341e+01 -1.259032582575525616e+01
4.409899999999999665e+01 -1.266737472332327030e+01
4.850900000000000034e+01 -1.274336648233241576e+01
5.335900000000000176e+01 -1.281833169127545524e+01
5.869500000000000028e+01 -1.289250402763205550e+01
6.456499999999999773e+01 -1.296602993867236187e+01
7.102100000000000080e+01 -1.303909909534780631e+01
7.812399999999999523e+01 -1.311212051508523757e+01
8.593600000000000705e+01 -1.318546932516531811e+01
9.453000000000000114e+01 -1.325952363210581453e+01
1.039830000000000041e+02 -1.333471351276745054e+01
1.143810000000000002e+02 -1.341135297095605239e+01
1.258190000000000026e+02 -1.348984218778268485e+01
1.384010000000000105e+02 -1.357052176103744934e+01
1.522410000000000139e+02 -1.365378464281928039e+01
1.674650000000000034e+02 -1.374000984184313268e+01
1.842110000000000127e+02 -1.382957723134254735e+01
2.026330000000000098e+02 -1.392272479069444024e+01
2.228959999999999866e+02 -1.401974121591346822e+01
2.451850000000000023e+02 -1.412082110290059234e+01
2.697040000000000077e+02 -1.422601765556574271e+01
2.966739999999999782e+02 -1.433530898385369490e+01
3.263419999999999845e+02 -1.444863659288055402e+01
3.589759999999999991e+02 -1.456580264657301882e+01
3.948729999999999905e+02 -1.468674833845259364e+01
