# # theta [arcmin], log_e(xim)
5.000000000000000000e-01 -1.124156105436700415e+01
5.500000000000000444e-01 -1.121771281860031877e+01
6.049999999999999822e-01 -1.119487763439999561e+01
6.660000000000000364e-01 -1.117300631863090921e+01
7.319999999999999840e-01 -1.115268787479875279e+01
8.050000000000000488e-01 -1.113350389821258979e+01
8.860000000000000098e-01 -1.111556242347503876e+01
9.739999999999999769e-01 -1.109938108227415832e+01
1.072000000000000064e+00 -1.108471109476928618e+01
1.179000000000000048e+00 -1.107203916043158642e+01
1.296999999999999931e+00 -1.106132386931011879e+01
1.427000000000000046e+00 -1.105270453062935232e+01
1.568999999999999950e+00 -1.104639473426155583e+01
1.725999999999999979e+00 -1.104249255287956011e+01
1.899000000000000021e+00 -1.104122203121108292e+01
2.088999999999999968e+00 -1.104278059569933390e+01
2.297000000000000153e+00 -1.104723675662050475e+01
2.527000000000000135e+00 -1.105475848831438057e+01
2.779999999999999805e+00 -1.106548191128917047e+01
3.057999999999999829e+00 -1.107954821706864657e+01
3.363999999999999879e+00 -1.109713056006141052e+01
3.700000000000000178e+00 -1.111831977414244221e+01
4.070000000000000284e+00 -1.114320222156511697e+01
4.477000000000000313e+00 -1.117180263059075074e+01
4.924999999999999822e+00 -1.120421651492257453e+01
5.416999999999999815e+00 -1.124042200705872752e+01
5.958999999999999631e+00 -1.128057720724633306e+01
6.554999999999999716e+00 -1.132462183649872678e+01
7.209999999999999964e+00 -1.137239425334115772e+01
7.932000000000000384e+00 -1.142396174504295026e+01
8.724999999999999645e+00 -1.147904301347695366e+01
9.596999999999999531e+00 -1.153757365104747201e+01
1.055700000000000038e+01 -1.159951089632394527e+01
1.161299999999999955e+01 -1.166461035402647717e+01
1.277399999999999913e+01 -1.173251608542489066e+01
1.405100000000000016e+01 -1.180300962011402177e+01
1.545599999999999952e+01 -1.187584745254562080e+01
1.700199999999999889e+01 -1.195071533405940833e+01
1.870200000000000173e+01 -1.202727863655691820e+01
2.057199999999999918e+01 -1.210517320569077171e+01
2.262999999999999901e+01 -1.218399026590403444e+01
2.489300000000000068e+01 -1.226329082586198638e+01
2.738200000000000145e+01 -1.234274771719685049e+01
3.012000000000000099e+01 -1.242200649928626355e+01
3.313199999999999790e+01 -1.250080269673666500e+01
3.644500000000000028e+01 -1.257878202817084912e+01
4.009000000000000341e+01 -1.265568558512817532e+01
4.409899999999999665e+01 -1.273132922986186877e+01
4.850900000000000034e+01 -1.280560162232484522e+01
5.335900000000000176e+01 -1.287843023502256301e+01
5.869500000000000028e+01 -1.294995159395267592e+01
6.456499999999999773e+01 -1.302022248918896707e+01
7.102100000000000080e+01 -1.308936196406496499e+01
7.812399999999999523e+01 -1.315771960730117662e+01
8.593600000000000705e+01 -1.322563385648880185e+01
9.453000000000000114e+01 -1.329346135486415470e+01
1.039830000000000041e+02 -1.336163122936051906e+01
1.143810000000000002e+02 -1.343046927005265445e+01
1.258190000000000026e+02 -1.350039694428712345e+01
1.384010000000000105e+02 -1.357179761456962019e+01
1.522410000000000139e+02 -1.364512157871028641e+01
1.674650000000000034e+02 -1.372083967337468735e+01
1.842110000000000127e+02 -1.379944234590522889e+01
2.026330000000000098e+02 -1.388130181010844311e+01
2.228959999999999866e+02 -1.396680297651491287e+01
2.451850000000000023e+02 -1.405617991799434208e+01
2.697040000000000077e+02 -1.414947659772207089e+01
2.966739999999999782e+02 -1.424665030694478141e+01
3.263419999999999845e+02 -1.434762655517211805e+01
3.589759999999999991e+02 -1.445221370201322664e+01
3.948729999999999905e+02 -1.456039597398863528e+01
