# # theta [arcmin], log_e(xim)
5.000000000000000000e-01 -1.102518506633427720e+01
5.500000000000000444e-01 -1.100057380618819991e+01
6.049999999999999822e-01 -1.097725758127500306e+01
6.660000000000000364e-01 -1.095521091180821394e+01
7.319999999999999840e-01 -1.093504212091515448e+01
8.050000000000000488e-01 -1.091635086070185778e+01
8.860000000000000098e-01 -1.089927018547230375e+01
9.739999999999999769e-01 -1.088431680554785430e+01
1.072000000000000064e+00 -1.087128528584208453e+01
1.179000000000000048e+00 -1.086064507160038239e+01
1.296999999999999931e+00 -1.085238154130444599e+01
1.427000000000000046e+00 -1.084663933386141110e+01
1.568999999999999950e+00 -1.084360438503061097e+01
1.725999999999999979e+00 -1.084341238242492977e+01
1.899000000000000021e+00 -1.084626960119958561e+01
2.088999999999999968e+00 -1.085234796479973163e+01
2.297000000000000153e+00 -1.086167846413002813e+01
2.527000000000000135e+00 -1.087445360720348475e+01
2.779999999999999805e+00 -1.089075240298599745e+01
3.057999999999999829e+00 -1.091067227992687627e+01
3.363999999999999879e+00 -1.093435502821839300e+01
3.700000000000000178e+00 -1.096182929470349698e+01
4.070000000000000284e+00 -1.099314168556246685e+01
4.477000000000000313e+00 -1.102825122728746621e+01
4.924999999999999822e+00 -1.106719211563486738e+01
5.416999999999999815e+00 -1.110985789532853829e+01
5.958999999999999631e+00 -1.115635092607191403e+01
6.554999999999999716e+00 -1.120651928779517270e+01
7.209999999999999964e+00 -1.126011049639656036e+01
7.932000000000000384e+00 -1.131712268953768685e+01
8.724999999999999645e+00 -1.137715844821665101e+01
9.596999999999999531e+00 -1.144006448427299105e+01
1.055700000000000038e+01 -1.150570261268358507e+01
1.161299999999999955e+01 -1.157372910280907519e+01
1.277399999999999913e+01 -1.164369017410984597e+01
1.405100000000000016e+01 -1.171528574252823240e+01
1.545599999999999952e+01 -1.178819673765674381e+01
1.700199999999999889e+01 -1.186204714958620876e+01
1.870200000000000173e+01 -1.193646529107005350e+01
2.057199999999999918e+01 -1.201107921711231263e+01
2.262999999999999901e+01 -1.208551000987696256e+01
2.489300000000000068e+01 -1.215938965226776425e+01
2.738200000000000145e+01 -1.223250040261345362e+01
3.012000000000000099e+01 -1.230464469946634409e+01
3.313199999999999790e+01 -1.237575126217543264e+01
3.644500000000000028e+01 -1.244570209557086038e+01
4.009000000000000341e+01 -1.251450124661287155e+01
4.409899999999999665e+01 -1.258224325816741107e+01
4.850900000000000034e+01 -1.264909757483659192e+01
5.335900000000000176e+01 -1.271527824890476666e+01
5.869500000000000028e+01 -1.278117122569917186e+01
6.456499999999999773e+01 -1.284706732092988446e+01
7.102100000000000080e+01 -1.291327250407449867e+01
7.812399999999999523e+01 -1.298027284395516467e+01
8.593600000000000705e+01 -1.304850482921131949e+01
9.453000000000000114e+01 -1.311838629648544163e+01
1.039830000000000041e+02 -1.319035960285083853e+01
1.143810000000000002e+02 -1.326472507120663735e+01
1.258190000000000026e+02 -1.334184676031483718e+01
1.384010000000000105e+02 -1.342204178568404416e+01
1.522410000000000139e+02 -1.350566394385103663e+01
1.674650000000000034e+02 -1.359305844563891696e+01
1.842110000000000127e+02 -1.368455861425954190e+01
2.026330000000000098e+02 -1.378030076241291013e+01
2.228959999999999866e+02 -1.388039943380221963e+01
2.451850000000000023e+02 -1.398487308685392705e+01
2.697040000000000077e+02 -1.409367684941154231e+01
2.966739999999999782e+02 -1.420676215825786848e+01
3.263419999999999845e+02 -1.432407856539821367e+01
3.589759999999999991e+02 -1.444550492703895017e+01
3.948729999999999905e+02 -1.457107052064677433e+01
