# # theta [arcmin], log_e(xip)
5.000000000000000000e-01 -8.918037243071255560e+00
5.500000000000000444e-01 -8.958925059895330278e+00
6.049999999999999822e-01 -9.001721799278536551e+00
6.660000000000000364e-01 -9.046859355432605554e+00
7.319999999999999840e-01 -9.093284711904402684e+00
8.050000000000000488e-01 -9.142068827249504537e+00
8.860000000000000098e-01 -9.193434091909823636e+00
9.739999999999999769e-01 -9.246343889856490250e+00
1.072000000000000064e+00 -9.302155267410133987e+00
1.179000000000000048e+00 -9.359809062773118526e+00
1.296999999999999931e+00 -9.419894060210610931e+00
1.427000000000000046e+00 -9.482346096302398664e+00
1.568999999999999950e+00 -9.546609929138265116e+00
1.725999999999999979e+00 -9.613434493096761457e+00
1.899000000000000021e+00 -9.682546905835561546e+00
2.088999999999999968e+00 -9.753659057047663339e+00
2.297000000000000153e+00 -9.826445959088868420e+00
2.527000000000000135e+00 -9.901508911338332553e+00
2.779999999999999805e+00 -9.978305068664342414e+00
3.057999999999999829e+00 -1.005658884982455703e+01
3.363999999999999879e+00 -1.013631635484027704e+01
3.700000000000000178e+00 -1.021711313295511658e+01
4.070000000000000284e+00 -1.029897876571232374e+01
4.477000000000000313e+00 -1.038157270953582767e+01
4.924999999999999822e+00 -1.046470407095726607e+01
5.416999999999999815e+00 -1.054795162227569350e+01
5.958999999999999631e+00 -1.063135620702305140e+01
6.554999999999999716e+00 -1.071457358089053713e+01
7.209999999999999964e+00 -1.079733502899631326e+01
7.932000000000000384e+00 -1.087972469876140202e+01
8.724999999999999645e+00 -1.096131016720628537e+01
9.596999999999999531e+00 -1.104211965755544966e+01
1.055700000000000038e+01 -1.112224646794259719e+01
1.161299999999999955e+01 -1.120167140759677871e+01
1.277399999999999913e+01 -1.128038381446260985e+01
1.405100000000000016e+01 -1.135853709910682063e+01
1.545599999999999952e+01 -1.143632745268406303e+01
1.700199999999999889e+01 -1.151396750770822663e+01
1.870200000000000173e+01 -1.159169013967592576e+01
2.057199999999999918e+01 -1.166981357146672238e+01
2.262999999999999901e+01 -1.174863286189398970e+01
2.489300000000000068e+01 -1.182839430531090130e+01
2.738200000000000145e+01 -1.190945932567084853e+01
3.012000000000000099e+01 -1.199217199855428539e+01
3.313199999999999790e+01 -1.207692351600962866e+01
3.644500000000000028e+01 -1.216403935292774108e+01
4.009000000000000341e+01 -1.225385149125453843e+01
4.409899999999999665e+01 -1.234666985664516226e+01
4.850900000000000034e+01 -1.244282487630200507e+01
5.335900000000000176e+01 -1.254259824357508180e+01
5.869500000000000028e+01 -1.264639848932188571e+01
6.456499999999999773e+01 -1.275450391404151418e+01
7.102100000000000080e+01 -1.286713644628763653e+01
7.812399999999999523e+01 -1.298466704519456982e+01
8.593600000000000705e+01 -1.310736147083598269e+01
9.453000000000000114e+01 -1.323549064299764488e+01
1.039830000000000041e+02 -1.336934698296507840e+01
1.143810000000000002e+02 -1.350909113130061279e+01
1.258190000000000026e+02 -1.365486898960665307e+01
1.384010000000000105e+02 -1.380669651600723924e+01
1.522410000000000139e+02 -1.396461097851263311e+01
1.674650000000000034e+02 -1.412869233528446067e+01
1.842110000000000127e+02 -1.429927402101419709e+01
2.026330000000000098e+02 -1.447688139684172093e+01
2.228959999999999866e+02 -1.466256608105086734e+01
2.451850000000000023e+02 -1.485780423532789030e+01
2.697040000000000077e+02 -1.506427956296091430e+01
2.966739999999999782e+02 -1.528382962294847758e+01
3.263419999999999845e+02 -1.551858959385250181e+01
3.589759999999999991e+02 -1.577036206206008906e+01
3.948729999999999905e+02 -1.604124757916595101e+01
