# # theta [arcmin], log_e(xim)
5.000000000000000000e-01 -1.128200265073748376e+01
5.500000000000000444e-01 -1.125919529028905863e+01
6.049999999999999822e-01 -1.123775281004248505e+01
6.660000000000000364e-01 -1.121766815720071264e+01
7.319999999999999840e-01 -1.119950547279345443e+01
8.050000000000000488e-01 -1.118290830330354879e+01
8.860000000000000098e-01 -1.116802031410263041e+01
9.739999999999999769e-01 -1.115531256105352043e+01
1.072000000000000064e+00 -1.114463553687880371e+01
1.179000000000000048e+00 -1.113641348256268238e+01
1.296999999999999931e+00 -1.113065256229309341e+01
1.427000000000000046e+00 -1.112749301061229978e+01
1.568999999999999950e+00 -1.112709519823508941e+01
1.725999999999999979e+00 -1.112962144313748958e+01
1.899000000000000021e+00 -1.113526193060102187e+01
2.088999999999999968e+00 -1.114417344340733607e+01
2.297000000000000153e+00 -1.115636912806503211e+01
2.527000000000000135e+00 -1.117205932427091852e+01
2.779999999999999805e+00 -1.119129714184178148e+01
3.057999999999999829e+00 -1.121416547980293466e+01
3.363999999999999879e+00 -1.124079748264332679e+01
3.700000000000000178e+00 -1.127120356489482589e+01
4.070000000000000284e+00 -1.130542523487076423e+01
4.477000000000000313e+00 -1.134340465594393699e+01
4.924999999999999822e+00 -1.138516657623411632e+01
5.416999999999999815e+00 -1.143058631920715129e+01
5.958999999999999631e+00 -1.147976635550323543e+01
6.554999999999999716e+00 -1.153253916211483343e+01
7.209999999999999964e+00 -1.158864498111754848e+01
7.932000000000000384e+00 -1.164808744342040114e+01
8.724999999999999645e+00 -1.171045755766971475e+01
9.596999999999999531e+00 -1.177560420888119630e+01
1.055700000000000038e+01 -1.184339632592526748e+01
1.161299999999999955e+01 -1.191349199074798548e+01
1.277399999999999913e+01 -1.198544313176173759e+01
1.405100000000000016e+01 -1.205895866530504357e+01
1.545599999999999952e+01 -1.213372630986152600e+01
1.700199999999999889e+01 -1.220937408930324963e+01
1.870200000000000173e+01 -1.228553109058502635e+01
2.057199999999999918e+01 -1.236182417269672307e+01
2.262999999999999901e+01 -1.243786978133665500e+01
2.489300000000000068e+01 -1.251328635799850453e+01
2.738200000000000145e+01 -1.258784036782920701e+01
3.012000000000000099e+01 -1.266131125612646002e+01
3.313199999999999790e+01 -1.273360098628289272e+01
3.644500000000000028e+01 -1.280456222280390399e+01
4.009000000000000341e+01 -1.287417020406446788e+01
4.409899999999999665e+01 -1.294248647300618948e+01
4.850900000000000034e+01 -1.300965274019256590e+01
5.335900000000000176e+01 -1.307585820278865363e+01
5.869500000000000028e+01 -1.314147178572627261e+01
6.456499999999999773e+01 -1.320677268816107741e+01
7.102100000000000080e+01 -1.327206306096190502e+01
7.812399999999999523e+01 -1.333783332129776156e+01
8.593600000000000705e+01 -1.340452736917220378e+01
9.453000000000000114e+01 -1.347257567785390364e+01
1.039830000000000041e+02 -1.354243844308413358e+01
1.143810000000000002e+02 -1.361443839764537778e+01
1.258190000000000026e+02 -1.368896249210592231e+01
1.384010000000000105e+02 -1.376634522608381062e+01
1.522410000000000139e+02 -1.384695550886638316e+01
1.674650000000000034e+02 -1.393115151451114642e+01
1.842110000000000127e+02 -1.401928441882319021e+01
2.026330000000000098e+02 -1.411154420795664421e+01
2.228959999999999866e+02 -1.420812686657352941e+01
2.451850000000000023e+02 -1.430911040106519572e+01
2.697040000000000077e+02 -1.441445853926666665e+01
2.966739999999999782e+02 -1.452411803539835056e+01
3.263419999999999845e+02 -1.463800839689549882e+01
3.589759999999999991e+02 -1.475594133012499931e+01
3.948729999999999905e+02 -1.487791609397528347e+01
