# # theta [arcmin], log_e(xip)
5.000000000000000000e-01 -9.049142014049344596e+00
5.500000000000000444e-01 -9.096427928517700323e+00
6.049999999999999822e-01 -9.145783726002866487e+00
6.660000000000000364e-01 -9.197663069622592502e+00
7.319999999999999840e-01 -9.250811178170277316e+00
8.050000000000000488e-01 -9.306404786143747998e+00
8.860000000000000098e-01 -9.364632995210262933e+00
9.739999999999999769e-01 -9.424258112264080722e+00
1.072000000000000064e+00 -9.486740063853350335e+00
1.179000000000000048e+00 -9.550815529606335730e+00
1.296999999999999931e+00 -9.617063671275024817e+00
1.427000000000000046e+00 -9.685325025954192313e+00
1.568999999999999950e+00 -9.754911352720329276e+00
1.725999999999999979e+00 -9.826549104247808586e+00
1.899000000000000021e+00 -9.899852567107854995e+00
2.088999999999999968e+00 -9.974437623803915187e+00
2.297000000000000153e+00 -1.004989416189662954e+01
2.527000000000000135e+00 -1.012677486418335882e+01
2.779999999999999805e+00 -1.020446157282934330e+01
3.057999999999999829e+00 -1.028266989837817214e+01
3.363999999999999879e+00 -1.036133907858954828e+01
3.700000000000000178e+00 -1.044011280974736522e+01
4.070000000000000284e+00 -1.051901909144280545e+01
4.477000000000000313e+00 -1.059778579531407949e+01
4.924999999999999822e+00 -1.067632317019750765e+01
5.416999999999999815e+00 -1.075435812078369224e+01
5.958999999999999631e+00 -1.083208368626743834e+01
6.554999999999999716e+00 -1.090936388095274800e+01
7.209999999999999964e+00 -1.098614873916526946e+01
7.932000000000000384e+00 -1.106273813811417561e+01
8.724999999999999645e+00 -1.113896203192595991e+01
9.596999999999999531e+00 -1.121507971808800441e+01
1.055700000000000038e+01 -1.129140883637736970e+01
1.161299999999999955e+01 -1.136814829381861358e+01
1.277399999999999913e+01 -1.144548272765401720e+01
1.405100000000000016e+01 -1.152373669629188413e+01
1.545599999999999952e+01 -1.160324795400979347e+01
1.700199999999999889e+01 -1.168433901101896666e+01
1.870200000000000173e+01 -1.176731977407585106e+01
2.057199999999999918e+01 -1.185256364791485950e+01
2.262999999999999901e+01 -1.194041044063605206e+01
2.489300000000000068e+01 -1.203111412951280812e+01
2.738200000000000145e+01 -1.212503732296952919e+01
3.012000000000000099e+01 -1.222251549121883407e+01
3.313199999999999790e+01 -1.232391765810708684e+01
3.644500000000000028e+01 -1.242954350040234957e+01
4.009000000000000341e+01 -1.253970623492539538e+01
4.409899999999999665e+01 -1.265467461289174977e+01
4.850900000000000034e+01 -1.277474456673261827e+01
5.335900000000000176e+01 -1.290016667420935548e+01
5.869500000000000028e+01 -1.303134055702301453e+01
6.456499999999999773e+01 -1.316851412789265474e+01
7.102100000000000080e+01 -1.331186907847569145e+01
7.812399999999999523e+01 -1.346178305346069948e+01
8.593600000000000705e+01 -1.361850812782263809e+01
9.453000000000000114e+01 -1.378233790520420854e+01
1.039830000000000041e+02 -1.395363235611162978e+01
1.143810000000000002e+02 -1.413259947087104251e+01
1.258190000000000026e+02 -1.431946666432030035e+01
1.384010000000000105e+02 -1.451438712013059273e+01
1.522410000000000139e+02 -1.471765038780978863e+01
1.674650000000000034e+02 -1.492973742207347954e+01
1.842110000000000127e+02 -1.515167698346344771e+01
2.026330000000000098e+02 -1.538463892715885173e+01
2.228959999999999866e+02 -1.563046271023964984e+01
2.451850000000000023e+02 -1.589154909643316849e+01
2.697040000000000077e+02 -1.617099971562426219e+01
2.966739999999999782e+02 -1.647311981532656233e+01
3.263419999999999845e+02 -1.680421399179022401e+01
3.589759999999999991e+02 -1.717248590778950756e+01
3.948729999999999905e+02 -1.759260633290299580e+01
