# # theta [arcmin], log_e(xim)
5.000000000000000000e-01 -1.114275736449229015e+01
5.500000000000000444e-01 -1.111808863747124398e+01
6.049999999999999822e-01 -1.109443094287162523e+01
6.660000000000000364e-01 -1.107173163104176972e+01
7.319999999999999840e-01 -1.105059872779910179e+01
8.050000000000000488e-01 -1.103059870338077531e+01
8.860000000000000098e-01 -1.101183749867399264e+01
9.739999999999999769e-01 -1.099485216914636254e+01
1.072000000000000064e+00 -1.097937619013726085e+01
1.179000000000000048e+00 -1.096591276333447595e+01
1.296999999999999931e+00 -1.095441543101260784e+01
1.427000000000000046e+00 -1.094502693101962265e+01
1.568999999999999950e+00 -1.093796965342338545e+01
1.725999999999999979e+00 -1.093333507573148466e+01
1.899000000000000021e+00 -1.093135306870128431e+01
2.088999999999999968e+00 -1.093222663732358058e+01
2.297000000000000153e+00 -1.093602843303853156e+01
2.527000000000000135e+00 -1.094292379748238808e+01
2.779999999999999805e+00 -1.095305428107970158e+01
3.057999999999999829e+00 -1.096656340667811946e+01
3.363999999999999879e+00 -1.098362751012453842e+01
3.700000000000000178e+00 -1.100433894612972630e+01
4.070000000000000284e+00 -1.102878288839592003e+01
4.477000000000000313e+00 -1.105698716533362003e+01
4.924999999999999822e+00 -1.108904431134127222e+01
5.416999999999999815e+00 -1.112493413802671505e+01
5.958999999999999631e+00 -1.116480914176261052e+01
6.554999999999999716e+00 -1.120860532599051496e+01
7.209999999999999964e+00 -1.125615837395541874e+01
7.932000000000000384e+00 -1.130752560601419709e+01
8.724999999999999645e+00 -1.136241884524373091e+01
9.596999999999999531e+00 -1.142076296117706313e+01
1.055700000000000038e+01 -1.148250295815898170e+01
1.161299999999999955e+01 -1.154738068713450971e+01
1.277399999999999913e+01 -1.161502485942436813e+01
1.405100000000000016e+01 -1.168520089351953395e+01
1.545599999999999952e+01 -1.175764818068859796e+01
1.700199999999999889e+01 -1.183203656210646670e+01
1.870200000000000173e+01 -1.190801711393484474e+01
2.057199999999999918e+01 -1.198521298029940851e+01
2.262999999999999901e+01 -1.206320665613226595e+01
2.489300000000000068e+01 -1.214155724965998928e+01
2.738200000000000145e+01 -1.221994076490419801e+01
3.012000000000000099e+01 -1.229801316900859298e+01
3.313199999999999790e+01 -1.237552923207297439e+01
3.644500000000000028e+01 -1.245216194858498859e+01
4.009000000000000341e+01 -1.252768744255729949e+01
4.409899999999999665e+01 -1.260196283977996679e+01
4.850900000000000034e+01 -1.267492333966109719e+01
5.335900000000000176e+01 -1.274654749562584399e+01
5.869500000000000028e+01 -1.281701883380472218e+01
6.456499999999999773e+01 -1.288644220865229428e+01
7.102100000000000080e+01 -1.295497865510012048e+01
7.812399999999999523e+01 -1.302301273491050715e+01
8.593600000000000705e+01 -1.309090976949964080e+01
9.453000000000000114e+01 -1.315904759019628045e+01
1.039830000000000041e+02 -1.322786556976449113e+01
1.143810000000000002e+02 -1.329769283598998264e+01
1.258190000000000026e+02 -1.336894573390402208e+01
1.384010000000000105e+02 -1.344200268604223325e+01
1.522410000000000139e+02 -1.351730703065298123e+01
1.674650000000000034e+02 -1.359531855819600565e+01
1.842110000000000127e+02 -1.367650890453552393e+01
2.026330000000000098e+02 -1.376120420739295191e+01
2.228959999999999866e+02 -1.384971367234679818e+01
2.451850000000000023e+02 -1.394218823391125106e+01
2.697040000000000077e+02 -1.403862248477854280e+01
2.966739999999999782e+02 -1.413897539874657383e+01
3.263419999999999845e+02 -1.424318262545991409e+01
3.589759999999999991e+02 -1.435108013730533116e+01
3.948729999999999905e+02 -1.446270034476770050e+01
