# # theta [arcmin], log_e(xim)
5.000000000000000000e-01 -1.163072761330925786e+01
5.500000000000000444e-01 -1.160652617674796794e+01
6.049999999999999822e-01 -1.158330715756576268e+01
6.660000000000000364e-01 -1.156101652357091680e+01
7.319999999999999840e-01 -1.154024969472955497e+01
8.050000000000000488e-01 -1.152057656009284692e+01
8.860000000000000098e-01 -1.150209928016537475e+01
9.739999999999999769e-01 -1.148534337241417091e+01
1.072000000000000064e+00 -1.147004319427723296e+01
1.179000000000000048e+00 -1.145669259042077037e+01
1.296999999999999931e+00 -1.144523971405994978e+01
1.427000000000000046e+00 -1.143582091561337855e+01
1.568999999999999950e+00 -1.142865141437572163e+01
1.725999999999999979e+00 -1.142381537515317014e+01
1.899000000000000021e+00 -1.142153568718197931e+01
2.088999999999999968e+00 -1.142200855783510960e+01
2.297000000000000153e+00 -1.142530202532916483e+01
2.527000000000000135e+00 -1.143156946619493475e+01
2.779999999999999805e+00 -1.144095090979014095e+01
3.057999999999999829e+00 -1.145358449020567448e+01
3.363999999999999879e+00 -1.146964090505459666e+01
3.700000000000000178e+00 -1.148921479774507937e+01
4.070000000000000284e+00 -1.151238860910313200e+01
4.477000000000000313e+00 -1.153919161992929077e+01
4.924999999999999822e+00 -1.156972272050627737e+01
5.416999999999999815e+00 -1.160397180786059401e+01
5.958999999999999631e+00 -1.164209939371649050e+01
6.554999999999999716e+00 -1.168405939726864595e+01
7.209999999999999964e+00 -1.172970804025706926e+01
7.932000000000000384e+00 -1.177912305725972786e+01
8.724999999999999645e+00 -1.183205059642753731e+01
9.596999999999999531e+00 -1.188844849478193666e+01
1.055700000000000038e+01 -1.194829689219693236e+01
1.161299999999999955e+01 -1.201138173887544802e+01
1.277399999999999913e+01 -1.207737956367715171e+01
1.405100000000000016e+01 -1.214610141359701423e+01
1.545599999999999952e+01 -1.221733421968721700e+01
1.700199999999999889e+01 -1.229079471770616294e+01
1.870200000000000173e+01 -1.236617496796461424e+01
2.057199999999999918e+01 -1.244313030057607783e+01
2.262999999999999901e+01 -1.252126186098306704e+01
2.489300000000000068e+01 -1.260013145352004216e+01
2.738200000000000145e+01 -1.267939698222699896e+01
3.012000000000000099e+01 -1.275867384332888044e+01
3.313199999999999790e+01 -1.283764995704299494e+01
3.644500000000000028e+01 -1.291590342661140767e+01
4.009000000000000341e+01 -1.299308752676787826e+01
4.409899999999999665e+01 -1.306891834965630395e+01
4.850900000000000034e+01 -1.314317034888532376e+01
5.335900000000000176e+01 -1.321564820961047637e+01
5.869500000000000028e+01 -1.328636163586394581e+01
6.456499999999999773e+01 -1.335524228892955101e+01
7.102100000000000080e+01 -1.342229685949487994e+01
7.812399999999999523e+01 -1.348777134341729500e+01
8.593600000000000705e+01 -1.355192089076333239e+01
9.453000000000000114e+01 -1.361503806396091676e+01
1.039830000000000041e+02 -1.367751190840699493e+01
1.143810000000000002e+02 -1.373964919532704165e+01
1.258190000000000026e+02 -1.380186902817372996e+01
1.384010000000000105e+02 -1.386457276413377571e+01
1.522410000000000139e+02 -1.392826165011032735e+01
1.674650000000000034e+02 -1.399348979628418554e+01
1.842110000000000127e+02 -1.406086367593055009e+01
2.026330000000000098e+02 -1.413090194534746935e+01
2.228959999999999866e+02 -1.420413388835670077e+01
2.451850000000000023e+02 -1.428089813757910775e+01
2.697040000000000077e+02 -1.436124116771228465e+01
2.966739999999999782e+02 -1.444498233976962709e+01
3.263419999999999845e+02 -1.453189320327035361e+01
3.589759999999999991e+02 -1.462171468475562897e+01
3.948729999999999905e+02 -1.471434037279502149e+01
