# # theta [arcmin], log_e(xim)
5.000000000000000000e-01 -1.117916547459434717e+01
5.500000000000000444e-01 -1.115670452407528401e+01
6.049999999999999822e-01 -1.113573775378752373e+01
6.660000000000000364e-01 -1.111627307504197582e+01
7.319999999999999840e-01 -1.109886275571683001e+01
8.050000000000000488e-01 -1.108317368031111627e+01
8.860000000000000098e-01 -1.106935821779753049e+01
9.739999999999999769e-01 -1.105786987810916422e+01
1.072000000000000064e+00 -1.104859225722000282e+01
1.179000000000000048e+00 -1.104192670603033122e+01
1.296999999999999931e+00 -1.103789387214486517e+01
1.427000000000000046e+00 -1.103663041826111701e+01
1.568999999999999950e+00 -1.103827763673083950e+01
1.725999999999999979e+00 -1.104301684023727859e+01
1.899000000000000021e+00 -1.105102520451266201e+01
2.088999999999999968e+00 -1.106244301513084594e+01
2.297000000000000153e+00 -1.107726292363724774e+01
2.527000000000000135e+00 -1.109570703191799446e+01
2.779999999999999805e+00 -1.111779827615126059e+01
3.057999999999999829e+00 -1.114359820027866199e+01
3.363999999999999879e+00 -1.117322558565345858e+01
3.700000000000000178e+00 -1.120665989040641719e+01
4.070000000000000284e+00 -1.124392557274994076e+01
4.477000000000000313e+00 -1.128493368533119856e+01
4.924999999999999822e+00 -1.132968016828869828e+01
5.416999999999999815e+00 -1.137800391406364220e+01
5.958999999999999631e+00 -1.142997775014961803e+01
6.554999999999999716e+00 -1.148539493186880023e+01
7.209999999999999964e+00 -1.154395122466791435e+01
7.932000000000000384e+00 -1.160561910091300497e+01
8.724999999999999645e+00 -1.166993805281895824e+01
9.596999999999999531e+00 -1.173671697616510734e+01
1.055700000000000038e+01 -1.180578531902754769e+01
1.161299999999999955e+01 -1.187676213582051155e+01
1.277399999999999913e+01 -1.194916648019167127e+01
1.405100000000000016e+01 -1.202268432459812963e+01
1.545599999999999952e+01 -1.209698992587671107e+01
1.700199999999999889e+01 -1.217170812770652688e+01
1.870200000000000173e+01 -1.224648347459053355e+01
2.057199999999999918e+01 -1.232097476002792291e+01
2.262999999999999901e+01 -1.239485293510653285e+01
2.489300000000000068e+01 -1.246780942690636351e+01
2.738200000000000145e+01 -1.253970148842946131e+01
3.012000000000000099e+01 -1.261041588317040762e+01
3.313199999999999790e+01 -1.267997281644376883e+01
3.644500000000000028e+01 -1.274835212935938422e+01
4.009000000000000341e+01 -1.281565434605639453e+01
4.409899999999999665e+01 -1.288206265571577624e+01
4.850900000000000034e+01 -1.294782830676499685e+01
5.335900000000000176e+01 -1.301323860545726419e+01
5.869500000000000028e+01 -1.307873939212921499e+01
6.456499999999999773e+01 -1.314466675898160020e+01
7.102100000000000080e+01 -1.321135799243835685e+01
7.812399999999999523e+01 -1.327931664748806639e+01
8.593600000000000705e+01 -1.334898359030869130e+01
9.453000000000000114e+01 -1.342077210864050762e+01
1.039830000000000041e+02 -1.349511108466674969e+01
1.143810000000000002e+02 -1.357228128217477092e+01
1.258190000000000026e+02 -1.365261734851797826e+01
1.384010000000000105e+02 -1.373640274871056910e+01
1.522410000000000139e+02 -1.382394270883609266e+01
1.674650000000000034e+02 -1.391552627144758425e+01
1.842110000000000127e+02 -1.401142727152661749e+01
2.026330000000000098e+02 -1.411173931617341104e+01
2.228959999999999866e+02 -1.421656500734419026e+01
2.451850000000000023e+02 -1.432591510372938437e+01
2.697040000000000077e+02 -1.443972886908535536e+01
2.966739999999999782e+02 -1.455794294520697996e+01
3.263419999999999845e+02 -1.468047529598551115e+01
3.589759999999999991e+02 -1.480716324020198371e+01
3.948729999999999905e+02 -1.493800353392332525e+01
