# # theta [arcmin], log_e(xip)
5.000000000000000000e-01 -8.694717075469355905e+00
5.500000000000000444e-01 -8.740164257606862108e+00
6.049999999999999822e-01 -8.787697647527840772e+00
6.660000000000000364e-01 -8.837775248314134302e+00
7.319999999999999840e-01 -8.889205148365206810e+00
8.050000000000000488e-01 -8.943147782652051347e+00
8.860000000000000098e-01 -8.999813679543107625e+00
9.739999999999999769e-01 -9.058023658551995538e+00
1.072000000000000064e+00 -9.119229907735634910e+00
1.179000000000000048e+00 -9.182223385350432920e+00
1.296999999999999931e+00 -9.247599761782183236e+00
1.427000000000000046e+00 -9.315232774993607023e+00
1.568999999999999950e+00 -9.384465570872164264e+00
1.725999999999999979e+00 -9.456045788785509387e+00
1.899000000000000021e+00 -9.529615215114942472e+00
2.088999999999999968e+00 -9.604807381499865571e+00
2.297000000000000153e+00 -9.681222627100613209e+00
2.527000000000000135e+00 -9.759434136070375132e+00
2.779999999999999805e+00 -9.838822164446508367e+00
3.057999999999999829e+00 -9.919095322561677364e+00
3.363999999999999879e+00 -1.000018459358808975e+01
3.700000000000000178e+00 -1.008170721361887523e+01
4.070000000000000284e+00 -1.016367379062602794e+01
4.477000000000000313e+00 -1.024577731821276849e+01
4.924999999999999822e+00 -1.032789361328872779e+01
5.416999999999999815e+00 -1.040970116134541890e+01
5.958999999999999631e+00 -1.049136594164478353e+01
6.554999999999999716e+00 -1.057270651013800844e+01
7.209999999999999964e+00 -1.065363395960699755e+01
7.932000000000000384e+00 -1.073443120826797070e+01
8.724999999999999645e+00 -1.081488776253086925e+01
9.596999999999999531e+00 -1.089525157279956780e+01
1.055700000000000038e+01 -1.097583811884731908e+01
1.161299999999999955e+01 -1.105684392482749523e+01
1.277399999999999913e+01 -1.113844960169897114e+01
1.405100000000000016e+01 -1.122099194275199885e+01
1.545599999999999952e+01 -1.130482164556773306e+01
1.700199999999999889e+01 -1.139027783621195056e+01
1.870200000000000173e+01 -1.147768863850418519e+01
2.057199999999999918e+01 -1.156744817885040355e+01
2.262999999999999901e+01 -1.165991246533044290e+01
2.489300000000000068e+01 -1.175534804318323445e+01
2.738200000000000145e+01 -1.185413462311029420e+01
3.012000000000000099e+01 -1.195662108464312290e+01
3.313199999999999790e+01 -1.206319521351068502e+01
3.644500000000000028e+01 -1.217416689079959724e+01
4.009000000000000341e+01 -1.228985629179714145e+01
4.409899999999999665e+01 -1.241054263807880531e+01
4.850900000000000034e+01 -1.253652889454799713e+01
5.335900000000000176e+01 -1.266806747103167297e+01
5.869500000000000028e+01 -1.280557685348550123e+01
6.456499999999999773e+01 -1.294931089607070263e+01
7.102100000000000080e+01 -1.309944844150627752e+01
7.812399999999999523e+01 -1.325638689110056490e+01
8.593600000000000705e+01 -1.342039886193560072e+01
9.453000000000000114e+01 -1.359179037293524495e+01
1.039830000000000041e+02 -1.377096175662359379e+01
1.143810000000000002e+02 -1.395814058937749635e+01
1.258190000000000026e+02 -1.415360308654982724e+01
1.384010000000000105e+02 -1.435755358034931284e+01
1.522410000000000139e+02 -1.457039166288928023e+01
1.674650000000000034e+02 -1.479276487534656503e+01
1.842110000000000127e+02 -1.502600256619744812e+01
2.026330000000000098e+02 -1.527157437775118254e+01
2.228959999999999866e+02 -1.553175002385260406e+01
2.451850000000000023e+02 -1.580951816616455297e+01
2.697040000000000077e+02 -1.610891690482881344e+01
2.966739999999999782e+02 -1.643578576120949819e+01
3.263419999999999845e+02 -1.679931070334706433e+01
3.589759999999999991e+02 -1.721301616262887890e+01
3.948729999999999905e+02 -1.770370669130089070e+01
