# # theta [arcmin], log_e(xim)
5.000000000000000000e-01 -1.167589779135448680e+01
5.500000000000000444e-01 -1.165084911803501555e+01
6.049999999999999822e-01 -1.162720855757902072e+01
6.660000000000000364e-01 -1.160495183239306982e+01
7.319999999999999840e-01 -1.158469164280438335e+01
8.050000000000000488e-01 -1.156602301763221341e+01
8.860000000000000098e-01 -1.154907775455378882e+01
9.739999999999999769e-01 -1.153436291385930978e+01
1.072000000000000064e+00 -1.152167170203536628e+01
1.179000000000000048e+00 -1.151145754289520973e+01
1.296999999999999931e+00 -1.150369519527908402e+01
1.427000000000000046e+00 -1.149851479918712727e+01
1.568999999999999950e+00 -1.149607719750048496e+01
1.725999999999999979e+00 -1.149650502140289277e+01
1.899000000000000021e+00 -1.149998061227534585e+01
2.088999999999999968e+00 -1.150664721449393646e+01
2.297000000000000153e+00 -1.151651058383577819e+01
2.527000000000000135e+00 -1.152974044772431306e+01
2.779999999999999805e+00 -1.154638669980649546e+01
3.057999999999999829e+00 -1.156652088089148656e+01
3.363999999999999879e+00 -1.159026060807377334e+01
3.700000000000000178e+00 -1.161761276284556388e+01
4.070000000000000284e+00 -1.164860556441272443e+01
4.477000000000000313e+00 -1.168318272888426179e+01
4.924999999999999822e+00 -1.172136761343154454e+01
5.416999999999999815e+00 -1.176305077196474436e+01
5.958999999999999631e+00 -1.180833048274113040e+01
6.554999999999999716e+00 -1.185706149356820305e+01
7.209999999999999964e+00 -1.190900391591087626e+01
7.932000000000000384e+00 -1.196416795025178814e+01
8.724999999999999645e+00 -1.202218315192516940e+01
9.596999999999999531e+00 -1.208291792988141289e+01
1.055700000000000038e+01 -1.214625908194432746e+01
1.161299999999999955e+01 -1.221189073785306967e+01
1.277399999999999913e+01 -1.227938920785436139e+01
1.405100000000000016e+01 -1.234847434901091034e+01
1.545599999999999952e+01 -1.241884194595702162e+01
1.700199999999999889e+01 -1.249012345234795696e+01
1.870200000000000173e+01 -1.256194305604986994e+01
2.057199999999999918e+01 -1.263390729664553369e+01
2.262999999999999901e+01 -1.270559967284418867e+01
2.489300000000000068e+01 -1.277659908878273320e+01
2.738200000000000145e+01 -1.284661712934412847e+01
3.012000000000000099e+01 -1.291536912691756989e+01
3.313199999999999790e+01 -1.298268448195573121e+01
3.644500000000000028e+01 -1.304834044458063325e+01
4.009000000000000341e+01 -1.311222940004887505e+01
4.409899999999999665e+01 -1.317434006314530315e+01
4.850900000000000034e+01 -1.323474794852741709e+01
5.335900000000000176e+01 -1.329358476960786462e+01
5.869500000000000028e+01 -1.335116666485176928e+01
6.456499999999999773e+01 -1.340773478815886932e+01
7.102100000000000080e+01 -1.346357352019807507e+01
7.812399999999999523e+01 -1.351915297680087136e+01
8.593600000000000705e+01 -1.357492087921017543e+01
9.453000000000000114e+01 -1.363132157922189158e+01
1.039830000000000041e+02 -1.368883561717623820e+01
1.143810000000000002e+02 -1.374781733064906142e+01
1.258190000000000026e+02 -1.380869384463735194e+01
1.384010000000000105e+02 -1.387188293963199648e+01
1.522410000000000139e+02 -1.393787210904427276e+01
1.674650000000000034e+02 -1.400717385324130859e+01
1.842110000000000127e+02 -1.408028163648642916e+01
2.026330000000000098e+02 -1.415745045503518007e+01
2.228959999999999866e+02 -1.423879916513556232e+01
2.451850000000000023e+02 -1.432423222992324874e+01
2.697040000000000077e+02 -1.441354394163812103e+01
2.966739999999999782e+02 -1.450656213583416410e+01
3.263419999999999845e+02 -1.460318074822823675e+01
3.589759999999999991e+02 -1.470332414033351043e+01
3.948729999999999905e+02 -1.480711202348138400e+01
