# # theta [arcmin], log_e(xip)
5.000000000000000000e-01 -8.519378577634112659e+00
5.500000000000000444e-01 -8.562435880323223003e+00
6.049999999999999822e-01 -8.607545233126874251e+00
6.660000000000000364e-01 -8.655165286524090007e+00
7.319999999999999840e-01 -8.704186845478997014e+00
8.050000000000000488e-01 -8.755741031912569028e+00
8.860000000000000098e-01 -8.810064705759566905e+00
9.739999999999999769e-01 -8.866059417193016046e+00
1.072000000000000064e+00 -8.925157670351090644e+00
1.179000000000000048e+00 -8.986231686553766806e+00
1.296999999999999931e+00 -9.049898097234075678e+00
1.427000000000000046e+00 -9.116076193586099663e+00
1.568999999999999950e+00 -9.184162034353750670e+00
1.725999999999999979e+00 -9.254931753384182613e+00
1.899000000000000021e+00 -9.328072658920303795e+00
2.088999999999999968e+00 -9.403255199865094838e+00
2.297000000000000153e+00 -9.480107479999762887e+00
2.527000000000000135e+00 -9.559233388097467810e+00
2.779999999999999805e+00 -9.640028195593647098e+00
3.057999999999999829e+00 -9.722203366959016435e+00
3.363999999999999879e+00 -9.805688109882563452e+00
3.700000000000000178e+00 -9.890073918914708884e+00
4.070000000000000284e+00 -9.975350968668388774e+00
4.477000000000000313e+00 -1.006116925910722948e+01
4.924999999999999822e+00 -1.014735486526031316e+01
5.416999999999999815e+00 -1.023351694889845120e+01
5.958999999999999631e+00 -1.031976904741564560e+01
6.554999999999999716e+00 -1.040585372523502095e+01
7.209999999999999964e+00 -1.049161115419506096e+01
7.932000000000000384e+00 -1.057727455660799443e+01
8.724999999999999645e+00 -1.066255661063004112e+01
9.596999999999999531e+00 -1.074766229493735459e+01
1.055700000000000038e+01 -1.083287669527161690e+01
1.161299999999999955e+01 -1.091836402300469366e+01
1.277399999999999913e+01 -1.100428302261143543e+01
1.405100000000000016e+01 -1.109095925202970001e+01
1.545599999999999952e+01 -1.117874299071226751e+01
1.700199999999999889e+01 -1.126797658721882023e+01
1.870200000000000173e+01 -1.135899909601305779e+01
2.057199999999999918e+01 -1.145221896415302965e+01
2.262999999999999901e+01 -1.154799942778927502e+01
2.489300000000000068e+01 -1.164661584166061914e+01
2.738200000000000145e+01 -1.174846199296940341e+01
3.012000000000000099e+01 -1.185389467784929352e+01
3.313199999999999790e+01 -1.196331707331932392e+01
3.644500000000000028e+01 -1.207704480368410316e+01
4.009000000000000341e+01 -1.219540019922751206e+01
4.409899999999999665e+01 -1.231866614515241309e+01
4.850900000000000034e+01 -1.244714877876587167e+01
5.335900000000000176e+01 -1.258109458528225488e+01
5.869500000000000028e+01 -1.272093072204970987e+01
6.456499999999999773e+01 -1.286690366381367312e+01
7.102100000000000080e+01 -1.301917702352428208e+01
7.812399999999999523e+01 -1.317814938048971385e+01
8.593600000000000705e+01 -1.334408793596512410e+01
9.453000000000000114e+01 -1.351727808721106072e+01
1.039830000000000041e+02 -1.369811337451705846e+01
1.143810000000000002e+02 -1.388679949195789298e+01
1.258190000000000026e+02 -1.408360911208981214e+01
1.384010000000000105e+02 -1.428873248036435939e+01
1.522410000000000139e+02 -1.450256453982071392e+01
1.674650000000000034e+02 -1.472572329830805771e+01
1.842110000000000127e+02 -1.495949015546054284e+01
2.026330000000000098e+02 -1.520529821353859745e+01
2.228959999999999866e+02 -1.546555017668386434e+01
2.451850000000000023e+02 -1.574347195394955357e+01
2.697040000000000077e+02 -1.604337879278474688e+01
2.966739999999999782e+02 -1.637168397687170085e+01
3.263419999999999845e+02 -1.673843298728240470e+01
3.589759999999999991e+02 -1.715817680173674020e+01
3.948729999999999905e+02 -1.766074445173469698e+01
