# # theta [arcmin], log_e(xim)
5.000000000000000000e-01 -1.218597006322499610e+01
5.500000000000000444e-01 -1.216101859480605185e+01
6.049999999999999822e-01 -1.213656878462055744e+01
6.660000000000000364e-01 -1.211250452768959107e+01
7.319999999999999840e-01 -1.208942483177218463e+01
8.050000000000000488e-01 -1.206680995819685798e+01
8.860000000000000098e-01 -1.204469369556222347e+01
9.739999999999999769e-01 -1.202363342899173126e+01
1.072000000000000064e+00 -1.200320674311704394e+01
1.179000000000000048e+00 -1.198395506033926416e+01
1.296999999999999931e+00 -1.196572717917539919e+01
1.427000000000000046e+00 -1.194862058002742700e+01
1.568999999999999950e+00 -1.193288090264731771e+01
1.725999999999999979e+00 -1.191845382507875861e+01
1.899000000000000021e+00 -1.190555391662395479e+01
2.088999999999999968e+00 -1.189438429352163951e+01
2.297000000000000153e+00 -1.188504172911748391e+01
2.527000000000000135e+00 -1.187754243489988681e+01
2.779999999999999805e+00 -1.187209022020396176e+01
3.057999999999999829e+00 -1.186885011901825671e+01
3.363999999999999879e+00 -1.186798214757186187e+01
3.700000000000000178e+00 -1.186964698142201513e+01
4.070000000000000284e+00 -1.187392345410373018e+01
4.477000000000000313e+00 -1.188091676949890818e+01
4.924999999999999822e+00 -1.189077589242686095e+01
5.416999999999999815e+00 -1.190361718889804621e+01
5.958999999999999631e+00 -1.191962398341628848e+01
6.554999999999999716e+00 -1.193888924255573869e+01
7.209999999999999964e+00 -1.196140982354843807e+01
7.932000000000000384e+00 -1.198731726818362020e+01
8.724999999999999645e+00 -1.201658615164486932e+01
9.596999999999999531e+00 -1.204930208630024779e+01
1.055700000000000038e+01 -1.208557844396326431e+01
1.161299999999999955e+01 -1.212539463201382972e+01
1.277399999999999913e+01 -1.216863660087384069e+01
1.405100000000000016e+01 -1.221529423398060032e+01
1.545599999999999952e+01 -1.226535609212430522e+01
1.700199999999999889e+01 -1.231876978630341490e+01
1.870200000000000173e+01 -1.237546905310924572e+01
2.057199999999999918e+01 -1.243534242391181976e+01
2.262999999999999901e+01 -1.249822576489929382e+01
2.489300000000000068e+01 -1.256393200489773143e+01
2.738200000000000145e+01 -1.263234758399326729e+01
3.012000000000000099e+01 -1.270331329763440387e+01
3.313199999999999790e+01 -1.277671232387766409e+01
3.644500000000000028e+01 -1.285228127986955293e+01
4.009000000000000341e+01 -1.292976687248409817e+01
4.409899999999999665e+01 -1.300893023326762510e+01
4.850900000000000034e+01 -1.308953129740966936e+01
5.335900000000000176e+01 -1.317126059730402154e+01
5.869500000000000028e+01 -1.325392699308672917e+01
6.456499999999999773e+01 -1.333712899680322828e+01
7.102100000000000080e+01 -1.342044803629475247e+01
7.812399999999999523e+01 -1.350360769152809048e+01
8.593600000000000705e+01 -1.358623782849698181e+01
9.453000000000000114e+01 -1.366793314910986190e+01
1.039830000000000041e+02 -1.374833239873870738e+01
1.143810000000000002e+02 -1.382693901470746489e+01
1.258190000000000026e+02 -1.390339413339021846e+01
1.384010000000000105e+02 -1.397729693231668868e+01
1.522410000000000139e+02 -1.404830856390733906e+01
1.674650000000000034e+02 -1.411614711188102689e+01
1.842110000000000127e+02 -1.418077917914127184e+01
2.026330000000000098e+02 -1.424243584735251922e+01
2.228959999999999866e+02 -1.430184196280235476e+01
2.451850000000000023e+02 -1.435998276591291933e+01
2.697040000000000077e+02 -1.441783415390731626e+01
2.966739999999999782e+02 -1.447583727100949069e+01
3.263419999999999845e+02 -1.453321726997027952e+01
3.589759999999999991e+02 -1.458781393926117254e+01
3.948729999999999905e+02 -1.463707241532292613e+01
