# # theta [arcmin], log_e(xim)
5.000000000000000000e-01 -1.221247268214289683e+01
5.500000000000000444e-01 -1.218278882970617083e+01
6.049999999999999822e-01 -1.215406613554134729e+01
6.660000000000000364e-01 -1.212620601489575023e+01
7.319999999999999840e-01 -1.209993780973557698e+01
8.050000000000000488e-01 -1.207470654546049715e+01
8.860000000000000098e-01 -1.205059536031879297e+01
9.739999999999999769e-01 -1.202824249334352835e+01
1.072000000000000064e+00 -1.200723719673980661e+01
1.179000000000000048e+00 -1.198817820673371592e+01
1.296999999999999931e+00 -1.197094914127156251e+01
1.427000000000000046e+00 -1.195568473522340547e+01
1.568999999999999950e+00 -1.194263849205962558e+01
1.725999999999999979e+00 -1.193181173530415151e+01
1.899000000000000021e+00 -1.192343407015491508e+01
2.088999999999999968e+00 -1.191770540785770116e+01
2.297000000000000153e+00 -1.191469969276477237e+01
2.527000000000000135e+00 -1.191449004005752244e+01
2.779999999999999805e+00 -1.191723154501099380e+01
3.057999999999999829e+00 -1.192305317613764970e+01
3.363999999999999879e+00 -1.193209530538492302e+01
3.700000000000000178e+00 -1.194444834707771186e+01
4.070000000000000284e+00 -1.196015973476988492e+01
4.477000000000000313e+00 -1.197925313882623932e+01
4.924999999999999822e+00 -1.200180729132942048e+01
5.416999999999999815e+00 -1.202782035698922769e+01
5.958999999999999631e+00 -1.205742008124898312e+01
6.554999999999999716e+00 -1.209057060937629124e+01
7.209999999999999964e+00 -1.212713966106403873e+01
7.932000000000000384e+00 -1.216718102498346354e+01
8.724999999999999645e+00 -1.221048817966862643e+01
9.596999999999999531e+00 -1.225702726043398982e+01
1.055700000000000038e+01 -1.230678774563594757e+01
1.161299999999999955e+01 -1.235959219123114750e+01
1.277399999999999913e+01 -1.241516142943978629e+01
1.405100000000000016e+01 -1.247333790025437139e+01
1.545599999999999952e+01 -1.253395024210910513e+01
1.700199999999999889e+01 -1.259676806447184383e+01
1.870200000000000173e+01 -1.266154177423347882e+01
2.057199999999999918e+01 -1.272797640588320256e+01
2.262999999999999901e+01 -1.279572036111331634e+01
2.489300000000000068e+01 -1.286438796062387269e+01
2.738200000000000145e+01 -1.293367007999948015e+01
3.012000000000000099e+01 -1.300320617523626510e+01
3.313199999999999790e+01 -1.307268408481722055e+01
3.644500000000000028e+01 -1.314166088229631235e+01
4.009000000000000341e+01 -1.320972845330167900e+01
4.409899999999999665e+01 -1.327651389056493514e+01
4.850900000000000034e+01 -1.334167366008937528e+01
5.335900000000000176e+01 -1.340485494386912713e+01
5.869500000000000028e+01 -1.346586405575734169e+01
6.456499999999999773e+01 -1.352439812592941770e+01
7.102100000000000080e+01 -1.358022264879179808e+01
7.812399999999999523e+01 -1.363332234339333127e+01
8.593600000000000705e+01 -1.368371504610936995e+01
9.453000000000000114e+01 -1.373146632860662919e+01
1.039830000000000041e+02 -1.377676303367026200e+01
1.143810000000000002e+02 -1.381982093430340974e+01
1.258190000000000026e+02 -1.386117414995841735e+01
1.384010000000000105e+02 -1.390158404763501920e+01
1.522410000000000139e+02 -1.394206259164729822e+01
1.674650000000000034e+02 -1.398368107469677213e+01
1.842110000000000127e+02 -1.402730092624906177e+01
2.026330000000000098e+02 -1.407311693913094963e+01
2.228959999999999866e+02 -1.412063832546051856e+01
2.451850000000000023e+02 -1.416876194041174664e+01
2.697040000000000077e+02 -1.421627592716662569e+01
2.966739999999999782e+02 -1.426242363772550448e+01
3.263419999999999845e+02 -1.430707880109324748e+01
3.589759999999999991e+02 -1.435075832256808503e+01
3.948729999999999905e+02 -1.439458914844284898e+01
