# # theta [arcmin], log_e(xim)
5.000000000000000000e-01 -1.137675605497526909e+01
5.500000000000000444e-01 -1.135168880723160889e+01
6.049999999999999822e-01 -1.132740320257045141e+01
6.660000000000000364e-01 -1.130381512011385503e+01
7.319999999999999840e-01 -1.128153917852878863e+01
8.050000000000000488e-01 -1.126009729408708715e+01
8.860000000000000098e-01 -1.123956647995164282e+01
9.739999999999999769e-01 -1.122049991063828323e+01
1.072000000000000064e+00 -1.120256035875531353e+01
1.179000000000000048e+00 -1.118627559596125742e+01
1.296999999999999931e+00 -1.117155595388278400e+01
1.427000000000000046e+00 -1.115852981665332422e+01
1.568999999999999950e+00 -1.114743756942221253e+01
1.725999999999999979e+00 -1.113831276878927490e+01
1.899000000000000021e+00 -1.113138631340829754e+01
2.088999999999999968e+00 -1.112687154078219898e+01
2.297000000000000153e+00 -1.112486290664987365e+01
2.527000000000000135e+00 -1.112547091088120332e+01
2.779999999999999805e+00 -1.112887944993537204e+01
3.057999999999999829e+00 -1.113525507601355358e+01
3.363999999999999879e+00 -1.114478223394616307e+01
3.700000000000000178e+00 -1.115759923013086308e+01
4.070000000000000284e+00 -1.117380815820484408e+01
4.477000000000000313e+00 -1.119348749110480945e+01
4.924999999999999822e+00 -1.121677386047716318e+01
5.416999999999999815e+00 -1.124372309526531843e+01
5.958999999999999631e+00 -1.127452450218189917e+01
6.554999999999999716e+00 -1.130919962304260373e+01
7.209999999999999964e+00 -1.134766953447923754e+01
7.932000000000000384e+00 -1.139004610433354081e+01
8.724999999999999645e+00 -1.143616351772604744e+01
9.596999999999999531e+00 -1.148603332190201165e+01
1.055700000000000038e+01 -1.153969119247912722e+01
1.161299999999999955e+01 -1.159698980691842962e+01
1.277399999999999913e+01 -1.165767381885706477e+01
1.405100000000000016e+01 -1.172161042234378847e+01
1.545599999999999952e+01 -1.178864668776281377e+01
1.700199999999999889e+01 -1.185856311597215651e+01
1.870200000000000173e+01 -1.193111235285068972e+01
2.057199999999999918e+01 -1.200600253038027887e+01
2.262999999999999901e+01 -1.208287938269310757e+01
2.489300000000000068e+01 -1.216134443421829303e+01
2.738200000000000145e+01 -1.224108094735896124e+01
3.012000000000000099e+01 -1.232171696986093856e+01
3.313199999999999790e+01 -1.240293557751173026e+01
3.644500000000000028e+01 -1.248428582313251667e+01
4.009000000000000341e+01 -1.256536587132208993e+01
4.409899999999999665e+01 -1.264581527253256255e+01
4.850900000000000034e+01 -1.272531156199790914e+01
5.335900000000000176e+01 -1.280353080896280638e+01
5.869500000000000028e+01 -1.288034311752049099e+01
6.456499999999999773e+01 -1.295551254416456466e+01
7.102100000000000080e+01 -1.302887485581227267e+01
7.812399999999999523e+01 -1.310051040252767862e+01
8.593600000000000705e+01 -1.317051004865974306e+01
9.453000000000000114e+01 -1.323901293069463136e+01
1.039830000000000041e+02 -1.330627900405279895e+01
1.143810000000000002e+02 -1.337250178318513960e+01
1.258190000000000026e+02 -1.343802594494658642e+01
1.384010000000000105e+02 -1.350319782606069019e+01
1.522410000000000139e+02 -1.356851142720104164e+01
1.674650000000000034e+02 -1.363455159574747455e+01
1.842110000000000127e+02 -1.370199260485526516e+01
2.026330000000000098e+02 -1.377144104235354582e+01
2.228959999999999866e+02 -1.384349509800705924e+01
2.451850000000000023e+02 -1.391852061589116651e+01
2.697040000000000077e+02 -1.399656132255678287e+01
2.966739999999999782e+02 -1.407745756949388038e+01
3.263419999999999845e+02 -1.416099732363777619e+01
3.589759999999999991e+02 -1.424693583417197296e+01
3.948729999999999905e+02 -1.433524121409830165e+01
