# # theta [arcmin], log_e(xip)
5.000000000000000000e-01 -8.638284568604420954e+00
5.500000000000000444e-01 -8.666524171346093652e+00
6.049999999999999822e-01 -8.696163769017616119e+00
6.660000000000000364e-01 -8.727521090142090543e+00
7.319999999999999840e-01 -8.759884689960347970e+00
8.050000000000000488e-01 -8.794025008035827540e+00
8.860000000000000098e-01 -8.830127432980944491e+00
9.739999999999999769e-01 -8.867496335598332280e+00
1.072000000000000064e+00 -8.907125067256421502e+00
1.179000000000000048e+00 -8.948303084036613342e+00
1.296999999999999931e+00 -8.991494843945352144e+00
1.427000000000000046e+00 -9.036710646611441078e+00
1.568999999999999950e+00 -9.083603761689067468e+00
1.725999999999999979e+00 -9.132782286884051359e+00
1.899000000000000021e+00 -9.184120146293253129e+00
2.088999999999999968e+00 -9.237475830887497352e+00
2.297000000000000153e+00 -9.292681978427088652e+00
2.527000000000000135e+00 -9.350283705801775369e+00
2.779999999999999805e+00 -9.409960896838338584e+00
3.057999999999999829e+00 -9.471613581860250264e+00
3.363999999999999879e+00 -9.535298234171561305e+00
3.700000000000000178e+00 -9.600797712128313677e+00
4.070000000000000284e+00 -9.668198378815219485e+00
4.477000000000000313e+00 -9.737300967118573070e+00
4.924999999999999822e+00 -9.808007568967459733e+00
5.416999999999999815e+00 -9.879998200158425448e+00
5.958999999999999631e+00 -9.953320650371857425e+00
6.554999999999999716e+00 -1.002765039595657015e+01
7.209999999999999964e+00 -1.010270732332097232e+01
7.932000000000000384e+00 -1.017847797248447428e+01
8.724999999999999645e+00 -1.025443720300484429e+01
9.596999999999999531e+00 -1.033043414443170249e+01
1.055700000000000038e+01 -1.040633244059432805e+01
1.161299999999999955e+01 -1.048184853904259839e+01
1.277399999999999913e+01 -1.055670119713826693e+01
1.405100000000000016e+01 -1.063072319879081640e+01
1.545599999999999952e+01 -1.070377238247657914e+01
1.700199999999999889e+01 -1.077572982054474515e+01
1.870200000000000173e+01 -1.084649604623179187e+01
2.057199999999999918e+01 -1.091607720285559857e+01
2.262999999999999901e+01 -1.098448666783753147e+01
2.489300000000000068e+01 -1.105172610480740758e+01
2.738200000000000145e+01 -1.111793233041379736e+01
3.012000000000000099e+01 -1.118327645369714141e+01
3.313199999999999790e+01 -1.124800216992399626e+01
3.644500000000000028e+01 -1.131233840936942947e+01
4.009000000000000341e+01 -1.137654052259418336e+01
4.409899999999999665e+01 -1.144088205112252865e+01
4.850900000000000034e+01 -1.150567779291235304e+01
5.335900000000000176e+01 -1.157122079544327065e+01
5.869500000000000028e+01 -1.163789374024550760e+01
6.456499999999999773e+01 -1.170598062129218420e+01
7.102100000000000080e+01 -1.177572684495878974e+01
7.812399999999999523e+01 -1.184744983990636413e+01
8.593600000000000705e+01 -1.192138434995969121e+01
9.453000000000000114e+01 -1.199773122724917052e+01
1.039830000000000041e+02 -1.207665076037642216e+01
1.143810000000000002e+02 -1.215820614590276527e+01
1.258190000000000026e+02 -1.224253291621297457e+01
1.384010000000000105e+02 -1.232988864295898424e+01
1.522410000000000139e+02 -1.242083293478655293e+01
1.674650000000000034e+02 -1.251631912347910003e+01
1.842110000000000127e+02 -1.261776993339030284e+01
2.026330000000000098e+02 -1.272686477028006813e+01
2.228959999999999866e+02 -1.284536138450754272e+01
2.451850000000000023e+02 -1.297481271557269267e+01
2.697040000000000077e+02 -1.311641709165536085e+01
2.966739999999999782e+02 -1.327109078976736711e+01
3.263419999999999845e+02 -1.343956283295543841e+01
3.589759999999999991e+02 -1.362231747758377765e+01
3.948729999999999905e+02 -1.381987828260148454e+01
