# # theta [arcmin], log_e(xim)
5.000000000000000000e-01 -1.150300582765740920e+01
5.500000000000000444e-01 -1.147635730518966568e+01
6.049999999999999822e-01 -1.145076414213090921e+01
6.660000000000000364e-01 -1.142616170196774483e+01
7.319999999999999840e-01 -1.140320596351007509e+01
8.050000000000000488e-01 -1.138142187695245156e+01
8.860000000000000098e-01 -1.136091278331884347e+01
9.739999999999999769e-01 -1.134224979233453290e+01
1.072000000000000064e+00 -1.132512229305148033e+01
1.179000000000000048e+00 -1.131006380778219977e+01
1.296999999999999931e+00 -1.129700634714551200e+01
1.427000000000000046e+00 -1.128608794476780730e+01
1.568999999999999950e+00 -1.127753402618878553e+01
1.725999999999999979e+00 -1.127141011342641619e+01
1.899000000000000021e+00 -1.126793901618608196e+01
2.088999999999999968e+00 -1.126731460448601041e+01
2.297000000000000153e+00 -1.126959975054952956e+01
2.527000000000000135e+00 -1.127492876977156655e+01
2.779999999999999805e+00 -1.128343569357681986e+01
3.057999999999999829e+00 -1.129524722127911218e+01
3.363999999999999879e+00 -1.131051945785083745e+01
3.700000000000000178e+00 -1.132933221711821936e+01
4.070000000000000284e+00 -1.135175008763458138e+01
4.477000000000000313e+00 -1.137778985978302870e+01
4.924999999999999822e+00 -1.140753084989379396e+01
5.416999999999999815e+00 -1.144094997923600054e+01
5.958999999999999631e+00 -1.147818689702375394e+01
6.554999999999999716e+00 -1.151918219756363193e+01
7.209999999999999964e+00 -1.156377696222766183e+01
7.932000000000000384e+00 -1.161202948228378951e+01
8.724999999999999645e+00 -1.166367452022134188e+01
9.596999999999999531e+00 -1.171865281266484260e+01
1.055700000000000038e+01 -1.177692577703403209e+01
1.161299999999999955e+01 -1.183826316130004308e+01
1.277399999999999913e+01 -1.190232536240744032e+01
1.405100000000000016e+01 -1.196890390855509523e+01
1.545599999999999952e+01 -1.203776651423538624e+01
1.700199999999999889e+01 -1.210861150796771746e+01
1.870200000000000173e+01 -1.218111548257048327e+01
2.057199999999999918e+01 -1.225491757119898928e+01
2.262999999999999901e+01 -1.232960686257131933e+01
2.489300000000000068e+01 -1.240474092494395997e+01
2.738200000000000145e+01 -1.247997647541536992e+01
3.012000000000000099e+01 -1.255493816257742345e+01
3.313199999999999790e+01 -1.262933010289808600e+01
3.644500000000000028e+01 -1.270275870574244514e+01
4.009000000000000341e+01 -1.277491587566573727e+01
4.409899999999999665e+01 -1.284556494245089908e+01
4.850900000000000034e+01 -1.291453977959803012e+01
5.335900000000000176e+01 -1.298171313403317484e+01
5.869500000000000028e+01 -1.304715989839457180e+01
6.456499999999999773e+01 -1.311088006375410409e+01
7.102100000000000080e+01 -1.317294902749433305e+01
7.812399999999999523e+01 -1.323366483891871326e+01
8.593600000000000705e+01 -1.329333558243140878e+01
9.453000000000000114e+01 -1.335229743208894426e+01
1.039830000000000041e+02 -1.341096787515954958e+01
1.143810000000000002e+02 -1.346967090433984993e+01
1.258190000000000026e+02 -1.352885451169738396e+01
1.384010000000000105e+02 -1.358898473299181298e+01
1.522410000000000139e+02 -1.365064717883747925e+01
1.674650000000000034e+02 -1.371448944390554558e+01
1.842110000000000127e+02 -1.378116710394181865e+01
2.026330000000000098e+02 -1.385111524881362222e+01
2.228959999999999866e+02 -1.392460436703124493e+01
2.451850000000000023e+02 -1.400162702633515899e+01
2.697040000000000077e+02 -1.408199528991016436e+01
2.966739999999999782e+02 -1.416552544369448619e+01
3.263419999999999845e+02 -1.425210153902816756e+01
3.589759999999999991e+02 -1.434167353322563621e+01
3.948729999999999905e+02 -1.443441798933918641e+01
