# # theta [arcmin], log_e(xip)
5.000000000000000000e-01 -9.639244131712494834e+00
5.500000000000000444e-01 -9.684981136132520874e+00
6.049999999999999822e-01 -9.732668226836498349e+00
6.660000000000000364e-01 -9.782737013166356022e+00
7.319999999999999840e-01 -9.833971377996107321e+00
8.050000000000000488e-01 -9.887501808121617941e+00
8.860000000000000098e-01 -9.943502372909103215e+00
9.739999999999999769e-01 -1.000077739057138615e+01
1.072000000000000064e+00 -1.006072281814373781e+01
1.179000000000000048e+00 -1.012212054174753462e+01
1.296999999999999931e+00 -1.018551948380737571e+01
1.427000000000000046e+00 -1.025076168008489219e+01
1.568999999999999950e+00 -1.031718434821126706e+01
1.725999999999999979e+00 -1.038547664130526726e+01
1.899000000000000021e+00 -1.045526469309891127e+01
2.088999999999999968e+00 -1.052617850616949191e+01
2.297000000000000153e+00 -1.059782383980330955e+01
2.527000000000000135e+00 -1.067072184392893242e+01
2.779999999999999805e+00 -1.074427988648949572e+01
3.057999999999999829e+00 -1.081822199605547929e+01
3.363999999999999879e+00 -1.089248231946813128e+01
3.700000000000000178e+00 -1.096671223425585318e+01
4.070000000000000284e+00 -1.104092320930952020e+01
4.477000000000000313e+00 -1.111484085922149312e+01
4.924999999999999822e+00 -1.118835520528219618e+01
5.416999999999999815e+00 -1.126118279506452424e+01
5.958999999999999631e+00 -1.133346717006777027e+01
6.554999999999999716e+00 -1.140504013932929084e+01
7.209999999999999964e+00 -1.147581081416401183e+01
7.932000000000000384e+00 -1.154600883420708612e+01
8.724999999999999645e+00 -1.161542806835253394e+01
9.596999999999999531e+00 -1.168425746871327142e+01
1.055700000000000038e+01 -1.175273716120722156e+01
1.161299999999999955e+01 -1.182100196379672497e+01
1.277399999999999913e+01 -1.188917954975152647e+01
1.405100000000000016e+01 -1.195752742574806327e+01
1.545599999999999952e+01 -1.202631804722356534e+01
1.700199999999999889e+01 -1.209581742849171526e+01
1.870200000000000173e+01 -1.216628536213889511e+01
2.057199999999999918e+01 -1.223804144548469708e+01
2.262999999999999901e+01 -1.231138138475064459e+01
2.489300000000000068e+01 -1.238653321503565685e+01
2.738200000000000145e+01 -1.246381902884239778e+01
3.012000000000000099e+01 -1.254354205916716936e+01
3.313199999999999790e+01 -1.262603158356898092e+01
3.644500000000000028e+01 -1.271156219814720956e+01
4.009000000000000341e+01 -1.280042264204867131e+01
4.409899999999999665e+01 -1.289286605411798803e+01
4.850900000000000034e+01 -1.298917079216854731e+01
5.335900000000000176e+01 -1.308957726426563895e+01
5.869500000000000028e+01 -1.319443634466272641e+01
6.456499999999999773e+01 -1.330398477936389412e+01
7.102100000000000080e+01 -1.341841369952662610e+01
7.812399999999999523e+01 -1.353804171342006413e+01
8.593600000000000705e+01 -1.366308565214298731e+01
9.453000000000000114e+01 -1.379378918440431612e+01
1.039830000000000041e+02 -1.393040235228990120e+01
1.143810000000000002e+02 -1.407305975350470995e+01
1.258190000000000026e+02 -1.422185860574897909e+01
1.384010000000000105e+02 -1.437679193221880425e+01
1.522410000000000139e+02 -1.453787009478510406e+01
1.674650000000000034e+02 -1.470517639895929207e+01
1.842110000000000127e+02 -1.487909321148219455e+01
2.026330000000000098e+02 -1.506024146996238500e+01
2.228959999999999866e+02 -1.524977909626155359e+01
2.451850000000000023e+02 -1.544931442384765319e+01
2.697040000000000077e+02 -1.566065118385875365e+01
2.966739999999999782e+02 -1.588576166139660550e+01
3.263419999999999845e+02 -1.612701490954923145e+01
3.589759999999999991e+02 -1.638646384298219516e+01
3.948729999999999905e+02 -1.666655391619786641e+01
