# # theta [arcmin], log_e(xip)
5.000000000000000000e-01 -8.756171452633243035e+00
5.500000000000000444e-01 -8.799855218739290663e+00
6.049999999999999822e-01 -8.845571571842713254e+00
6.660000000000000364e-01 -8.893768410275667335e+00
7.319999999999999840e-01 -8.943306259013183990e+00
8.050000000000000488e-01 -8.995311253807132701e+00
8.860000000000000098e-01 -9.049998610790288112e+00
9.739999999999999769e-01 -9.106240750911943849e+00
1.072000000000000064e+00 -9.165454008205959013e+00
1.179000000000000048e+00 -9.226483981649556299e+00
1.296999999999999931e+00 -9.289921061396590574e+00
1.427000000000000046e+00 -9.355659019280153643e+00
1.568999999999999950e+00 -9.423075034224776658e+00
1.725999999999999979e+00 -9.492912986634257422e+00
1.899000000000000021e+00 -9.564840254505483585e+00
2.088999999999999968e+00 -9.638512545179430901e+00
2.297000000000000153e+00 -9.713550070663513836e+00
2.527000000000000135e+00 -9.790526792048018123e+00
2.779999999999999805e+00 -9.868841711246027160e+00
3.057999999999999829e+00 -9.948208805961815671e+00
3.363999999999999879e+00 -1.002855747316880297e+01
3.700000000000000178e+00 -1.010949649333204903e+01
4.070000000000000284e+00 -1.019102136931165781e+01
4.477000000000000313e+00 -1.027280406546289626e+01
4.924999999999999822e+00 -1.035468889779951418e+01
5.416999999999999815e+00 -1.043631750556626692e+01
5.958999999999999631e+00 -1.051780913503080228e+01
6.554999999999999716e+00 -1.059893297202514439e+01
7.209999999999999964e+00 -1.067954949450365376e+01
7.932000000000000384e+00 -1.075988663703634884e+01
8.724999999999999645e+00 -1.083968460708264203e+01
9.596999999999999531e+00 -1.091914347466792279e+01
1.055700000000000038e+01 -1.099853420564488538e+01
1.161299999999999955e+01 -1.107801547696702826e+01
1.277399999999999913e+01 -1.115774293412611762e+01
1.405100000000000016e+01 -1.123802624617938228e+01
1.545599999999999952e+01 -1.131920166156606555e+01
1.700199999999999889e+01 -1.140159788768786342e+01
1.870200000000000173e+01 -1.148553989627737337e+01
2.057199999999999918e+01 -1.157142158490485251e+01
2.262999999999999901e+01 -1.165959744677185483e+01
2.489300000000000068e+01 -1.175034252486839215e+01
2.738200000000000145e+01 -1.184404001963560482e+01
3.012000000000000099e+01 -1.194104178574417396e+01
3.313199999999999790e+01 -1.204173652811892126e+01
3.644500000000000028e+01 -1.214643599394858775e+01
4.009000000000000341e+01 -1.225545933758699313e+01
4.409899999999999665e+01 -1.236908510856029508e+01
4.850900000000000034e+01 -1.248761361322519114e+01
5.335900000000000176e+01 -1.261129188386678734e+01
5.869500000000000028e+01 -1.274051803259520099e+01
6.456499999999999773e+01 -1.287553103423240763e+01
7.102100000000000080e+01 -1.301649998820859722e+01
7.812399999999999523e+01 -1.316378555199661626e+01
8.593600000000000705e+01 -1.331762185647901120e+01
9.453000000000000114e+01 -1.347826719016971531e+01
1.039830000000000041e+02 -1.364604123848413764e+01
1.143810000000000002e+02 -1.382109592713866597e+01
1.258190000000000026e+02 -1.400359939358541261e+01
1.384010000000000105e+02 -1.419363811539233033e+01
1.522410000000000139e+02 -1.439145940710738181e+01
1.674650000000000034e+02 -1.459755190503199351e+01
1.842110000000000127e+02 -1.481300402424955642e+01
2.026330000000000098e+02 -1.503911718383488250e+01
2.228959999999999866e+02 -1.527786081798514850e+01
2.451850000000000023e+02 -1.553164042758677965e+01
2.697040000000000077e+02 -1.580342141678512569e+01
2.966739999999999782e+02 -1.609710255607935991e+01
3.263419999999999845e+02 -1.641841618672273739e+01
3.589759999999999991e+02 -1.677479904738896721e+01
3.948729999999999905e+02 -1.717868756197226432e+01
