# # theta [arcmin], log_e(xim)
5.000000000000000000e-01 -1.164948177089256731e+01
5.500000000000000444e-01 -1.162225685412120768e+01
6.049999999999999822e-01 -1.159609611790119388e+01
6.660000000000000364e-01 -1.157093017799680190e+01
7.319999999999999840e-01 -1.154742912891360795e+01
8.050000000000000488e-01 -1.152510533940960080e+01
8.860000000000000098e-01 -1.150405988065775631e+01
9.739999999999999769e-01 -1.148487459520410781e+01
1.072000000000000064e+00 -1.146722578571923812e+01
1.179000000000000048e+00 -1.145165540443536045e+01
1.296999999999999931e+00 -1.143808797326632742e+01
1.427000000000000046e+00 -1.142666153391539474e+01
1.568999999999999950e+00 -1.141760437613449852e+01
1.725999999999999979e+00 -1.141097284961381320e+01
1.899000000000000021e+00 -1.140699011456155887e+01
2.088999999999999968e+00 -1.140584752493028908e+01
2.297000000000000153e+00 -1.140761005032943842e+01
2.527000000000000135e+00 -1.141240343593267248e+01
2.779999999999999805e+00 -1.142036178060669194e+01
3.057999999999999829e+00 -1.143161187290478864e+01
3.363999999999999879e+00 -1.144630754478216161e+01
3.700000000000000178e+00 -1.146452966426613251e+01
4.070000000000000284e+00 -1.148634098455429076e+01
4.477000000000000313e+00 -1.151175914538541711e+01
4.924999999999999822e+00 -1.154086640266070063e+01
5.416999999999999815e+00 -1.157364100967002329e+01
5.958999999999999631e+00 -1.161022588398736133e+01
6.554999999999999716e+00 -1.165056494137070864e+01
7.209999999999999964e+00 -1.169450393791938048e+01
7.932000000000000384e+00 -1.174210305956248668e+01
8.724999999999999645e+00 -1.179310362896453768e+01
9.596999999999999531e+00 -1.184744886181388956e+01
1.055700000000000038e+01 -1.190510176175187773e+01
1.161299999999999955e+01 -1.196583412933138213e+01
1.277399999999999913e+01 -1.202930632385478660e+01
1.405100000000000016e+01 -1.209530706359660712e+01
1.545599999999999952e+01 -1.216359934316948888e+01
1.700199999999999889e+01 -1.223387476763815762e+01
1.870200000000000173e+01 -1.230580127231055521e+01
2.057199999999999918e+01 -1.237900585113413321e+01
2.262999999999999901e+01 -1.245306329198539785e+01
2.489300000000000068e+01 -1.252751614154500359e+01
2.738200000000000145e+01 -1.260200533187919092e+01
3.012000000000000099e+01 -1.267613867672286965e+01
3.313199999999999790e+01 -1.274960467337637304e+01
3.644500000000000028e+01 -1.282199659710600592e+01
4.009000000000000341e+01 -1.289299523909017964e+01
4.409899999999999665e+01 -1.296235730248273121e+01
4.850900000000000034e+01 -1.302991456012329508e+01
5.335900000000000176e+01 -1.309554083959401538e+01
5.869500000000000028e+01 -1.315931630393062157e+01
6.456499999999999773e+01 -1.322124989468667167e+01
7.102100000000000080e+01 -1.328142886513777832e+01
7.812399999999999523e+01 -1.334016372906831904e+01
8.593600000000000705e+01 -1.339777767434015132e+01
9.453000000000000114e+01 -1.345462519031273274e+01
1.039830000000000041e+02 -1.351113583624744408e+01
1.143810000000000002e+02 -1.356764629689344659e+01
1.258190000000000026e+02 -1.362461916070948043e+01
1.384010000000000105e+02 -1.368254732671286078e+01
1.522410000000000139e+02 -1.374205286862717124e+01
1.674650000000000034e+02 -1.380381422750344989e+01
1.842110000000000127e+02 -1.386850920036836143e+01
2.026330000000000098e+02 -1.393654843487416350e+01
2.228959999999999866e+02 -1.400811205272585447e+01
2.451850000000000023e+02 -1.408304169777215442e+01
2.697040000000000077e+02 -1.416099520462392825e+01
2.966739999999999782e+02 -1.424170356229792134e+01
3.263419999999999845e+02 -1.432501472190968883e+01
3.589759999999999991e+02 -1.441090708455553404e+01
3.948729999999999905e+02 -1.449964784974810783e+01
