# # theta [arcmin], log_e(xip)
5.000000000000000000e-01 -9.612417276534209520e+00
5.500000000000000444e-01 -9.659092071730544404e+00
6.049999999999999822e-01 -9.707765353438196243e+00
6.660000000000000364e-01 -9.758882400934249191e+00
7.319999999999999840e-01 -9.811206136628175756e+00
8.050000000000000488e-01 -9.865895857820879300e+00
8.860000000000000098e-01 -9.923136127698947817e+00
9.739999999999999769e-01 -9.981710966129188733e+00
1.072000000000000064e+00 -1.004305449392521510e+01
1.179000000000000048e+00 -1.010592790180120382e+01
1.296999999999999931e+00 -1.017090070119608214e+01
1.427000000000000046e+00 -1.023781856321867600e+01
1.568999999999999950e+00 -1.030600839923884493e+01
1.725999999999999979e+00 -1.037618440525453067e+01
1.899000000000000021e+00 -1.044797061984358066e+01
2.088999999999999968e+00 -1.052099233877040341e+01
2.297000000000000153e+00 -1.059484793037924888e+01
2.527000000000000135e+00 -1.067007892560025972e+01
2.779999999999999805e+00 -1.074607625178171944e+01
3.057999999999999829e+00 -1.082255664046948418e+01
3.363999999999999879e+00 -1.089944993593366895e+01
3.700000000000000178e+00 -1.097639349870925685e+01
4.070000000000000284e+00 -1.105339397769740550e+01
4.477000000000000313e+00 -1.113015869267827362e+01
4.924999999999999822e+00 -1.120656492626635092e+01
5.416999999999999815e+00 -1.128230592860187365e+01
5.958999999999999631e+00 -1.135751700505151973e+01
6.554999999999999716e+00 -1.143201113726781770e+01
7.209999999999999964e+00 -1.150567680013431726e+01
7.932000000000000384e+00 -1.157873530055232436e+01
8.724999999999999645e+00 -1.165095725492264478e+01
9.596999999999999531e+00 -1.172252305351002910e+01
1.055700000000000038e+01 -1.179366860095534086e+01
1.161299999999999955e+01 -1.186452203996635468e+01
1.277399999999999913e+01 -1.193520326768150852e+01
1.405100000000000016e+01 -1.200597027517050819e+01
1.545599999999999952e+01 -1.207709930003760768e+01
1.700199999999999889e+01 -1.214885976650681343e+01
1.870200000000000173e+01 -1.222151913060590012e+01
2.057199999999999918e+01 -1.229540693657864914e+01
2.262999999999999901e+01 -1.237082654129368997e+01
2.489300000000000068e+01 -1.244801555258581871e+01
2.738200000000000145e+01 -1.252730901961108501e+01
3.012000000000000099e+01 -1.260902132250867780e+01
3.313199999999999790e+01 -1.269349722212475662e+01
3.644500000000000028e+01 -1.278102265397785509e+01
4.009000000000000341e+01 -1.287189614122266157e+01
4.409899999999999665e+01 -1.296638237364234847e+01
4.850900000000000034e+01 -1.306476733711458316e+01
5.335900000000000176e+01 -1.316729902975821531e+01
5.869500000000000028e+01 -1.327434042129074676e+01
6.456499999999999773e+01 -1.338613623347132631e+01
7.102100000000000080e+01 -1.350287810127004029e+01
7.812399999999999523e+01 -1.362490176867049385e+01
8.593600000000000705e+01 -1.375243435549367099e+01
9.453000000000000114e+01 -1.388573186223734268e+01
1.039830000000000041e+02 -1.402506683576996771e+01
1.143810000000000002e+02 -1.417060475194680080e+01
1.258190000000000026e+02 -1.432249656251157610e+01
1.384010000000000105e+02 -1.448078871266554124e+01
1.522410000000000139e+02 -1.464553070800312007e+01
1.674650000000000034e+02 -1.481679044018007296e+01
1.842110000000000127e+02 -1.499483530353787408e+01
2.026330000000000098e+02 -1.518004812398687164e+01
2.228959999999999866e+02 -1.537334844805665313e+01
2.451850000000000023e+02 -1.557621855313209913e+01
2.697040000000000077e+02 -1.579049767436221252e+01
2.966739999999999782e+02 -1.601830823621798316e+01
3.263419999999999845e+02 -1.626221986421694510e+01
3.589759999999999991e+02 -1.652458213048873858e+01
3.948729999999999905e+02 -1.680814483526803471e+01
