# # theta [arcmin], log_e(xip)
5.000000000000000000e-01 -8.977079375060380784e+00
5.500000000000000444e-01 -9.012693516440602792e+00
6.049999999999999822e-01 -9.050018203592232524e+00
6.660000000000000364e-01 -9.089440421172861662e+00
7.319999999999999840e-01 -9.130052463597564838e+00
8.050000000000000488e-01 -9.172809547419127796e+00
8.860000000000000098e-01 -9.217924055549604034e+00
9.739999999999999769e-01 -9.264506314785936780e+00
1.072000000000000064e+00 -9.313773080382414804e+00
1.179000000000000048e+00 -9.364815737841581722e+00
1.296999999999999931e+00 -9.418182834300415252e+00
1.427000000000000046e+00 -9.473850032158971146e+00
1.568999999999999950e+00 -9.531355743796471103e+00
1.725999999999999979e+00 -9.591405788439907099e+00
1.899000000000000021e+00 -9.653796485638038050e+00
2.088999999999999968e+00 -9.718307584893693729e+00
2.297000000000000153e+00 -9.784683349559724519e+00
2.527000000000000135e+00 -9.853517513264584693e+00
2.779999999999999805e+00 -9.924358238003426536e+00
3.057999999999999829e+00 -9.997018755658226397e+00
3.363999999999999879e+00 -1.007149516438915882e+01
3.700000000000000178e+00 -1.014746462233228819e+01
4.070000000000000284e+00 -1.022495283883820072e+01
4.477000000000000313e+00 -1.030365412272153236e+01
4.924999999999999822e+00 -1.038338928679882400e+01
5.416999999999999815e+00 -1.046373979296447665e+01
5.958999999999999631e+00 -1.054471271639582319e+01
6.554999999999999716e+00 -1.062592060858551157e+01
7.209999999999999964e+00 -1.070703727174902831e+01
7.932000000000000384e+00 -1.078805677396528928e+01
8.724999999999999645e+00 -1.086844818081217312e+01
9.596999999999999531e+00 -1.094811576023212574e+01
1.055700000000000038e+01 -1.102701342320655087e+01
1.161299999999999955e+01 -1.110497411678658253e+01
1.277399999999999913e+01 -1.118184775266632336e+01
1.405100000000000016e+01 -1.125763926794890324e+01
1.545599999999999952e+01 -1.133240135595142206e+01
1.700199999999999889e+01 -1.140621685839542465e+01
1.870200000000000173e+01 -1.147920542976766534e+01
2.057199999999999918e+01 -1.155158438395940657e+01
2.262999999999999901e+01 -1.162356567147722330e+01
2.489300000000000068e+01 -1.169533466560479162e+01
2.738200000000000145e+01 -1.176719996995866246e+01
3.012000000000000099e+01 -1.183947006406507185e+01
3.313199999999999790e+01 -1.191250925200285593e+01
3.644500000000000028e+01 -1.198663129892637791e+01
4.009000000000000341e+01 -1.206215863926252929e+01
4.409899999999999665e+01 -1.213940495518293616e+01
4.850900000000000034e+01 -1.221870773311962033e+01
5.335900000000000176e+01 -1.230036112744558530e+01
5.869500000000000028e+01 -1.238476471688228564e+01
6.456499999999999773e+01 -1.247220251098221055e+01
7.102100000000000080e+01 -1.256291160291837627e+01
7.812399999999999523e+01 -1.265723379454794717e+01
8.593600000000000705e+01 -1.275541632270596715e+01
9.453000000000000114e+01 -1.285769791656752581e+01
1.039830000000000041e+02 -1.296430591044640401e+01
1.143810000000000002e+02 -1.307532951653778497e+01
1.258190000000000026e+02 -1.319081300361857423e+01
1.384010000000000105e+02 -1.331071185968174753e+01
1.522410000000000139e+02 -1.343505492931014977e+01
1.674650000000000034e+02 -1.356402914362631584e+01
1.842110000000000127e+02 -1.369819251929112092e+01
2.026330000000000098e+02 -1.383850982507370198e+01
2.228959999999999866e+02 -1.398645879683157034e+01
2.451850000000000023e+02 -1.414381353404532682e+01
2.697040000000000077e+02 -1.431233499079318783e+01
2.966739999999999782e+02 -1.449359199886126959e+01
3.263419999999999845e+02 -1.468904524679633106e+01
3.589759999999999991e+02 -1.489978630768545997e+01
3.948729999999999905e+02 -1.512691194084264801e+01
