# # theta [arcmin], log_e(xim)
5.000000000000000000e-01 -1.111172343086307457e+01
5.500000000000000444e-01 -1.108850580149554688e+01
6.049999999999999822e-01 -1.106639839113720214e+01
6.660000000000000364e-01 -1.104537233574865773e+01
7.319999999999999840e-01 -1.102600387980082530e+01
8.050000000000000488e-01 -1.100790586357937251e+01
8.860000000000000098e-01 -1.099120441254227742e+01
9.739999999999999769e-01 -1.097640343989544576e+01
1.072000000000000064e+00 -1.096330114016246604e+01
1.179000000000000048e+00 -1.095236840588380645e+01
1.296999999999999931e+00 -1.094359303685151197e+01
1.427000000000000046e+00 -1.093712703938017583e+01
1.568999999999999950e+00 -1.093317489202395443e+01
1.725999999999999979e+00 -1.093187756574413960e+01
1.899000000000000021e+00 -1.093346055222021285e+01
2.088999999999999968e+00 -1.093812216481068234e+01
2.297000000000000153e+00 -1.094592501092404468e+01
2.527000000000000135e+00 -1.095707504284977496e+01
2.779999999999999805e+00 -1.097169072097387499e+01
3.057999999999999829e+00 -1.098990490265592967e+01
3.363999999999999879e+00 -1.101189142265875809e+01
3.700000000000000178e+00 -1.103771789971798434e+01
4.070000000000000284e+00 -1.106746366280857075e+01
4.477000000000000313e+00 -1.110112447104456024e+01
4.924999999999999822e+00 -1.113876734629276477e+01
5.416999999999999815e+00 -1.118032213148361542e+01
5.958999999999999631e+00 -1.122591661908460559e+01
6.554999999999999716e+00 -1.127542940543161798e+01
7.209999999999999964e+00 -1.132863085592465957e+01
7.932000000000000384e+00 -1.138554067405757664e+01
8.724999999999999645e+00 -1.144578003228125773e+01
9.596999999999999531e+00 -1.150920838189113837e+01
1.055700000000000038e+01 -1.157570276463592585e+01
1.161299999999999955e+01 -1.164492500291203925e+01
1.277399999999999913e+01 -1.171642534769995692e+01
1.405100000000000016e+01 -1.178990435471939513e+01
1.545599999999999952e+01 -1.186504039303126845e+01
1.700199999999999889e+01 -1.194144985652732593e+01
1.870200000000000173e+01 -1.201874845612843679e+01
2.057199999999999918e+01 -1.209654815127676386e+01
2.262999999999999901e+01 -1.217444821118604104e+01
2.489300000000000068e+01 -1.225205208349398411e+01
2.738200000000000145e+01 -1.232911229802011377e+01
3.012000000000000099e+01 -1.240539323057946852e+01
3.313199999999999790e+01 -1.248078742458867296e+01
3.644500000000000028e+01 -1.255513520872868050e+01
4.009000000000000341e+01 -1.262840124642508499e+01
4.409899999999999665e+01 -1.270063883982282960e+01
4.850900000000000034e+01 -1.277197943035562488e+01
5.335900000000000176e+01 -1.284259679998905668e+01
5.869500000000000028e+01 -1.291284948939306965e+01
6.456499999999999773e+01 -1.298300021018158645e+01
7.102100000000000080e+01 -1.305333230664697908e+01
7.812399999999999523e+01 -1.312432279581138417e+01
8.593600000000000705e+01 -1.319639696770906490e+01
9.453000000000000114e+01 -1.326996355867003174e+01
1.039830000000000041e+02 -1.334546630454371119e+01
1.143810000000000002e+02 -1.342320634238458332e+01
1.258190000000000026e+02 -1.350355644915678610e+01
1.384010000000000105e+02 -1.358683036219230189e+01
1.522410000000000139e+02 -1.367337664832030697e+01
1.674650000000000034e+02 -1.376352645224182858e+01
1.842110000000000127e+02 -1.385759699739149298e+01
2.026330000000000098e+02 -1.395573699820186420e+01
2.228959999999999866e+02 -1.405810926445009557e+01
2.451850000000000023e+02 -1.416476978074376625e+01
2.697040000000000077e+02 -1.427565479118435654e+01
2.966739999999999782e+02 -1.439069676314449175e+01
3.263419999999999845e+02 -1.450981841184497156e+01
3.589759999999999991e+02 -1.463281288301275218e+01
3.948729999999999905e+02 -1.475968392263718165e+01
