# # theta [arcmin], log_e(xim)
5.000000000000000000e-01 -1.175013028924294645e+01
5.500000000000000444e-01 -1.172362303977086384e+01
6.049999999999999822e-01 -1.169801508933073997e+01
6.660000000000000364e-01 -1.167322650286772756e+01
7.319999999999999840e-01 -1.164990840734533606e+01
8.050000000000000488e-01 -1.162756938281648367e+01
8.860000000000000098e-01 -1.160629581745672745e+01
9.739999999999999769e-01 -1.158666662748375664e+01
1.072000000000000064e+00 -1.156833796850482443e+01
1.179000000000000048e+00 -1.155185664404254808e+01
1.296999999999999931e+00 -1.153713516917962423e+01
1.427000000000000046e+00 -1.152430961925710484e+01
1.568999999999999950e+00 -1.151362010617757825e+01
1.725999999999999979e+00 -1.150510611591809607e+01
1.899000000000000021e+00 -1.149899790527281596e+01
2.088999999999999968e+00 -1.149550410200738781e+01
2.297000000000000153e+00 -1.149470742580428606e+01
2.527000000000000135e+00 -1.149672146182457766e+01
2.779999999999999805e+00 -1.150170959861137199e+01
3.057999999999999829e+00 -1.150982328172021241e+01
3.363999999999999879e+00 -1.152123106114133222e+01
3.700000000000000178e+00 -1.153604497303858878e+01
4.070000000000000284e+00 -1.155434722264578618e+01
4.477000000000000313e+00 -1.157618672215680000e+01
4.924999999999999822e+00 -1.160167307561430050e+01
5.416999999999999815e+00 -1.163082549497018370e+01
5.958999999999999631e+00 -1.166380870536308656e+01
6.554999999999999716e+00 -1.170060716168138804e+01
7.209999999999999964e+00 -1.174110706094574041e+01
7.932000000000000384e+00 -1.178539477385841394e+01
8.724999999999999645e+00 -1.183326434686944850e+01
9.596999999999999531e+00 -1.188469809325670923e+01
1.055700000000000038e+01 -1.193970073012675037e+01
1.161299999999999955e+01 -1.199809390084780425e+01
1.277399999999999913e+01 -1.205959055143183711e+01
1.405100000000000016e+01 -1.212402953998725152e+01
1.545599999999999952e+01 -1.219122817194156383e+01
1.700199999999999889e+01 -1.226093567225852077e+01
1.870200000000000173e+01 -1.233287450377829053e+01
2.057199999999999918e+01 -1.240672307453102441e+01
2.262999999999999901e+01 -1.248209943873938421e+01
2.489300000000000068e+01 -1.255857886212811714e+01
2.738200000000000145e+01 -1.263582009790026994e+01
3.012000000000000099e+01 -1.271343062187434825e+01
3.313199999999999790e+01 -1.279107670547087849e+01
3.644500000000000028e+01 -1.286829845741834610e+01
4.009000000000000341e+01 -1.294469429326325383e+01
4.409899999999999665e+01 -1.301991058507957355e+01
4.850900000000000034e+01 -1.309364181875729116e+01
5.335900000000000176e+01 -1.316559452159660637e+01
5.869500000000000028e+01 -1.323567094293435531e+01
6.456499999999999773e+01 -1.330368323606541736e+01
7.102100000000000080e+01 -1.336952109962752289e+01
7.812399999999999523e+01 -1.343331475915666573e+01
8.593600000000000705e+01 -1.349521416195956647e+01
9.453000000000000114e+01 -1.355542118679782249e+01
1.039830000000000041e+02 -1.361425194445072329e+01
1.143810000000000002e+02 -1.367194802092040362e+01
1.258190000000000026e+02 -1.372889442574023278e+01
1.384010000000000105e+02 -1.378552078064466713e+01
1.522410000000000139e+02 -1.384242523000116520e+01
1.674650000000000034e+02 -1.390031078135681142e+01
1.842110000000000127e+02 -1.395995349411603037e+01
2.026330000000000098e+02 -1.402199293077746667e+01
2.228959999999999866e+02 -1.408693169234006071e+01
2.451850000000000023e+02 -1.415490664487283112e+01
2.697040000000000077e+02 -1.422565379145758513e+01
2.966739999999999782e+02 -1.429873463346706863e+01
3.263419999999999845e+02 -1.437378581980642522e+01
3.589759999999999991e+02 -1.445056261908552742e+01
3.948729999999999905e+02 -1.452924051806003547e+01
