# # theta [arcmin], log_e(xip)
5.000000000000000000e-01 -8.717699289314198907e+00
5.500000000000000444e-01 -8.760039575006315360e+00
6.049999999999999822e-01 -8.804375388826366944e+00
6.660000000000000364e-01 -8.851152388368429769e+00
7.319999999999999840e-01 -8.899279720629985846e+00
8.050000000000000488e-01 -8.949865583752877995e+00
8.860000000000000098e-01 -9.003139228202739375e+00
9.739999999999999769e-01 -9.058021941120928844e+00
1.072000000000000064e+00 -9.115916948860744995e+00
1.179000000000000048e+00 -9.175721577580567612e+00
1.296999999999999931e+00 -9.238039063297211584e+00
1.427000000000000046e+00 -9.302795411575175422e+00
1.568999999999999950e+00 -9.369405507985277382e+00
1.725999999999999979e+00 -9.438634414326983801e+00
1.899000000000000021e+00 -9.510186797754403898e+00
2.088999999999999968e+00 -9.583750572406639634e+00
2.297000000000000153e+00 -9.658974445337049630e+00
2.527000000000000135e+00 -9.736463576018515198e+00
2.779999999999999805e+00 -9.815640241703237123e+00
3.057999999999999829e+00 -9.896234718043228185e+00
3.363999999999999879e+00 -9.978187823140874713e+00
3.700000000000000178e+00 -1.006110439925191002e+01
4.070000000000000284e+00 -1.014497533512316885e+01
4.477000000000000313e+00 -1.022944902131891531e+01
4.924999999999999822e+00 -1.031433481850612210e+01
5.416999999999999815e+00 -1.039921801699613013e+01
5.958999999999999631e+00 -1.048416534545100731e+01
6.554999999999999716e+00 -1.056886471424003204e+01
7.209999999999999964e+00 -1.065308911247351453e+01
7.932000000000000384e+00 -1.073698474835219763e+01
8.724999999999999645e+00 -1.082018186583831287e+01
9.596999999999999531e+00 -1.090278822329677055e+01
1.055700000000000038e+01 -1.098498611989535867e+01
1.161299999999999955e+01 -1.106684510371133356e+01
1.277399999999999913e+01 -1.114844000269752300e+01
1.405100000000000016e+01 -1.123001224544357868e+01
1.545599999999999952e+01 -1.131184267261348531e+01
1.700199999999999889e+01 -1.139421574770479673e+01
1.870200000000000173e+01 -1.147742995099435781e+01
2.057199999999999918e+01 -1.156186069966187979e+01
2.262999999999999901e+01 -1.164784708065001695e+01
2.489300000000000068e+01 -1.173566472302197461e+01
2.738200000000000145e+01 -1.182570287442830725e+01
3.012000000000000099e+01 -1.191832272538010074e+01
3.313199999999999790e+01 -1.201393030422761221e+01
3.644500000000000028e+01 -1.211285410622695302e+01
4.009000000000000341e+01 -1.221542867701420043e+01
4.409899999999999665e+01 -1.232195656065806944e+01
4.850900000000000034e+01 -1.243276021948029708e+01
5.335900000000000176e+01 -1.254810784678656077e+01
5.869500000000000028e+01 -1.266841450126758595e+01
6.456499999999999773e+01 -1.279394347397394505e+01
7.102100000000000080e+01 -1.292489215844921091e+01
7.812399999999999523e+01 -1.306164134856740588e+01
8.593600000000000705e+01 -1.320445451501197098e+01
9.453000000000000114e+01 -1.335360714708576424e+01
1.039830000000000041e+02 -1.350942757545718464e+01
1.143810000000000002e+02 -1.367209443069737418e+01
1.258190000000000026e+02 -1.384179734808066620e+01
1.384010000000000105e+02 -1.401860690405078813e+01
1.522410000000000139e+02 -1.420267549042109323e+01
1.674650000000000034e+02 -1.439424856572554745e+01
1.842110000000000127e+02 -1.459394159036322947e+01
2.026330000000000098e+02 -1.480251725213692282e+01
2.228959999999999866e+02 -1.502134743192231170e+01
2.451850000000000023e+02 -1.525226109027292232e+01
2.697040000000000077e+02 -1.549743314542747186e+01
2.966739999999999782e+02 -1.575963270644573022e+01
3.263419999999999845e+02 -1.604257268038721662e+01
3.589759999999999991e+02 -1.635003376128735653e+01
3.948729999999999905e+02 -1.668779233076962853e+01
