# # theta [arcmin], log_e(xip)
5.000000000000000000e-01 -9.068826052866921117e+00
5.500000000000000444e-01 -9.098140001548500777e+00
6.049999999999999822e-01 -9.128892190904801751e+00
6.660000000000000364e-01 -9.161403551894588659e+00
7.319999999999999840e-01 -9.194927758863704170e+00
8.050000000000000488e-01 -9.230254039437093994e+00
8.860000000000000098e-01 -9.267559081751540973e+00
9.739999999999999769e-01 -9.306110247424362214e+00
1.072000000000000064e+00 -9.346915248445565538e+00
1.179000000000000048e+00 -9.389224244383836293e+00
1.296999999999999931e+00 -9.433493923340392939e+00
1.427000000000000046e+00 -9.479708637293009943e+00
1.568999999999999950e+00 -9.527489154910083968e+00
1.725999999999999979e+00 -9.577426900271984067e+00
1.899000000000000021e+00 -9.629359370466085366e+00
2.088999999999999968e+00 -9.683108940145034538e+00
2.297000000000000153e+00 -9.738471543338539149e+00
2.527000000000000135e+00 -9.795953839982196598e+00
2.779999999999999805e+00 -9.855191605710066582e+00
3.057999999999999829e+00 -9.916042841348074788e+00
3.363999999999999879e+00 -9.978519335887428454e+00
3.700000000000000178e+00 -1.004236417692093397e+01
4.070000000000000284e+00 -1.010761751325195235e+01
4.477000000000000313e+00 -1.017404246900015785e+01
4.924999999999999822e+00 -1.024150450161154602e+01
5.416999999999999815e+00 -1.030966431380934800e+01
5.958999999999999631e+00 -1.037853749301980955e+01
6.554999999999999716e+00 -1.044779722893575880e+01
7.209999999999999964e+00 -1.051716720619190149e+01
7.932000000000000384e+00 -1.058662975027100472e+01
8.724999999999999645e+00 -1.065570980608363882e+01
9.596999999999999531e+00 -1.072428812080401528e+01
1.055700000000000038e+01 -1.079227207272907130e+01
1.161299999999999955e+01 -1.085944677780217305e+01
1.277399999999999913e+01 -1.092561224545902654e+01
1.405100000000000016e+01 -1.099067989769164377e+01
1.545599999999999952e+01 -1.105459280227260876e+01
1.700199999999999889e+01 -1.111731677212543978e+01
1.870200000000000173e+01 -1.117883964500606808e+01
2.057199999999999918e+01 -1.123923785987912893e+01
2.262999999999999901e+01 -1.129859422829534488e+01
2.489300000000000068e+01 -1.135697440679711612e+01
2.738200000000000145e+01 -1.141455542585927851e+01
3.012000000000000099e+01 -1.147153595151931071e+01
3.313199999999999790e+01 -1.152816388213850018e+01
3.644500000000000028e+01 -1.158467058470584021e+01
4.009000000000000341e+01 -1.164130478093521681e+01
4.409899999999999665e+01 -1.169832041981725723e+01
4.850900000000000034e+01 -1.175600326474230251e+01
5.335900000000000176e+01 -1.181461397114989786e+01
5.869500000000000028e+01 -1.187448575135678830e+01
6.456499999999999773e+01 -1.193586750889277504e+01
7.102100000000000080e+01 -1.199897360169900473e+01
7.812399999999999523e+01 -1.206407893453473257e+01
8.593600000000000705e+01 -1.213138752567251899e+01
9.453000000000000114e+01 -1.220108390998999681e+01
1.039830000000000041e+02 -1.227330492491220859e+01
1.143810000000000002e+02 -1.234811051586566322e+01
1.258190000000000026e+02 -1.242563038356414928e+01
1.384010000000000105e+02 -1.250613422890541493e+01
1.522410000000000139e+02 -1.259018867565482935e+01
1.674650000000000034e+02 -1.267875794724753646e+01
1.842110000000000127e+02 -1.277327992606648088e+01
2.026330000000000098e+02 -1.287550369009787943e+01
2.228959999999999866e+02 -1.298727931579439421e+01
2.451850000000000023e+02 -1.311028807817375252e+01
2.697040000000000077e+02 -1.324581997733156413e+01
2.966739999999999782e+02 -1.339484555576624203e+01
3.263419999999999845e+02 -1.355813873501982769e+01
3.589759999999999991e+02 -1.373616717168202861e+01
3.948729999999999905e+02 -1.392939059523784273e+01
