# # theta [arcmin], log_e(xim)
5.000000000000000000e-01 -1.094496006087122453e+01
5.500000000000000444e-01 -1.092121871587026583e+01
6.049999999999999822e-01 -1.089865916726373030e+01
6.660000000000000364e-01 -1.087725539608781666e+01
7.319999999999999840e-01 -1.085759853866407276e+01
8.050000000000000488e-01 -1.083929857156819132e+01
8.860000000000000098e-01 -1.082248795224655424e+01
9.739999999999999769e-01 -1.080767779156554731e+01
1.072000000000000064e+00 -1.079467112361055392e+01
1.179000000000000048e+00 -1.078394069140599676e+01
1.296999999999999931e+00 -1.077547818551371606e+01
1.427000000000000046e+00 -1.076943884479759106e+01
1.568999999999999950e+00 -1.076602427007891727e+01
1.725999999999999979e+00 -1.076537864471292494e+01
1.899000000000000021e+00 -1.076772725217857740e+01
2.088999999999999968e+00 -1.077326070059652885e+01
2.297000000000000153e+00 -1.078203269718200730e+01
2.527000000000000135e+00 -1.079425187318516244e+01
2.779999999999999805e+00 -1.081002104150432430e+01
3.057999999999999829e+00 -1.082946050620789613e+01
3.363999999999999879e+00 -1.085273183730297752e+01
3.700000000000000178e+00 -1.087988450936759044e+01
4.070000000000000284e+00 -1.091098170849146243e+01
4.477000000000000313e+00 -1.094599761827091911e+01
4.924999999999999822e+00 -1.098497786246160324e+01
5.416999999999999815e+00 -1.102782388553749549e+01
5.958999999999999631e+00 -1.107464279248839034e+01
6.554999999999999716e+00 -1.112528086984534248e+01
7.209999999999999964e+00 -1.117948209645665258e+01
7.932000000000000384e+00 -1.123723576441896377e+01
8.724999999999999645e+00 -1.129813187777943106e+01
9.596999999999999531e+00 -1.136200256023731114e+01
1.055700000000000038e+01 -1.142869461673696740e+01
1.161299999999999955e+01 -1.149784573773513685e+01
1.277399999999999913e+01 -1.156898525898458630e+01
1.405100000000000016e+01 -1.164179983267413832e+01
1.545599999999999952e+01 -1.171596055340778619e+01
1.700199999999999889e+01 -1.179108502084059573e+01
1.870200000000000173e+01 -1.186680303948344317e+01
2.057199999999999918e+01 -1.194275176184570775e+01
2.262999999999999901e+01 -1.201857003361183907e+01
2.489300000000000068e+01 -1.209391410886584950e+01
2.738200000000000145e+01 -1.216859980517080331e+01
3.012000000000000099e+01 -1.224246633448465538e+01
3.313199999999999790e+01 -1.231548491401921019e+01
3.644500000000000028e+01 -1.238758085318223578e+01
4.009000000000000341e+01 -1.245880104442510472e+01
4.409899999999999665e+01 -1.252927551095600300e+01
4.850900000000000034e+01 -1.259920531177076874e+01
5.335900000000000176e+01 -1.266882550525382101e+01
5.869500000000000028e+01 -1.273853840377510593e+01
6.456499999999999773e+01 -1.280863935921929553e+01
7.102100000000000080e+01 -1.287942739492435074e+01
7.812399999999999523e+01 -1.295138297237337000e+01
8.593600000000000705e+01 -1.302492319493986095e+01
9.453000000000000114e+01 -1.310044338546447307e+01
1.039830000000000041e+02 -1.317836140592827299e+01
1.143810000000000002e+02 -1.325894799781720579e+01
1.258190000000000026e+02 -1.334253946100926136e+01
1.384010000000000105e+02 -1.342941517086973668e+01
1.522410000000000139e+02 -1.351988338160551884e+01
1.674650000000000034e+02 -1.361423477287850581e+01
1.842110000000000127e+02 -1.371274731229392074e+01
2.026330000000000098e+02 -1.381551875799789464e+01
2.228959999999999866e+02 -1.392265633291624916e+01
2.451850000000000023e+02 -1.403417341260950479e+01
2.697040000000000077e+02 -1.415001117949651110e+01
2.966739999999999782e+02 -1.427011149997877126e+01
3.263419999999999845e+02 -1.439439966380481195e+01
3.589759999999999991e+02 -1.452272441190249275e+01
3.948729999999999905e+02 -1.465508379687626750e+01
