# # theta [arcmin], log_e(xim)
5.000000000000000000e-01 -1.097451405203469577e+01
5.500000000000000444e-01 -1.095052327694138761e+01
6.049999999999999822e-01 -1.092770431039946821e+01
6.660000000000000364e-01 -1.090602704317621630e+01
7.319999999999999840e-01 -1.088608797313954746e+01
8.050000000000000488e-01 -1.086749220293988039e+01
8.860000000000000098e-01 -1.085036791277055812e+01
9.739999999999999769e-01 -1.083523309716515293e+01
1.072000000000000064e+00 -1.082188049250215300e+01
1.179000000000000048e+00 -1.081078881107248613e+01
1.296999999999999931e+00 -1.080194671602211542e+01
1.427000000000000046e+00 -1.079550722407521413e+01
1.568999999999999950e+00 -1.079167490972181476e+01
1.725999999999999979e+00 -1.079058993912896014e+01
1.899000000000000021e+00 -1.079247639601592290e+01
2.088999999999999968e+00 -1.079752865347105129e+01
2.297000000000000153e+00 -1.080580092441943307e+01
2.527000000000000135e+00 -1.081749788649516297e+01
2.779999999999999805e+00 -1.083272675519671147e+01
3.057999999999999829e+00 -1.085161008295178497e+01
3.363999999999999879e+00 -1.087430997464067950e+01
3.700000000000000178e+00 -1.090087988584732415e+01
4.070000000000000284e+00 -1.093138605134710417e+01
4.477000000000000313e+00 -1.096580629263551643e+01
4.924999999999999822e+00 -1.100418982369692600e+01
5.416999999999999815e+00 -1.104644490946711244e+01
5.958999999999999631e+00 -1.109268143839761933e+01
6.554999999999999716e+00 -1.114275253017638256e+01
7.209999999999999964e+00 -1.119640742427399616e+01
7.932000000000000384e+00 -1.125363978062515535e+01
8.724999999999999645e+00 -1.131404591811198124e+01
9.596999999999999531e+00 -1.137746231439213496e+01
1.055700000000000038e+01 -1.144373901222133938e+01
1.161299999999999955e+01 -1.151251554899726237e+01
1.277399999999999913e+01 -1.158332378792727724e+01
1.405100000000000016e+01 -1.165584847826980841e+01
1.545599999999999952e+01 -1.172975784866549809e+01
1.700199999999999889e+01 -1.180466576088286423e+01
1.870200000000000173e+01 -1.188019533747059953e+01
2.057199999999999918e+01 -1.195597469018587056e+01
2.262999999999999901e+01 -1.203163223017246075e+01
2.489300000000000068e+01 -1.210681264020347569e+01
2.738200000000000145e+01 -1.218131935185410697e+01
3.012000000000000099e+01 -1.225497826636446952e+01
3.313199999999999790e+01 -1.232774887483970438e+01
3.644500000000000028e+01 -1.239954477958492518e+01
4.009000000000000341e+01 -1.247040414373370609e+01
4.409899999999999665e+01 -1.254044975845661014e+01
4.850900000000000034e+01 -1.260987783207073498e+01
5.335900000000000176e+01 -1.267892063613908427e+01
5.869500000000000028e+01 -1.274798069499599151e+01
6.456499999999999773e+01 -1.281735563985479054e+01
7.102100000000000080e+01 -1.288734738328220786e+01
7.812399999999999523e+01 -1.295844003455681737e+01
8.593600000000000705e+01 -1.303105756803670090e+01
9.453000000000000114e+01 -1.310560164345113598e+01
1.039830000000000041e+02 -1.318249562045908441e+01
1.143810000000000002e+02 -1.326201632571955535e+01
1.258190000000000026e+02 -1.334450805276127383e+01
1.384010000000000105e+02 -1.343025700075014761e+01
1.522410000000000139e+02 -1.351957761773096145e+01
1.674650000000000034e+02 -1.361277055046041262e+01
1.842110000000000127e+02 -1.371012044274452002e+01
2.026330000000000098e+02 -1.381172572947241939e+01
2.228959999999999866e+02 -1.391768836603566406e+01
2.451850000000000023e+02 -1.402800934138472044e+01
2.697040000000000077e+02 -1.414262170660873963e+01
2.966739999999999782e+02 -1.426146052992762314e+01
3.263419999999999845e+02 -1.438444351624129247e+01
3.589759999999999991e+02 -1.451142135379344289e+01
3.948729999999999905e+02 -1.464240766931218118e+01
