# # theta [arcmin], log_e(xip)
5.000000000000000000e-01 -9.462444125978404230e+00
5.500000000000000444e-01 -9.511358306396342499e+00
6.049999999999999822e-01 -9.562336279698183006e+00
6.660000000000000364e-01 -9.615834680510674914e+00
7.319999999999999840e-01 -9.670549405267077958e+00
8.050000000000000488e-01 -9.727681844520040144e+00
8.860000000000000098e-01 -9.787411929234536956e+00
9.739999999999999769e-01 -9.848457090068487574e+00
1.072000000000000064e+00 -9.912298858324705364e+00
1.179000000000000048e+00 -9.977632602300293030e+00
1.296999999999999931e+00 -1.004503590960027459e+01
1.427000000000000046e+00 -1.011433180131928466e+01
1.568999999999999950e+00 -1.018480989103532686e+01
1.725999999999999979e+00 -1.025719376466598654e+01
1.899000000000000021e+00 -1.033108140525487073e+01
2.088999999999999968e+00 -1.040607685477818123e+01
2.297000000000000153e+00 -1.048176081370700174e+01
2.527000000000000135e+00 -1.055868136114203892e+01
2.779999999999999805e+00 -1.063621416658179974e+01
3.057999999999999829e+00 -1.071407367795848486e+01
3.363999999999999879e+00 -1.079219959664189155e+01
3.700000000000000178e+00 -1.087024192305735681e+01
4.070000000000000284e+00 -1.094822946035839806e+01
4.477000000000000313e+00 -1.102589634541967634e+01
4.924999999999999822e+00 -1.110315829069992510e+01
5.416999999999999815e+00 -1.117975151887680596e+01
5.958999999999999631e+00 -1.125586601541658283e+01
6.554999999999999716e+00 -1.133137170285518636e+01
7.209999999999999964e+00 -1.140621595960829282e+01
7.932000000000000384e+00 -1.148069063483687025e+01
8.724999999999999645e+00 -1.155462492768645788e+01
9.596999999999999531e+00 -1.162826392852923618e+01
1.055700000000000038e+01 -1.170190916463773334e+01
1.161299999999999955e+01 -1.177574609355598412e+01
1.277399999999999913e+01 -1.184994345048528075e+01
1.405100000000000016e+01 -1.192480948025467491e+01
1.545599999999999952e+01 -1.200066317762498613e+01
1.700199999999999889e+01 -1.207781031003849392e+01
1.870200000000000173e+01 -1.215654541972408431e+01
2.057199999999999918e+01 -1.223722487660542058e+01
2.262999999999999901e+01 -1.232017526224484349e+01
2.489300000000000068e+01 -1.240564372357100176e+01
2.738200000000000145e+01 -1.249398061016033878e+01
3.012000000000000099e+01 -1.258551305306149892e+01
3.313199999999999790e+01 -1.268059784166998583e+01
3.644500000000000028e+01 -1.277952821292705643e+01
4.009000000000000341e+01 -1.288261092074996483e+01
4.409899999999999665e+01 -1.299011086469823262e+01
4.850900000000000034e+01 -1.310231813248336152e+01
5.335900000000000176e+01 -1.321947963718966257e+01
5.869500000000000028e+01 -1.334197691654920881e+01
6.456499999999999773e+01 -1.347005238747870948e+01
7.102100000000000080e+01 -1.360388994139679397e+01
7.812399999999999523e+01 -1.374384220211303287e+01
8.593600000000000705e+01 -1.389014542274769504e+01
9.453000000000000114e+01 -1.404307059762142451e+01
1.039830000000000041e+02 -1.420293620989636985e+01
1.143810000000000002e+02 -1.436993128860811453e+01
1.258190000000000026e+02 -1.454425362132027111e+01
1.384010000000000105e+02 -1.472601605661778734e+01
1.522410000000000139e+02 -1.491539395414735836e+01
1.674650000000000034e+02 -1.511263427499056178e+01
1.842110000000000127e+02 -1.531830592688955583e+01
2.026330000000000098e+02 -1.553306054590511920e+01
2.228959999999999866e+02 -1.575818524677057653e+01
2.451850000000000023e+02 -1.599556302360230120e+01
2.697040000000000077e+02 -1.624756444996010885e+01
2.966739999999999782e+02 -1.651725736724839777e+01
3.263419999999999845e+02 -1.680897779864307040e+01
3.589759999999999991e+02 -1.712730380257174190e+01
3.948729999999999905e+02 -1.747923740773929069e+01
