# # theta [arcmin], log_e(xim)
5.000000000000000000e-01 -1.158056992454470624e+01
5.500000000000000444e-01 -1.154787618752289902e+01
6.049999999999999822e-01 -1.151569128633024874e+01
6.660000000000000364e-01 -1.148384250407856477e+01
7.319999999999999840e-01 -1.145312282794957426e+01
8.050000000000000488e-01 -1.142284712924365664e+01
8.860000000000000098e-01 -1.139303531750066512e+01
9.739999999999999769e-01 -1.136440546485162173e+01
1.072000000000000064e+00 -1.133635541643560884e+01
1.179000000000000048e+00 -1.130958062095988126e+01
1.296999999999999931e+00 -1.128385869062850766e+01
1.427000000000000046e+00 -1.125930314636260476e+01
1.568999999999999950e+00 -1.123622673924883841e+01
1.725999999999999979e+00 -1.121449189753447051e+01
1.899000000000000021e+00 -1.119434810513040190e+01
2.088999999999999968e+00 -1.117602617669141374e+01
2.297000000000000153e+00 -1.115965370529957390e+01
2.527000000000000135e+00 -1.114518368498940859e+01
2.779999999999999805e+00 -1.113286842532996523e+01
3.057999999999999829e+00 -1.112288741095614597e+01
3.363999999999999879e+00 -1.111540046290502737e+01
3.700000000000000178e+00 -1.111059058424931223e+01
4.070000000000000284e+00 -1.110853092972073952e+01
4.477000000000000313e+00 -1.110934479797309393e+01
4.924999999999999822e+00 -1.111318873272311691e+01
5.416999999999999815e+00 -1.112020252794358477e+01
5.958999999999999631e+00 -1.113056250158392757e+01
6.554999999999999716e+00 -1.114438371096666103e+01
7.209999999999999964e+00 -1.116167792276686122e+01
7.932000000000000384e+00 -1.118256903468292940e+01
8.724999999999999645e+00 -1.120706119505688569e+01
9.596999999999999531e+00 -1.123524145701084720e+01
1.055700000000000038e+01 -1.126722387032140560e+01
1.161299999999999955e+01 -1.130299603688975907e+01
1.277399999999999913e+01 -1.134244878254419753e+01
1.405100000000000016e+01 -1.138556708625156055e+01
1.545599999999999952e+01 -1.143233398482293062e+01
1.700199999999999889e+01 -1.148268825212450572e+01
1.870200000000000173e+01 -1.153654983583401616e+01
2.057199999999999918e+01 -1.159378287108710204e+01
2.262999999999999901e+01 -1.165418792255546698e+01
2.489300000000000068e+01 -1.171753582182827458e+01
2.738200000000000145e+01 -1.178365458751734884e+01
3.012000000000000099e+01 -1.185231354854434294e+01
3.313199999999999790e+01 -1.192330744108686247e+01
3.644500000000000028e+01 -1.199626871262073635e+01
4.009000000000000341e+01 -1.207082243092684593e+01
4.409899999999999665e+01 -1.214659296125759447e+01
4.850900000000000034e+01 -1.222319418615342457e+01
5.335900000000000176e+01 -1.230015983349398567e+01
5.869500000000000028e+01 -1.237713692391890419e+01
6.456499999999999773e+01 -1.245357139136663349e+01
7.102100000000000080e+01 -1.252892355508332578e+01
7.812399999999999523e+01 -1.260282908441713268e+01
8.593600000000000705e+01 -1.267489425363822342e+01
9.453000000000000114e+01 -1.274473994331324178e+01
1.039830000000000041e+02 -1.281212108625006785e+01
1.143810000000000002e+02 -1.287683504522765965e+01
1.258190000000000026e+02 -1.293906979318214034e+01
1.384010000000000105e+02 -1.299926339070603376e+01
1.522410000000000139e+02 -1.305814381337816954e+01
1.674650000000000034e+02 -1.311649314100595731e+01
1.842110000000000127e+02 -1.317485264984649973e+01
2.026330000000000098e+02 -1.323304413157737258e+01
2.228959999999999866e+02 -1.329022123955554413e+01
2.451850000000000023e+02 -1.334497706911893289e+01
2.697040000000000077e+02 -1.339597687793723857e+01
2.966739999999999782e+02 -1.344254591454720327e+01
3.263419999999999845e+02 -1.348484227459892182e+01
3.589759999999999991e+02 -1.352389672502274287e+01
3.948729999999999905e+02 -1.356140103958968268e+01
