# # theta [arcmin], log_e(xim)
5.000000000000000000e-01 -1.149506590066946288e+01
5.500000000000000444e-01 -1.146933067819393059e+01
6.049999999999999822e-01 -1.144462123053935620e+01
6.660000000000000364e-01 -1.142087513817241451e+01
7.319999999999999840e-01 -1.139872751472634427e+01
8.050000000000000488e-01 -1.137772172150422634e+01
8.860000000000000098e-01 -1.135795968885279628e+01
9.739999999999999769e-01 -1.133999957621663768e+01
1.072000000000000064e+00 -1.132354719875434235e+01
1.179000000000000048e+00 -1.130912376712476508e+01
1.296999999999999931e+00 -1.129666957925999426e+01
1.427000000000000046e+00 -1.128632629120268760e+01
1.568999999999999950e+00 -1.127831748210728868e+01
1.725999999999999979e+00 -1.127272029439441781e+01
1.899000000000000021e+00 -1.126976127091124802e+01
2.088999999999999968e+00 -1.126963973617039194e+01
2.297000000000000153e+00 -1.127242541294445211e+01
2.527000000000000135e+00 -1.127826686701528125e+01
2.779999999999999805e+00 -1.128730338774058417e+01
3.057999999999999829e+00 -1.129967307026001677e+01
3.363999999999999879e+00 -1.131554453850538167e+01
3.700000000000000178e+00 -1.133500608354750661e+01
4.070000000000000284e+00 -1.135813698857844756e+01
4.477000000000000313e+00 -1.138496154198255894e+01
4.924999999999999822e+00 -1.141557191971431884e+01
5.416999999999999815e+00 -1.144995160477641605e+01
5.958999999999999631e+00 -1.148825138913702659e+01
6.554999999999999716e+00 -1.153041634242034519e+01
7.209999999999999964e+00 -1.157629016863449856e+01
7.932000000000000384e+00 -1.162593728848323238e+01
8.724999999999999645e+00 -1.167908619424871652e+01
9.596999999999999531e+00 -1.173567534378362609e+01
1.055700000000000038e+01 -1.179566178782901709e+01
1.161299999999999955e+01 -1.185880432548003327e+01
1.277399999999999913e+01 -1.192474879379111918e+01
1.405100000000000016e+01 -1.199327215977931260e+01
1.545599999999999952e+01 -1.206412474627452092e+01
1.700199999999999889e+01 -1.213698473855923687e+01
1.870200000000000173e+01 -1.221150618048150349e+01
2.057199999999999918e+01 -1.228730743011180593e+01
2.262999999999999901e+01 -1.236395809092005749e+01
2.489300000000000068e+01 -1.244099757554295493e+01
2.738200000000000145e+01 -1.251807036163404518e+01
3.012000000000000099e+01 -1.259479244223196481e+01
3.313199999999999790e+01 -1.267086905590317158e+01
3.644500000000000028e+01 -1.274591659095698937e+01
4.009000000000000341e+01 -1.281964553579918409e+01
4.409899999999999665e+01 -1.289184746882252774e+01
4.850900000000000034e+01 -1.296239266686045255e+01
5.335900000000000176e+01 -1.303119585748769538e+01
5.869500000000000028e+01 -1.309838174921079101e+01
6.456499999999999773e+01 -1.316400497854367835e+01
7.102100000000000080e+01 -1.322819122446668949e+01
7.812399999999999523e+01 -1.329129162630755268e+01
8.593600000000000705e+01 -1.335365944535857707e+01
9.453000000000000114e+01 -1.341566923372639941e+01
1.039830000000000041e+02 -1.347777055387137857e+01
1.143810000000000002e+02 -1.354030600702360587e+01
1.258190000000000026e+02 -1.360371758138728815e+01
1.384010000000000105e+02 -1.366843542229489117e+01
1.522410000000000139e+02 -1.373497720144780132e+01
1.674650000000000034e+02 -1.380389824263610876e+01
1.842110000000000127e+02 -1.387577332650750250e+01
2.026330000000000098e+02 -1.395100616410804406e+01
2.228959999999999866e+02 -1.402990722504907950e+01
2.451850000000000023e+02 -1.411254610475684679e+01
2.697040000000000077e+02 -1.419877063274829787e+01
2.966739999999999782e+02 -1.428839737961755141e+01
3.263419999999999845e+02 -1.438126361546981435e+01
3.589759999999999991e+02 -1.447721760030941063e+01
3.948729999999999905e+02 -1.457638469733113240e+01
