# # theta [arcmin], log_e(xim)
5.000000000000000000e-01 -1.122361596749322210e+01
5.500000000000000444e-01 -1.119815195210048309e+01
6.049999999999999822e-01 -1.117363933392309505e+01
6.660000000000000364e-01 -1.115001162348961650e+01
7.319999999999999840e-01 -1.112789778560205178e+01
8.050000000000000488e-01 -1.110683721772026011e+01
8.860000000000000098e-01 -1.108692858369265188e+01
9.739999999999999769e-01 -1.106872886592256044e+01
1.072000000000000064e+00 -1.105193672299147245e+01
1.179000000000000048e+00 -1.103707769602433153e+01
1.296999999999999931e+00 -1.102408781463078213e+01
1.427000000000000046e+00 -1.101311124479603087e+01
1.568999999999999950e+00 -1.100437983842363820e+01
1.725999999999999979e+00 -1.099796639567263412e+01
1.899000000000000021e+00 -1.099410548142183508e+01
2.088999999999999968e+00 -1.099300670932432311e+01
2.297000000000000153e+00 -1.099475329329325390e+01
2.527000000000000135e+00 -1.099949304185994947e+01
2.779999999999999805e+00 -1.100738458087427496e+01
3.057999999999999829e+00 -1.101858111430885145e+01
3.363999999999999879e+00 -1.103326300775020030e+01
3.700000000000000178e+00 -1.105153759501458488e+01
4.070000000000000284e+00 -1.107349638491234600e+01
4.477000000000000313e+00 -1.109918337246720732e+01
4.924999999999999822e+00 -1.112870442253155900e+01
5.416999999999999815e+00 -1.116206016437566362e+01
5.958999999999999631e+00 -1.119941483998636222e+01
6.554999999999999716e+00 -1.124072664177359826e+01
7.209999999999999964e+00 -1.128585284257497356e+01
7.932000000000000384e+00 -1.133486380198712418e+01
8.724999999999999645e+00 -1.138749882732223462e+01
9.596999999999999531e+00 -1.144370261992922266e+01
1.055700000000000038e+01 -1.150343662672700873e+01
1.161299999999999955e+01 -1.156646095541217889e+01
1.277399999999999913e+01 -1.163242434684915771e+01
1.405100000000000016e+01 -1.170110398030870513e+01
1.545599999999999952e+01 -1.177225023338947452e+01
1.700199999999999889e+01 -1.184554186489340566e+01
1.870200000000000173e+01 -1.192063403776440289e+01
2.057199999999999918e+01 -1.199714778235915169e+01
2.262999999999999901e+01 -1.207465691433984567e+01
2.489300000000000068e+01 -1.215270630139585251e+01
2.738200000000000145e+01 -1.223095014021018478e+01
3.012000000000000099e+01 -1.230901630635816169e+01
3.313199999999999790e+01 -1.238662520791777233e+01
3.644500000000000028e+01 -1.246340865289760558e+01
4.009000000000000341e+01 -1.253909635516165721e+01
4.409899999999999665e+01 -1.261349877518482110e+01
4.850900000000000034e+01 -1.268650389391301125e+01
5.335900000000000176e+01 -1.275804184329533619e+01
5.869500000000000028e+01 -1.282825375597399287e+01
6.456499999999999773e+01 -1.289720385951694226e+01
7.102100000000000080e+01 -1.296502165152731401e+01
7.812399999999999523e+01 -1.303206436893568032e+01
8.593600000000000705e+01 -1.309868103105865167e+01
9.453000000000000114e+01 -1.316523956366583370e+01
1.039830000000000041e+02 -1.323217601127116971e+01
1.143810000000000002e+02 -1.329982098241369215e+01
1.258190000000000026e+02 -1.336860156874741001e+01
1.384010000000000105e+02 -1.343891485645211681e+01
1.522410000000000139e+02 -1.351123762807881157e+01
1.674650000000000034e+02 -1.358607404890895864e+01
1.842110000000000127e+02 -1.366394464434032230e+01
2.026330000000000098e+02 -1.374521147327867965e+01
2.228959999999999866e+02 -1.383018510437180382e+01
2.451850000000000023e+02 -1.391898185931179555e+01
2.697040000000000077e+02 -1.401154137875688122e+01
2.966739999999999782e+02 -1.410776654148396148e+01
3.263419999999999845e+02 -1.420755616174647962e+01
3.589759999999999991e+02 -1.431079540099208103e+01
3.948729999999999905e+02 -1.441755731641956118e+01
