# # theta [arcmin], log_e(xim)
5.000000000000000000e-01 -1.126971814398988769e+01
5.500000000000000444e-01 -1.124574053093165027e+01
6.049999999999999822e-01 -1.122320122915422580e+01
6.660000000000000364e-01 -1.120208903560766345e+01
7.319999999999999840e-01 -1.118299241947450007e+01
8.050000000000000488e-01 -1.116553660354644784e+01
8.860000000000000098e-01 -1.114986276624691541e+01
9.739999999999999769e-01 -1.113645808986572838e+01
1.072000000000000064e+00 -1.112515329112638618e+01
1.179000000000000048e+00 -1.111638270959916674e+01
1.296999999999999931e+00 -1.111014261757589061e+01
1.427000000000000046e+00 -1.110656808838533749e+01
1.568999999999999950e+00 -1.110581504446447099e+01
1.725999999999999979e+00 -1.110803385461380088e+01
1.899000000000000021e+00 -1.111340800913196603e+01
2.088999999999999968e+00 -1.112208477425841302e+01
2.297000000000000153e+00 -1.113406651578164563e+01
2.527000000000000135e+00 -1.114955121160063101e+01
2.779999999999999805e+00 -1.116858143522599356e+01
3.057999999999999829e+00 -1.119122827229191763e+01
3.363999999999999879e+00 -1.121761531045440208e+01
3.700000000000000178e+00 -1.124774056684801593e+01
4.070000000000000284e+00 -1.128163598202966078e+01
4.477000000000000313e+00 -1.131923296970239257e+01
4.924999999999999822e+00 -1.136054692588579584e+01
5.416999999999999815e+00 -1.140544509778617766e+01
5.958999999999999631e+00 -1.145401713867611981e+01
6.554999999999999716e+00 -1.150608888771123972e+01
7.209999999999999964e+00 -1.156138981722212833e+01
7.932000000000000384e+00 -1.161990963136915234e+01
8.724999999999999645e+00 -1.168123086857012183e+01
9.596999999999999531e+00 -1.174518834626449504e+01
1.055700000000000038e+01 -1.181163478127121103e+01
1.161299999999999955e+01 -1.188021425126578201e+01
1.277399999999999913e+01 -1.195046515674590104e+01
1.405100000000000016e+01 -1.202208031858364734e+01
1.545599999999999952e+01 -1.209473433255781138e+01
1.700199999999999889e+01 -1.216804495143351694e+01
1.870200000000000173e+01 -1.224163723445846408e+01
2.057199999999999918e+01 -1.231513712350605694e+01
2.262999999999999901e+01 -1.238816782794873994e+01
2.489300000000000068e+01 -1.246036610672660849e+01
2.738200000000000145e+01 -1.253152193863409813e+01
3.012000000000000099e+01 -1.260144951150328829e+01
3.313199999999999790e+01 -1.267009229455147512e+01
3.644500000000000028e+01 -1.273735202853274373e+01
4.009000000000000341e+01 -1.280325458815595319e+01
4.409899999999999665e+01 -1.286791924066312376e+01
4.850900000000000034e+01 -1.293154179837224405e+01
5.335900000000000176e+01 -1.299436645926892275e+01
5.869500000000000028e+01 -1.305680412738777285e+01
6.456499999999999773e+01 -1.311917446738693904e+01
7.102100000000000080e+01 -1.318180875729991008e+01
7.812399999999999523e+01 -1.324521316489630607e+01
8.593600000000000705e+01 -1.330984241114753175e+01
9.453000000000000114e+01 -1.337613432044851791e+01
1.039830000000000041e+02 -1.344454442133077698e+01
1.143810000000000002e+02 -1.351538596571393391e+01
1.258190000000000026e+02 -1.358902938271869942e+01
1.384010000000000105e+02 -1.366580258952351734e+01
1.522410000000000139e+02 -1.374606845406398214e+01
1.674650000000000034e+02 -1.383018449550234230e+01
1.842110000000000127e+02 -1.391848891322053561e+01
2.026330000000000098e+02 -1.401112090085694462e+01
2.228959999999999866e+02 -1.410818078392728125e+01
2.451850000000000023e+02 -1.420965375151791399e+01
2.697040000000000077e+02 -1.431545344741650894e+01
2.966739999999999782e+02 -1.442549504154464302e+01
3.263419999999999845e+02 -1.453973074259093679e+01
3.589759999999999991e+02 -1.465803400071057894e+01
3.948729999999999905e+02 -1.478041948129601479e+01
