# # theta [arcmin], log_e(xim)
5.000000000000000000e-01 -1.164668351185031447e+01
5.500000000000000444e-01 -1.162192002020290715e+01
6.049999999999999822e-01 -1.159807504889991137e+01
6.660000000000000364e-01 -1.157508388745775463e+01
7.319999999999999840e-01 -1.155355497801623166e+01
8.050000000000000488e-01 -1.153303807430587646e+01
8.860000000000000098e-01 -1.151362661071546789e+01
9.739999999999999769e-01 -1.149586286262600510e+01
1.072000000000000064e+00 -1.147945103783258070e+01
1.179000000000000048e+00 -1.146490226150664782e+01
1.296999999999999931e+00 -1.145215120729097436e+01
1.427000000000000046e+00 -1.144133437178649615e+01
1.568999999999999950e+00 -1.143267631706848064e+01
1.725999999999999979e+00 -1.142624422580342625e+01
1.899000000000000021e+00 -1.142226608338133076e+01
2.088999999999999968e+00 -1.142094445707771477e+01
2.297000000000000153e+00 -1.142235833384047972e+01
2.527000000000000135e+00 -1.142664502171425411e+01
2.779999999999999805e+00 -1.143396087672017458e+01
3.057999999999999829e+00 -1.144445499657868304e+01
3.363999999999999879e+00 -1.145830281902942893e+01
3.700000000000000178e+00 -1.147561137596245651e+01
4.070000000000000284e+00 -1.149647157569854805e+01
4.477000000000000313e+00 -1.152092719358250150e+01
4.924999999999999822e+00 -1.154908936693499300e+01
5.416999999999999815e+00 -1.158096857333927865e+01
5.958999999999999631e+00 -1.161673385246908019e+01
6.554999999999999716e+00 -1.165636001813188471e+01
7.209999999999999964e+00 -1.169972346610763303e+01
7.932000000000000384e+00 -1.174691183778893055e+01
8.724999999999999645e+00 -1.179769830667387431e+01
9.596999999999999531e+00 -1.185205719491082554e+01
1.055700000000000038e+01 -1.190998455287119207e+01
1.161299999999999955e+01 -1.197128673031190083e+01
1.277399999999999913e+01 -1.203566005312703524e+01
1.405100000000000016e+01 -1.210293121021088858e+01
1.545599999999999952e+01 -1.217290366878866337e+01
1.700199999999999889e+01 -1.224531047883000312e+01
1.870200000000000173e+01 -1.231985945175854269e+01
2.057199999999999918e+01 -1.239621671858127527e+01
2.262999999999999901e+01 -1.247399104569287687e+01
2.489300000000000068e+01 -1.255274888637692499e+01
2.738200000000000145e+01 -1.263214727838872697e+01
3.012000000000000099e+01 -1.271179431665071746e+01
3.313199999999999790e+01 -1.279136538285651881e+01
3.644500000000000028e+01 -1.287041587178140034e+01
4.009000000000000341e+01 -1.294857058736474897e+01
4.409899999999999665e+01 -1.302550621297979916e+01
4.850900000000000034e+01 -1.310095713462625255e+01
5.335900000000000176e+01 -1.317467613864008236e+01
5.869500000000000028e+01 -1.324662076401282107e+01
6.456499999999999773e+01 -1.331666500958989197e+01
7.102100000000000080e+01 -1.338475919236953082e+01
7.812399999999999523e+01 -1.345109802651393771e+01
8.593600000000000705e+01 -1.351588904514107448e+01
9.453000000000000114e+01 -1.357938365629193633e+01
1.039830000000000041e+02 -1.364193883624032644e+01
1.143810000000000002e+02 -1.370383860141765098e+01
1.258190000000000026e+02 -1.376548591797851451e+01
1.384010000000000105e+02 -1.382727529185155824e+01
1.522410000000000139e+02 -1.388972399721791717e+01
1.674650000000000034e+02 -1.395341481191155886e+01
1.842110000000000127e+02 -1.401899352638385743e+01
2.026330000000000098e+02 -1.408702103177730969e+01
2.228959999999999866e+02 -1.415805382605983986e+01
2.451850000000000023e+02 -1.423242728629675469e+01
2.697040000000000077e+02 -1.431014906946680831e+01
2.966739999999999782e+02 -1.439098706473575007e+01
3.263419999999999845e+02 -1.447466180463601226e+01
3.589759999999999991e+02 -1.456090116835805581e+01
3.948729999999999905e+02 -1.464962862137351607e+01
