# # theta [arcmin], log_e(xip)
5.000000000000000000e-01 -9.136336476666839346e+00
5.500000000000000444e-01 -9.180406882657056400e+00
6.049999999999999822e-01 -9.226459184856228291e+00
6.660000000000000364e-01 -9.274928921031795781e+00
7.319999999999999840e-01 -9.324656088238011620e+00
8.050000000000000488e-01 -9.376756178563963928e+00
8.860000000000000098e-01 -9.431424171037258830e+00
9.739999999999999769e-01 -9.487515436864862650e+00
1.072000000000000064e+00 -9.546421545072703907e+00
1.179000000000000048e+00 -9.606972803276811135e+00
1.296999999999999931e+00 -9.669735827388958427e+00
1.427000000000000046e+00 -9.734583103929628223e+00
1.568999999999999950e+00 -9.800881326453840359e+00
1.725999999999999979e+00 -9.869342970394741954e+00
1.899000000000000021e+00 -9.939621801723509620e+00
2.088999999999999968e+00 -1.001136590194539977e+01
2.297000000000000153e+00 -1.008419345520239752e+01
2.527000000000000135e+00 -1.015865003222215890e+01
2.779999999999999805e+00 -1.023414476920551586e+01
3.057999999999999829e+00 -1.031039830508485977e+01
3.363999999999999879e+00 -1.038734283450428464e+01
3.700000000000000178e+00 -1.046460767141016390e+01
4.070000000000000284e+00 -1.054219427622371263e+01
4.477000000000000313e+00 -1.061979896425660641e+01
4.924999999999999822e+00 -1.069728458360164502e+01
5.416999999999999815e+00 -1.077432415481195527e+01
5.958999999999999631e+00 -1.085104193908722792e+01
6.554999999999999716e+00 -1.092723098716599672e+01
7.209999999999999964e+00 -1.100276826454935630e+01
7.932000000000000384e+00 -1.107787372329260478e+01
8.724999999999999645e+00 -1.115230710652093649e+01
9.596999999999999531e+00 -1.122625365265941788e+01
1.055700000000000038e+01 -1.129996155079786391e+01
1.161299999999999955e+01 -1.137357143186570241e+01
1.277399999999999913e+01 -1.144721918842448360e+01
1.405100000000000016e+01 -1.152118719930530233e+01
1.545599999999999952e+01 -1.159577493291272177e+01
1.700199999999999889e+01 -1.167127978438993630e+01
1.870200000000000173e+01 -1.174799459415419101e+01
2.057199999999999918e+01 -1.182627740737284050e+01
2.262999999999999901e+01 -1.190645602397011871e+01
2.489300000000000068e+01 -1.198878621370036157e+01
2.738200000000000145e+01 -1.207362381366315596e+01
3.012000000000000099e+01 -1.216130082983397998e+01
3.313199999999999790e+01 -1.225217941323042403e+01
3.644500000000000028e+01 -1.234655775933076605e+01
4.009000000000000341e+01 -1.244474286410178898e+01
4.409899999999999665e+01 -1.254700501376747823e+01
4.850900000000000034e+01 -1.265363743905808391e+01
5.335900000000000176e+01 -1.276488720453524017e+01
5.869500000000000028e+01 -1.288112807327009079e+01
6.456499999999999773e+01 -1.300260008153586000e+01
7.102100000000000080e+01 -1.312948366660574528e+01
7.812399999999999523e+01 -1.326211464483646552e+01
8.593600000000000705e+01 -1.340071115029541993e+01
9.453000000000000114e+01 -1.354551624571742785e+01
1.039830000000000041e+02 -1.369679284814080233e+01
1.143810000000000002e+02 -1.385465365013014249e+01
1.258190000000000026e+02 -1.401919136816844258e+01
1.384010000000000105e+02 -1.419040839192714110e+01
1.522410000000000139e+02 -1.436840617690169530e+01
1.674650000000000034e+02 -1.455348315271230675e+01
1.842110000000000127e+02 -1.474642748301713979e+01
2.026330000000000098e+02 -1.494828674306226901e+01
2.228959999999999866e+02 -1.516061422454211716e+01
2.451850000000000023e+02 -1.538525671435706244e+01
2.697040000000000077e+02 -1.562427235100074085e+01
2.966739999999999782e+02 -1.588010999069468632e+01
3.263419999999999845e+02 -1.615591247802099417e+01
3.589759999999999991e+02 -1.645510341094657747e+01
3.948729999999999905e+02 -1.678273487248122464e+01
