# # theta [arcmin], log_e(xip)
5.000000000000000000e-01 -8.868114007859778880e+00
5.500000000000000444e-01 -8.908860429457202912e+00
6.049999999999999822e-01 -8.951519300286038927e+00
6.660000000000000364e-01 -8.996516110663307586e+00
7.319999999999999840e-01 -9.042793255027257615e+00
8.050000000000000488e-01 -9.091413990189161964e+00
8.860000000000000098e-01 -9.142588269925363775e+00
9.739999999999999769e-01 -9.195274435303815608e+00
1.072000000000000064e+00 -9.250812115341535247e+00
1.179000000000000048e+00 -9.308134143342389422e+00
1.296999999999999931e+00 -9.367812060252443729e+00
1.427000000000000046e+00 -9.429766092994219306e+00
1.568999999999999950e+00 -9.493429408584750817e+00
1.725999999999999979e+00 -9.559526144186882846e+00
1.899000000000000021e+00 -9.627766731483623275e+00
2.088999999999999968e+00 -9.697847334721211965e+00
2.297000000000000153e+00 -9.769429498622011820e+00
2.527000000000000135e+00 -9.843085261315660972e+00
2.779999999999999805e+00 -9.918262161528524246e+00
3.057999999999999829e+00 -9.994703684403303257e+00
3.363999999999999879e+00 -1.007235293114766961e+01
3.700000000000000178e+00 -1.015083542942222117e+01
4.070000000000000284e+00 -1.023014332865054676e+01
4.477000000000000313e+00 -1.030994505290263774e+01
4.924999999999999822e+00 -1.039006098588660798e+01
5.416999999999999815e+00 -1.047009794578831432e+01
5.958999999999999631e+00 -1.055011571746168109e+01
6.554999999999999716e+00 -1.062981268456457684e+01
7.209999999999999964e+00 -1.070896928871378506e+01
7.932000000000000384e+00 -1.078771194904769182e+01
8.724999999999999645e+00 -1.086568139513205189e+01
9.596999999999999531e+00 -1.094296451607506881e+01
1.055700000000000038e+01 -1.101971386124946228e+01
1.161299999999999955e+01 -1.109597720797558118e+01
1.277399999999999913e+01 -1.117181116228599969e+01
1.405100000000000016e+01 -1.124742612000726538e+01
1.545599999999999952e+01 -1.132307151468066486e+01
1.700199999999999889e+01 -1.139900320586301419e+01
1.870200000000000173e+01 -1.147549192478268587e+01
2.057199999999999918e+01 -1.155288106408606374e+01
2.262999999999999901e+01 -1.163148943047296413e+01
2.489300000000000068e+01 -1.171157666764799288e+01
2.738200000000000145e+01 -1.179350852845234954e+01
3.012000000000000099e+01 -1.187762912439099949e+01
3.313199999999999790e+01 -1.196432106251800498e+01
3.644500000000000028e+01 -1.205390089391893582e+01
4.009000000000000341e+01 -1.214669190289313505e+01
4.409899999999999665e+01 -1.224298769876131132e+01
4.850900000000000034e+01 -1.234310364033955665e+01
5.335900000000000176e+01 -1.244730583214945341e+01
5.869500000000000028e+01 -1.255598536209540583e+01
6.456499999999999773e+01 -1.266940068618155379e+01
7.102100000000000080e+01 -1.278775323053950963e+01
7.812399999999999523e+01 -1.291139038783282267e+01
8.593600000000000705e+01 -1.304054516994072976e+01
9.453000000000000114e+01 -1.317546040280019604e+01
1.039830000000000041e+02 -1.331638572220804129e+01
1.143810000000000002e+02 -1.346341739436877916e+01
1.258190000000000026e+02 -1.361662281465345181e+01
1.384010000000000105e+02 -1.377597162621713167e+01
1.522410000000000139e+02 -1.394153533868817618e+01
1.674650000000000034e+02 -1.411358120528410431e+01
1.842110000000000127e+02 -1.429283467672925134e+01
2.026330000000000098e+02 -1.448030062889990077e+01
2.228959999999999866e+02 -1.467741632957884867e+01
2.451850000000000023e+02 -1.488581881186491351e+01
2.697040000000000077e+02 -1.510723319368837636e+01
2.966739999999999782e+02 -1.534355698043307292e+01
3.263419999999999845e+02 -1.559705438500267327e+01
3.589759999999999991e+02 -1.587002848934552013e+01
3.948729999999999905e+02 -1.616561764459603268e+01
