# # theta [arcmin], log_e(xip)
5.000000000000000000e-01 -8.738956445778731208e+00
5.500000000000000444e-01 -8.783045933552626749e+00
6.049999999999999822e-01 -8.829200060777537828e+00
6.660000000000000364e-01 -8.877885479802278823e+00
7.319999999999999840e-01 -8.927968373043297490e+00
8.050000000000000488e-01 -8.980606584053616004e+00
8.860000000000000098e-01 -9.036041746330788271e+00
9.739999999999999769e-01 -9.093156626969685519e+00
1.072000000000000064e+00 -9.153415763244296954e+00
1.179000000000000048e+00 -9.215675578915844213e+00
1.296999999999999931e+00 -9.280569507322489642e+00
1.427000000000000046e+00 -9.348024145241405236e+00
1.568999999999999950e+00 -9.417434039520403033e+00
1.725999999999999979e+00 -9.489600277322129074e+00
1.899000000000000021e+00 -9.564218231405593684e+00
2.088999999999999968e+00 -9.640965300549321881e+00
2.297000000000000153e+00 -9.719475924717118076e+00
2.527000000000000135e+00 -9.800381295811808613e+00
2.779999999999999805e+00 -9.883077462723845130e+00
3.057999999999999829e+00 -9.967281177844164120e+00
3.363999999999999879e+00 -1.005292860674765798e+01
3.700000000000000178e+00 -1.013960540730338877e+01
4.070000000000000284e+00 -1.022729958876503176e+01
4.477000000000000313e+00 -1.031564228637918568e+01
4.924999999999999822e+00 -1.040443611545986435e+01
5.416999999999999815e+00 -1.049325141079743595e+01
5.958999999999999631e+00 -1.058216551888231471e+01
6.554999999999999716e+00 -1.067086486655733779e+01
7.209999999999999964e+00 -1.075912589827339794e+01
7.932000000000000384e+00 -1.084712121850200717e+01
8.724999999999999645e+00 -1.093448343661333766e+01
9.596999999999999531e+00 -1.102134871784861403e+01
1.055700000000000038e+01 -1.110793513621861450e+01
1.161299999999999955e+01 -1.119434228768475670e+01
1.277399999999999913e+01 -1.128066757571192191e+01
1.405100000000000016e+01 -1.136718577282158016e+01
1.545599999999999952e+01 -1.145420854401144517e+01
1.700199999999999889e+01 -1.154204659900247698e+01
1.870200000000000173e+01 -1.163102252492708111e+01
2.057199999999999918e+01 -1.172153502331100405e+01
2.262999999999999901e+01 -1.181393934569788051e+01
2.489300000000000068e+01 -1.190851871065032519e+01
2.738200000000000145e+01 -1.200567691514017987e+01
3.012000000000000099e+01 -1.210578360810597509e+01
3.313199999999999790e+01 -1.220925951821883970e+01
3.644500000000000028e+01 -1.231643721616871900e+01
4.009000000000000341e+01 -1.242765616432813225e+01
4.409899999999999665e+01 -1.254322147098599949e+01
4.850900000000000034e+01 -1.266345766536216289e+01
5.335900000000000176e+01 -1.278862917148472000e+01
5.869500000000000028e+01 -1.291916991225782319e+01
6.456499999999999773e+01 -1.305534512085354493e+01
7.102100000000000080e+01 -1.319733964949828220e+01
7.812399999999999523e+01 -1.334556193023109394e+01
8.593600000000000705e+01 -1.350029041289090692e+01
9.453000000000000114e+01 -1.366181312369440981e+01
1.039830000000000041e+02 -1.383050328937821227e+01
1.143810000000000002e+02 -1.400657070526535541e+01
1.258190000000000026e+02 -1.419028284687707142e+01
1.384010000000000105e+02 -1.438179462956684596e+01
1.522410000000000139e+02 -1.458138887433686826e+01
1.674650000000000034e+02 -1.478942722471401439e+01
1.842110000000000127e+02 -1.500662110359993839e+01
2.026330000000000098e+02 -1.523364982847849625e+01
2.228959999999999866e+02 -1.547193630973142575e+01
2.451850000000000023e+02 -1.572364160941792122e+01
2.697040000000000077e+02 -1.599167976360458709e+01
2.966739999999999782e+02 -1.628002087438148848e+01
3.263419999999999845e+02 -1.659457266743732617e+01
3.589759999999999991e+02 -1.694245212230931941e+01
3.948729999999999905e+02 -1.733520300371490208e+01
