# # theta [arcmin], log_e(xim)
5.000000000000000000e-01 -1.200640392460416628e+01
5.500000000000000444e-01 -1.197318218999318340e+01
6.049999999999999822e-01 -1.194058618327567167e+01
6.660000000000000364e-01 -1.190845410370743274e+01
7.319999999999999840e-01 -1.187759629094212244e+01
8.050000000000000488e-01 -1.184733359332935976e+01
8.860000000000000098e-01 -1.181770093400023747e+01
9.739999999999999769e-01 -1.178942680870332538e+01
1.072000000000000064e+00 -1.176192889423903409e+01
1.179000000000000048e+00 -1.173590577960826842e+01
1.296999999999999931e+00 -1.171115447710208279e+01
1.427000000000000046e+00 -1.168779970201948615e+01
1.568999999999999950e+00 -1.166615287114580646e+01
1.725999999999999979e+00 -1.164610240613437853e+01
1.899000000000000021e+00 -1.162790206734701748e+01
2.088999999999999968e+00 -1.161178316980718250e+01
2.297000000000000153e+00 -1.159786655013003376e+01
2.527000000000000135e+00 -1.158613162849100142e+01
2.779999999999999805e+00 -1.157681481020141590e+01
3.057999999999999829e+00 -1.157008805528948692e+01
3.363999999999999879e+00 -1.156610717286766743e+01
3.700000000000000178e+00 -1.156503582991113355e+01
4.070000000000000284e+00 -1.156694003762646616e+01
4.477000000000000313e+00 -1.157191885546819421e+01
4.924999999999999822e+00 -1.158010726315521666e+01
5.416999999999999815e+00 -1.159160802306672444e+01
5.958999999999999631e+00 -1.160658163340583116e+01
6.554999999999999716e+00 -1.162509947317349734e+01
7.209999999999999964e+00 -1.164713240000786776e+01
7.932000000000000384e+00 -1.167277924325834704e+01
8.724999999999999645e+00 -1.170198370232741247e+01
9.596999999999999531e+00 -1.173479582713382996e+01
1.055700000000000038e+01 -1.177129057671950818e+01
1.161299999999999955e+01 -1.181140670576914253e+01
1.277399999999999913e+01 -1.185498558477148379e+01
1.405100000000000016e+01 -1.190197057218229126e+01
1.545599999999999952e+01 -1.195230041789191056e+01
1.700199999999999889e+01 -1.200586844067603032e+01
1.870200000000000173e+01 -1.206254909124423591e+01
2.057199999999999918e+01 -1.212216523085119313e+01
2.262999999999999901e+01 -1.218447809527557801e+01
2.489300000000000068e+01 -1.224921858832760257e+01
2.738200000000000145e+01 -1.231617951845296410e+01
3.012000000000000099e+01 -1.238509501064702967e+01
3.313199999999999790e+01 -1.245572805075119049e+01
3.644500000000000028e+01 -1.252768358037539720e+01
4.009000000000000341e+01 -1.260056428300489095e+01
4.409899999999999665e+01 -1.267397416575604474e+01
4.850900000000000034e+01 -1.274751006574156342e+01
5.335900000000000176e+01 -1.282069556297793333e+01
5.869500000000000028e+01 -1.289317016226357282e+01
6.456499999999999773e+01 -1.296438489013137563e+01
7.102100000000000080e+01 -1.303381372583261033e+01
7.812399999999999523e+01 -1.310111669521825739e+01
8.593600000000000705e+01 -1.316594699419551162e+01
9.453000000000000114e+01 -1.322797670279362059e+01
1.039830000000000041e+02 -1.328698510446733572e+01
1.143810000000000002e+02 -1.334278563479985102e+01
1.258190000000000026e+02 -1.339561539897170661e+01
1.384010000000000105e+02 -1.344602778555178091e+01
1.522410000000000139e+02 -1.349491076764261521e+01
1.674650000000000034e+02 -1.354325384703023261e+01
1.842110000000000127e+02 -1.359185753645204819e+01
2.026330000000000098e+02 -1.364075421201830096e+01
2.228959999999999866e+02 -1.368909202686922377e+01
2.451850000000000023e+02 -1.373516174330010919e+01
2.697040000000000077e+02 -1.377697373245500145e+01
2.966739999999999782e+02 -1.381324612373177629e+01
3.263419999999999845e+02 -1.384381600398497980e+01
3.589759999999999991e+02 -1.386958086257263645e+01
3.948729999999999905e+02 -1.389251698813046865e+01
