# # theta [arcmin], log_e(xim)
5.000000000000000000e-01 -1.165439502449401488e+01
5.500000000000000444e-01 -1.163331366612534090e+01
6.049999999999999822e-01 -1.161376709507716498e+01
6.660000000000000364e-01 -1.159577362925965716e+01
7.319999999999999840e-01 -1.157984837316731053e+01
8.050000000000000488e-01 -1.156568836501516273e+01
8.860000000000000098e-01 -1.155344771275235871e+01
9.739999999999999769e-01 -1.154354293240006157e+01
1.072000000000000064e+00 -1.153589249972675290e+01
1.179000000000000048e+00 -1.153085860684375774e+01
1.296999999999999931e+00 -1.152847168363953223e+01
1.427000000000000046e+00 -1.152885791507294577e+01
1.568999999999999950e+00 -1.153213438054809536e+01
1.725999999999999979e+00 -1.153849294514566637e+01
1.899000000000000021e+00 -1.154809305911888373e+01
2.088999999999999968e+00 -1.156105734085894277e+01
2.297000000000000153e+00 -1.157736169800607229e+01
2.527000000000000135e+00 -1.159723130522731971e+01
2.779999999999999805e+00 -1.162066859457750034e+01
3.057999999999999829e+00 -1.164772188597728686e+01
3.363999999999999879e+00 -1.167850117932512966e+01
3.700000000000000178e+00 -1.171297621930226462e+01
4.070000000000000284e+00 -1.175116755268567026e+01
4.477000000000000313e+00 -1.179298148978195648e+01
4.924999999999999822e+00 -1.183841519074807991e+01
5.416999999999999815e+00 -1.188730827175697335e+01
5.958999999999999631e+00 -1.193974409539076831e+01
6.554999999999999716e+00 -1.199552715762136401e+01
7.209999999999999964e+00 -1.205437027465253408e+01
7.932000000000000384e+00 -1.211626905373640106e+01
8.724999999999999645e+00 -1.218078645304564844e+01
9.596999999999999531e+00 -1.224775959735149833e+01
1.055700000000000038e+01 -1.231704755913248661e+01
1.161299999999999955e+01 -1.238829860689351747e+01
1.277399999999999913e+01 -1.246105831887766158e+01
1.405100000000000016e+01 -1.253503431718726446e+01
1.545599999999999952e+01 -1.260991317398277189e+01
1.700199999999999889e+01 -1.268532143991687100e+01
1.870200000000000173e+01 -1.276089021335731033e+01
2.057199999999999918e+01 -1.283624953398114066e+01
2.262999999999999901e+01 -1.291102240329292705e+01
2.489300000000000068e+01 -1.298483305367358298e+01
2.738200000000000145e+01 -1.305745429993123707e+01
3.012000000000000099e+01 -1.312867626179436797e+01
3.313199999999999790e+01 -1.319840891773923097e+01
3.644500000000000028e+01 -1.326651612025088234e+01
4.009000000000000341e+01 -1.333298379649760967e+01
4.409899999999999665e+01 -1.339788897347447083e+01
4.850900000000000034e+01 -1.346138435931909960e+01
5.335900000000000176e+01 -1.352367935507130348e+01
5.869500000000000028e+01 -1.358515547238360632e+01
6.456499999999999773e+01 -1.364611299063367333e+01
7.102100000000000080e+01 -1.370687321696760286e+01
7.812399999999999523e+01 -1.376794209214540921e+01
8.593600000000000705e+01 -1.382978140381513654e+01
9.453000000000000114e+01 -1.389283986690266559e+01
1.039830000000000041e+02 -1.395759441890719899e+01
1.143810000000000002e+02 -1.402439007603020116e+01
1.258190000000000026e+02 -1.409362639972255060e+01
1.384010000000000105e+02 -1.416565657608531126e+01
1.522410000000000139e+02 -1.424086270893151074e+01
1.674650000000000034e+02 -1.431961498632034946e+01
1.842110000000000127e+02 -1.440227580469158930e+01
2.026330000000000098e+02 -1.448905885747309163e+01
2.228959999999999866e+02 -1.458019305356918061e+01
2.451850000000000023e+02 -1.467579555396543611e+01
2.697040000000000077e+02 -1.477582528028044351e+01
2.966739999999999782e+02 -1.488018355566883777e+01
3.263419999999999845e+02 -1.498876180588865559e+01
3.589759999999999991e+02 -1.510131110663861875e+01
3.948729999999999905e+02 -1.521777008685565491e+01
